t,y1
0,0
0.01,0.756773850527106
0.02,0.693204812876648
0.03,0.635024137101304
0.04,0.581854574949626
0.05,0.533259801105759
0.06,0.488853313706275
0.07,0.448256310187836
0.08,0.411141915982573
0.09,0.377220724610946
0.1,0.346205926840189
0.11,0.31785984283167
0.12,0.292001146588361
0.13,0.268351975123815
0.14,0.246713971324507
0.15,0.226985318272725
0.16,0.208912621811061
0.17,0.19237452532739
0.18,0.17728984323542
0.19,0.163457261577328
0.2,0.150815120333977
0.21,0.139273907219739
0.22,0.128688526250531
0.23,0.119032287264351
0.24,0.110207290732601
0.25,0.102112760401068
0.26,0.0947426871443642
0.27,0.0879982571060712
0.28,0.0818170029005082
0.29,0.0761884059891917
0.3,0.0710355634355987
0.31,0.0663140445389446
0.32,0.0620138676111295
0.33,0.0580754378354782
0.34,0.0544682839456236
0.35,0.0511817530084845
0.36,0.0481706641727803
0.37,0.0454147847703639
0.38,0.0429027360336676
0.39,0.0406007546709928
0.4,0.0384957503138109
0.41,0.0365759065011873
0.42,0.0348162061632645
0.43,0.0332095902557826
0.44,0.031744085417415
0.45,0.0304005515951309
0.46,0.0291718557547899
0.47,0.0280523482111738
0.48,0.0270260453362535
0.49,0.0260859248106872
0.5,0.0252301836180714
0.51,0.0244459549988054
0.52,0.023726710229516
0.53,0.023072526067798
0.54,0.0224733332439642
0.55,0.0219233666355333
0.56,0.0214233962629672
0.57,0.0209656679775634
0.58,0.020545272775567
0.59,0.020164554306048
0.6,0.019816381720982
0.61,0.019496885434717
0.62,0.019203284590908
0.63,0.0189376529205771
0.64,0.0186943170822094
0.65,0.0184704523798125
0.66,0.0182651268018558
0.67,0.0180791249773092
0.68,0.0179085525728564
0.69,0.0177514372711442
0.7,0.0176079505193345
0.71,0.0174776224431567
0.72,0.0173580832849118
0.73,0.0172479627598953
0.74,0.0171479088201374
0.75,0.017056732858424
0.76,0.0169730906466338
0.77,0.0168960099167037
0.78,0.0168271873909866
0.79,0.0167644104774439
0.8,0.0167068980430158
0.81,0.0166538995523411
0.82,0.0166046644700588
0.83,0.0165603108159481
0.84,0.0165204231432462
0.85,0.0164837865919587
0.86,0.0164498996233648
0.87,0.0164182606987435
0.88,0.0163890932259842
0.89,0.0163633444175938
0.9,0.0163396872092375
0.91,0.016317822325718
0.92,0.0162974504918377
0.93,0.0162783031143409
0.94,0.0162615817859643
0.95,0.0162462544920875
0.96,0.0162321478429064
0.97,0.0162190884486167
0.98,0.0162069029194143
0.99,0.0161959540220367
1,0.0161861039619642
1.01,0.0161770760241512
1.02,0.0161687634925641
1.03,0.0161610596511696
1.04,0.0161541493505485
1.05,0.0161482747759558
1.06,0.0161429646897693
1.07,0.0161381391886397
1.08,0.0161337183692179
1.09,0.0161296223281547
1.1,0.0161257711621009
1.11,0.0161220849677074
1.12,0.016118483841625
1.13,0.0161153647499819
1.14,0.016112932846
1.15,0.0161107068110983
1.16,0.0161086414535711
1.17,0.0161066915817124
1.18,0.0161048120038163
1.19,0.0161029575281769
1.2,0.0161010829630883
1.21,0.0160991431168447
1.22,0.0160975407232463
1.23,0.0160963179429832
1.24,0.0160951756521506
1.25,0.0160940955047033
1.26,0.0160930591545964
1.27,0.0160920482557847
1.28,0.0160910444622233
1.29,0.0160900294278672
1.3,0.0160889848066712
1.31,0.0160881409306729
1.32,0.0160874559451478
1.33,0.016086819705138
1.34,0.0160862264772275
1.35,0.0160856705280002
1.36,0.0160851461240401
1.37,0.0160846475319309
1.38,0.0160841690182567
1.39,0.0160837048496013
1.4,0.0160833230635252
1.41,0.0160829948487953
1.42,0.0160826982479304
1.43,0.0160824307584056
1.44,0.0160821898776957
1.45,0.0160819731032755
1.46,0.0160817779326201
1.47,0.0160816018632042
1.48,0.0160814423925027
1.49,0.0160811563424491
1.5,0.0160808646134226
1.51,0.0160805910184062
1.52,0.0160803355574
1.53,0.0160800982304039
1.54,0.016079879037418
1.55,0.0160796779784422
1.56,0.0160794950534767
1.57,0.0160793302625212
1.58,0.016079183605576
1.59,0.0160790550826409
1.6,0.0160789446937159
1.61,0.0160788524388011
1.62,0.0160787783178965
1.63,0.016078722331002
1.64,0.0160786844781177
1.65,0.0160786647592436
1.66,0.0160786631743796
1.67,0.0160786797235257
1.68,0.0160787144066821
1.69,0.0160787672238485
1.7,0.0160788381750252
1.71,0.016078927260212
1.72,0.0160790344794089
1.73,0.0160791598326161
1.74,0.0160793033198333
1.75,0.016079359146703
1.76,0.0160794013093302
1.77,0.016079444653211
1.78,0.0160794891783454
1.79,0.0160795348847335
1.8,0.0160795817723752
1.81,0.0160796298412705
1.82,0.0160796790914194
1.83,0.016079729522822
1.84,0.0160797811354782
1.85,0.016079833929388
1.86,0.0160798879045514
1.87,0.0160799430609685
1.88,0.0160799921452921
1.89,0.0160800266813486
1.9,0.016080057149596
1.91,0.0160800835500345
1.92,0.016080105882664
1.93,0.0160801241474845
1.94,0.016080138344496
1.95,0.0160801492771387
1.96,0.0160801582813236
1.97,0.0160801643131451
1.98,0.0160801673726034
1.99,0.0160801686230043
2,0.0160801691489915
2.01,0.0131454950502934
2.02,0.0105320247666317
2.03,0.0084381546845292
2.04,0.00676060949043341
2.05,0.00541666867234331
2.06,0.00434004746776551
2.07,0.00347732384782333
2.08,0.0027870545969271
2.09,0.00223431731216513
2.1,0.00179110297091349
2.11,0.00143556227960192
2.12,0.00115044319176293
2.13,0.000921971968795693
2.14,0.000738952424165796
2.15,0.000592254613765558
2.16,0.000474669212966076
2.17,0.00038041552558075
2.18,0.000304867655212363
2.19,0.000244318900856317
2.2,0.000195802645371095
2.21,0.000157152923119767
2.22,0.000126066546048357
2.23,0.000101129150510821
2.24,8.11659063511969e-05
2.25,6.50476427348722e-05
2.26,5.21600127743742e-05
2.27,4.18128374636275e-05
2.28,3.35193343848505e-05
2.29,2.70167029500567e-05
2.3,2.17074596517981e-05
2.31,1.7530050968783e-05
2.32,1.4135693727345e-05
2.33,1.13588099006328e-05
2.34,9.16176987991077e-06
2.35,7.3223680443215e-06
2.36,5.89040130023224e-06
2.37,4.70130286403876e-06
2.38,3.76889191581345e-06
2.39,3.0164949049878e-06
2.4,2.44122877564839e-06
2.41,2.01922925035177e-06
2.42,1.67788675461684e-06
2.43,1.37245779240585e-06
2.44,1.13236995862527e-06
2.45,9.75031250155855e-07
2.46,8.33540257151462e-07
2.47,6.83509569726593e-07
2.48,5.50153498584383e-07
2.49,4.66782100347858e-07
2.5,3.8848523529078e-07
2.51,3.06518782681186e-07
2.52,2.30468602605595e-07
2.53,1.8057578173134e-07
2.54,1.37820057915262e-07
2.55,1.0020884338333e-07
2.56,6.85131029074063e-08
2.57,4.66515181176583e-08
2.58,3.05439914954865e-08
2.59,1.94122220996082e-08
2.6,5.56014983918086e-09
2.61,-2.08182699249547e-08
2.62,-4.39479908801966e-08
2.63,-6.3829013026543e-08
2.64,-8.04613363639955e-08
2.65,-9.38449608925528e-08
2.66,-1.03979886612216e-07
2.67,-1.10866113522984e-07
2.68,-1.14503641624858e-07
2.69,-1.14892470917837e-07
2.7,-1.12032601401921e-07
2.71,-1.05924033077111e-07
2.72,-9.65667659434068e-08
2.73,-8.39608000008071e-08
2.74,-6.81061352493127e-08
2.75,-5.12444340425373e-08
2.76,-5.14320713734576e-08
2.77,-5.11182249122332e-08
2.78,-5.0302894658864e-08
2.79,-4.89860806133502e-08
2.8,-4.71677827756917e-08
2.81,-4.48480011458884e-08
2.82,-4.20267357239405e-08
2.83,-3.87039865098478e-08
2.84,-3.48797535036106e-08
2.85,-3.05540367052284e-08
2.86,-2.57268361147018e-08
2.87,-2.03981517320302e-08
2.88,-1.45679835572142e-08
2.89,-8.23633159025317e-09
2.9,-1.40319583114776e-09
2.91,1.67796140434653e-09
2.92,4.01950545754986e-09
2.93,5.99945271608571e-09
2.94,7.6178031799539e-09
2.95,8.87455684915457e-09
2.96,9.76971372368762e-09
2.97,1.03032738035531e-08
2.98,1.0475237088751e-08
2.99,1.02856035792813e-08
3,9.73437327514411e-09
