   95.0999986742407       7.307096176162681E-002
   95.1999986683039       7.307096153150525E-002
   95.2999986623671       7.307096130136849E-002
   95.3999986564303       7.307096107121652E-002
   95.4999986504935       7.307096084104940E-002
   95.5999986445566       7.307096061086708E-002
   95.6999986386198       7.307096038066963E-002
   95.7999986326830       7.307096015045692E-002
   95.8999986267462       7.307095992022899E-002
   95.9999986208094       7.307095968998595E-002
   96.0999986148725       7.307095945972769E-002
   96.1999986089357       7.307095922945427E-002
   96.2999986029989       7.307095899916560E-002
   96.3999985970621       7.307095876886192E-002
   96.4999985911253       7.307095853854285E-002
   96.5999985851885       7.307095830820866E-002
   96.6999985792516       7.307095807785913E-002
   96.7999985733148       7.307095784749462E-002
   96.8999985673780       7.307095761711481E-002
   96.9999985614412       7.307095738671973E-002
   97.0999985555044       7.307095715630950E-002
   97.1999985495676       7.307095692588400E-002
   97.2999985436307       7.307095669544339E-002
   97.3999985376939       7.307095646498757E-002
   97.4999985317571       7.307095623451650E-002
   97.5999985258203       7.307095600403019E-002
   97.6999985198835       7.307095577352868E-002
   97.7999985139466       7.307095554301202E-002
   97.8999985080098       7.307095531248006E-002
   97.9999985020730       7.307095508193294E-002
   98.0999984961362       7.307095485137056E-002
   98.1999984901994       7.307095462079299E-002
   98.2999984842626       7.307095439020017E-002
   98.3999984783257       7.307095415959210E-002
   98.4999984723889       7.307095392896891E-002
   98.5999984664521       7.307095369833032E-002
   98.6999984605153       7.307095346767666E-002
   98.7999984545785       7.307095323700773E-002
   98.8999984486417       7.307095300632357E-002
   98.9999984427048       7.307095277562418E-002
   99.0999984367680       7.307095254490957E-002
   99.1999984308312       7.307095231417964E-002
   99.2999984248944       7.307095208343446E-002
   99.3999984189576       7.307095185267412E-002
   99.4999984130207       7.307095162189849E-002
   99.5999984070839       7.307095139110777E-002
   99.6999984011471       7.307095116030148E-002
   99.7999983952103       7.307095092948021E-002
   99.8999983892735       7.307095069864358E-002
   99.9999983833367       7.307095046779168E-002
   100.099998377400       7.455352131831632E-002
   100.199998371463       7.826751303347577E-002
   100.299998365526       8.408026307173248E-002
   100.399998359589       9.221733723395192E-002
   100.499998353653       0.103196609816500     
   100.599998347716       0.117854980215976     
   100.699998341779       0.137372131241618     
   100.799998335842       0.163173718836583     
   100.899998329905       0.196491529010700     
   100.999998323968       0.237351088681991     
   101.099998318032       0.283233322093629     
   101.199998312095       0.328623760146989     
   101.299998306158       0.366647458047980     
   101.399998300221       0.391941846522475     
   101.499998294284       0.402480906648674     
   101.599998288348       0.399394491646406     
   101.699998282411       0.385649584717105     
   101.799998276474       0.364727945208469     
   101.899998270537       0.339797192203657     
   101.999998264600       0.313359513657047     
   102.099998258663       0.287198120541038     
   102.199998252727       0.262464107595125     
   102.299998246790       0.239809995056887     
   102.399998240853       0.219524681384407     
   102.499998234916       0.201651050981893     
   102.599998228979       0.186079854041466     
   102.699998223043       0.172619276281916     
   102.799998217106       0.161042728981729     
   102.899998211169       0.151119025854127     
   102.999998205232       0.142629564631182     
   103.099998199295       0.135376704264375     
   103.199998193358       0.129186650758515     
   103.299998187422       0.123909209425632     
   103.399998181485       0.119415944856459     
   103.499998175548       0.115597683806231     
   103.599998169611       0.112361887545588     
   103.699998163674       0.109630164039643     
   103.799998157738       0.107336039319298     
   103.899998151801       0.105423023703995     
   103.999998145864       0.103842965501043     
   104.099998139927       0.102554665181409     
   104.199998133990       0.101522716224928     
   104.299998128054       0.100716538614138     
   104.399998122117       0.100109573816675     
   104.499998116180       9.967861412025561E-002
   104.599998110243       9.940324338795381E-002
   104.699998104306       9.926537021907827E-002
   104.799998098369       9.924883794523551E-002
   104.899998092433       9.933909881726972E-002
   104.999998086496       9.952294217213278E-002
   105.099998080559       9.978826835950083E-002
   105.199998074622       0.100123901816285     
   105.299998068685       0.100519437958283     
   105.399998062749       0.100965119562566     
   105.499998056812       0.101451739083870     
   105.599998050875       0.101970563920089     
   105.699998044938       0.102513282046603     
   105.799998039001       0.103071965705302     
   105.899998033064       0.103639050986880     
   105.999998027128       0.104207331209926     
   106.099998021191       0.104769962002110     
   106.199998015254       0.105320475951464     
   106.299998009317       0.105852804644257     
   106.399998003380       0.106361305862855     
   106.499997997444       0.106840793703056     
   106.599997991507       0.107286569403310     
   106.699997985570       0.107694450770294     
   106.799997979633       0.108060798244575     
   106.899997973696       0.108382535876398     
   106.999997967759       0.108657165770870     
   107.099997961823       0.108882774902238     
   107.199997955886       0.109058033572958     
   107.299997949949       0.109182185186182     
   107.399997944012       0.109255027388816     
   107.499997938075       0.109276885007357     
   107.599997932139       0.109248575521072     
   107.699997926202       0.109171368083279     
   107.799997920265       0.109046937300722     
   107.899997914328       0.108877313108767     
   107.999997908391       0.108664828136167     
   108.099997902454       0.108412063941774     
   108.199997896518       0.108121797435379     
   108.299997890581       0.107796948675520     
   108.399997884644       0.107440531082196     
   108.499997878707       0.107055604923413     
   108.599997872770       0.106645234743570     
   108.699997866834       0.106212451211221     
   108.799997860897       0.105760217679547     
   108.899997854960       0.105291401586154     
   108.999997849023       0.104808750670932     
   109.099997843086       0.104314873866910     
   109.199997837149       0.103812226619203     
   109.299997831213       0.103303100312030     
   109.399997825276       0.102789615431216     
   109.499997819339       0.102273718057483     
   109.599997813402       0.101757179271938     
   109.699997807465       0.101241597055990     
   109.799997801529       0.100728400280518     
   109.899997795592       0.100218854401233     
   109.999997789655       9.971406850513866E-002
   110.099997783718       9.921500338570133E-002
   110.199997777781       9.872248035884566E-002
   110.299997771844       9.823719056735611E-002
   110.399997765908       9.775970455599202E-002
   110.499997759971       9.729048193275937E-002
   110.599997754034       9.682988096299264E-002
   110.699997748097       9.637816797124753E-002
   110.799997742160       9.593552645162752E-002
   110.899997736224       9.550206580993240E-002
   110.999997730287       9.507782968072508E-002
   111.099997724350       9.466280377951880E-002
   111.199997718413       9.425692326468810E-002
   111.299997712476       9.386007959576373E-002
   111.399997706539       9.347212688468577E-002
   111.499997700603       9.309288774456488E-002
   111.599997694666       9.272215864685190E-002
   111.699997688729       9.235971480260766E-002
   111.799997682792       9.200531458736347E-002
   111.899997676855       9.165870353146284E-002
   111.999997670919       9.131961789963751E-002
   112.099997664982       9.098778788453019E-002
   112.199997659045       9.066294043935005E-002
   112.299997653108       9.034480177475712E-002
   112.399997647171       9.003309954480093E-002
   112.499997641234       8.972756474592947E-002
   112.599997635298       8.942793335236850E-002
   112.699997629361       8.913394771007918E-002
   112.799997623424       8.884535771040834E-002
   112.899997617487       8.856192176341988E-002
   112.999997611550       8.828340758966083E-002
   113.099997605614       8.800959284793762E-002
   113.199997599677       8.774026561556642E-002
   113.299997593740       8.747522473618703E-002
   113.399997587803       8.721428004953015E-002
   113.499997581866       8.695725251599017E-002
   113.599997575929       8.670397424823222E-002
   113.699997569993       8.645428846091843E-002
   113.799997564056       8.620804934862231E-002
   113.899997558119       8.596512190152755E-002
   113.999997552182       8.572538166733207E-002
   114.099997546245       8.548871446722626E-002
   114.199997540309       8.525501607308908E-002
   114.299997534372       8.502419185239111E-002
   114.399997528435       8.479615638669886E-002
   114.499997522498       8.457083306916907E-002
   114.599997516561       8.434815368572199E-002
   114.699997510624       8.412805798443471E-002
   114.799997504688       8.391049323691431E-002
   114.899997498751       8.369541379520827E-002
   114.999997492814       8.348278064734151E-002
   115.099997486877       8.327256097428777E-002
   115.199997480940       8.306472771078607E-002
   115.299997475004       8.285925911216079E-002
   115.399997469067       8.265613832902839E-002
   115.499997463130       8.245535299150117E-002
   115.599997457193       8.225689480427971E-002
   115.699997451256       8.206075915382322E-002
   115.799997445319       8.186694472856895E-002
   115.899997439383       8.167545315301307E-002
   115.999997433446       8.148628863629900E-002
   116.099997427509       8.129945763580075E-002
   116.199997421572       8.111496853608520E-002
   116.299997415635       8.093283134347552E-002
   116.399997409699       8.075305739636991E-002
   116.499997403762       8.057565909134887E-002
   116.599997397825       8.040064962501835E-002
   116.699997391888       8.022804275147020E-002
   116.799997385951       8.005785255518406E-002
   116.899997380014       7.989009323909080E-002
   116.999997374078       7.972477892752275E-002
   117.099997368141       7.956192348368904E-002
   117.199997362204       7.940154034132091E-002
   117.299997356267       7.924364235003392E-002
   117.399997350330       7.908824163400487E-002
   117.499997344394       7.893534946347905E-002
   117.599997338457       7.878497613865273E-002
   117.699997332520       7.863713088544405E-002
   117.799997326583       7.849182176262218E-002
   117.899997320646       7.834905557985476E-002
   117.999997314709       7.820883782612939E-002
   118.099997308773       7.807117260806654E-002
   118.199997302836       7.793606259762326E-002
   118.299997296899       7.780350898872093E-002
   118.399997290962       7.767351146226256E-002
   118.499997285025       7.754606815913871E-002
   118.599997279089       7.742117566070167E-002
   118.699997273152       7.729882897628305E-002
   118.799997267215       7.717902153730864E-002
   118.899997261278       7.706174519764974E-002
   118.999997255341       7.694699023958236E-002
   119.099997249404       7.683474538526443E-002
   119.199997243468       7.672499781316304E-002
   119.299997237531       7.661773317906263E-002
   119.399997231594       7.651293564135780E-002
   119.499997225657       7.641058789025705E-002
   119.599997219720       7.631067118059685E-002
   119.699997213784       7.621316536791670E-002
   119.799997207847       7.611804894754373E-002
   119.899997201910       7.602529909637405E-002
   119.999997195973       7.593489171708535E-002
   120.099997190036       7.584680148452282E-002
   120.199997184100       7.576100189401626E-002
   120.299997178163       7.567746531140258E-002
   120.399997172226       7.559616302451216E-002
   120.499997166289       7.551706529592664E-002
   120.599997160352       7.544014141680053E-002
   120.699997154415       7.536535976155756E-002
   120.799997148479       7.529268784328635E-002
   120.899997142542       7.522209236965433E-002
   120.999997136605       7.515353929919630E-002
   121.099997130668       7.508699389780170E-002
   121.199997124731       7.502242079529109E-002
   121.299997118795       7.495978404188366E-002
   121.399997112858       7.489904716450323E-002
   121.499997106921       7.484017322274107E-002
   121.599997100984       7.478312486438422E-002
   121.699997095047       7.472786438039485E-002
   121.799997089110       7.467435375923628E-002
   121.899997083174       7.462255474047076E-002
   121.999997077237       7.457242886746770E-002
   122.099997071300       7.452393753923607E-002
   122.199997065363       7.447704206121689E-002
   122.299997059426       7.443170369500340E-002
   122.399997053490       7.438788370690474E-002
   122.499997047553       7.434554341527071E-002
   122.599997041616       7.430464423655828E-002
   122.699997035679       7.426514773002425E-002
   122.799997029742       7.422701564104510E-002
   122.899997023805       7.419020994298024E-002
   122.999997017869       7.415469287755007E-002
   123.099997011932       7.412042699367465E-002
   123.199997005995       7.408737518475891E-002
   123.299997000058       7.405550072436178E-002
   123.399996994121       7.402476730024471E-002
   123.499996988185       7.399513904676897E-002
   123.599996982248       7.396658057560915E-002
   123.699996976311       7.393905700479395E-002
   123.799996970374       7.391253398601816E-002
   123.899996964437       7.388697773025517E-002
   123.999996958500       7.386235503165847E-002
   124.099996952564       7.383863328972123E-002
   124.199996946627       7.381578052973739E-002
   124.299996940690       7.379376542153779E-002
   124.399996934753       7.377255729652318E-002
   124.499996928816       7.375212616301509E-002
   124.599996922880       7.373244271991483E-002
   124.699996916943       7.371347836872064E-002
   124.799996911006       7.369520522390333E-002
   124.899996905069       7.367759612167905E-002
   124.999996899132       7.366062462720090E-002
   125.099996893195       7.364426504019760E-002
   125.199996887259       7.362849239911402E-002
   125.299996881322       7.361328248376543E-002
   125.399996875385       7.359861181655751E-002
   125.499996869448       7.358445766231367E-002
   125.599996863511       7.357079802676784E-002
   125.699996857575       7.355761165372865E-002
   125.799996851638       7.354487802102654E-002
   125.899996845701       7.353257733522217E-002
   125.999996839764       7.352069052519858E-002
   126.099996833827       7.350919923463228E-002
   126.199996827890       7.349808581344225E-002
   126.299996821954       7.348733330823946E-002
   126.399996816017       7.347692545185372E-002
   126.499996810080       7.346684665199710E-002
   126.599996804143       7.345708197910152E-002
   126.699996798206       7.344761715341297E-002
   126.799996792270       7.343843853138224E-002
   126.899996786333       7.342953309143074E-002
   126.999996780396       7.342088841912058E-002
   127.099996774459       7.341249269181868E-002
   127.199996768522       7.340433466288833E-002
   127.299996762585       7.339640364548121E-002
   127.399996756649       7.338868949596952E-002
   127.499996750712       7.338118259709113E-002
   127.599996744775       7.337387384084398E-002
   127.699996738838       7.336675461119811E-002
   127.799996732901       7.335981676665761E-002
   127.899996726965       7.335305262274298E-002
   127.999996721028       7.334645493442322E-002
   128.099996715091       7.334001687855195E-002
   128.199996709154       7.333373203635589E-002
   128.299996703217       7.332759437600568E-002
   128.399996697280       7.332159823532047E-002
   128.499996691344       7.331573830463760E-002
   128.599996685407       7.331000960988646E-002
   128.699996679470       7.330440749590135E-002
   128.799996673533       7.329892760999834E-002
   128.899996667596       7.329356588585616E-002
   128.999996661660       7.328831852771969E-002
   129.099996655723       7.328318199495221E-002
   129.199996649786       7.327815298696845E-002
   129.299996643849       7.327322842855447E-002
   129.399996637912       7.326840545560216E-002
   129.499996631975       7.326368140127816E-002
   129.599996626039       7.325905378263162E-002
   129.699996620102       7.325452028765853E-002
   129.799996614165       7.325007876283625E-002
   129.899996608228       7.324572720112776E-002
   129.999996602291       7.324146373047330E-002
   130.099996596355       7.323728660276184E-002
   130.199996590418       7.323319418329763E-002
   130.299996584481       7.322918494075377E-002
   130.399996578544       7.322525743761839E-002
   130.499996572607       7.322141032112559E-002
   130.599996566670       7.321764231467583E-002
   130.699996560734       7.321395220973584E-002
   130.799996554797       7.321033885821239E-002
   130.899996548860       7.320680116529311E-002
   130.999996542923       7.320333808274899E-002
   131.099996536986       7.319994860268751E-002
   131.199996531050       7.319663175174376E-002
   131.299996525113       7.319338658570169E-002
   131.399996519176       7.319021218453721E-002
   131.499996513239       7.318710764786128E-002
   131.599996507302       7.318407209075753E-002
   131.699996501365       7.318110463999866E-002
   131.799996495429       7.317820443062699E-002
   131.899996489492       7.317537060288945E-002
   131.999996483555       7.317260229950234E-002
   132.099996477618       7.316989866323668E-002
   132.199996471681       7.316725883482103E-002
   132.299996465745       7.316468195112062E-002
   132.399996459808       7.316216714359279E-002
   132.499996453871       7.315971353702300E-002
   132.599996447934       7.315732024847127E-002
   132.699996441997       7.315498638647919E-002
   132.799996436060       7.315271105048025E-002
   132.899996430124       7.315049333039877E-002
   132.999996424187       7.314833230646232E-002
   133.099996418250       7.314622704915054E-002
   133.199996412313       7.314417661933824E-002
   133.299996406376       7.314218006854598E-002
   133.399996400440       7.314023643935813E-002
   133.499996394503       7.313834476591928E-002
   133.599996388566       7.313650407458060E-002
   133.699996382629       7.313471338459178E-002
   133.799996376692       7.313297170892540E-002
   133.899996370756       7.313127805511928E-002
   133.999996364819       7.312963142623745E-002
   134.099996358882       7.312803082181926E-002
   134.199996352945       7.312647523892878E-002
   134.299996347008       7.312496367319721E-002
   134.399996341071       7.312349511988854E-002
   134.499996335135       7.312206857502401E-002
   134.599996329198       7.312068303644634E-002
   134.699996323261       7.311933750494402E-002
   134.799996317324       7.311803098535269E-002
   134.899996311387       7.311676248760635E-002
   134.999996305451       7.311553102784188E-002
   135.099996299514       7.311433562943037E-002
   135.199996293577       7.311317532397259E-002
   135.299996287640       7.311204915231799E-002
   135.399996281703       7.311095616550517E-002
   135.499996275766       7.310989542565127E-002
   135.599996269830       7.310886600684988E-002
   135.699996263893       7.310786699599972E-002
   135.799996257956       7.310689749357006E-002
   135.899996252019       7.310595661431997E-002
   135.999996246082       7.310504348802424E-002
   136.099996240146       7.310415726008582E-002
   136.199996234209       7.310329709210164E-002
   136.299996228272       7.310246216240132E-002
   136.399996222335       7.310165166654850E-002
   136.499996216398       7.310086481775113E-002
   136.599996210461       7.310010084722550E-002
   136.699996204525       7.309935900451521E-002
   136.799996198588       7.309863855779508E-002
   136.899996192651       7.309793879407948E-002
   136.999996186714       7.309725901939119E-002
   137.099996180777       7.309659855887600E-002
   137.199996174841       7.309595675689352E-002
   137.299996168904       7.309533297707507E-002
   137.399996162967       7.309472660230024E-002
   137.499996157030       7.309413703464469E-002
   137.599996151093       7.309356369528747E-002
   137.699996145156       7.309300602438171E-002
   137.799996139220       7.309246348091994E-002
   137.899996133283       7.309193554253385E-002
   137.999996127346       7.309142170525587E-002
   138.099996121409       7.309092148326903E-002
   138.199996115472       7.309043440861322E-002
   138.299996109536       7.308996003086934E-002
   138.399996103599       7.308949791685945E-002
   138.499996097662       7.308904765027882E-002
   138.599996091725       7.308860883132251E-002
   138.699996085788       7.308818107629002E-002
   138.799996079851       7.308776401717965E-002
   138.899996073915       7.308735730126931E-002
   138.999996067978       7.308696059067227E-002
   139.099996062041       7.308657356191192E-002
   139.199996056104       7.308619590548408E-002
   139.299996050167       7.308582732540045E-002
   139.399996044231       7.308546753870182E-002
   139.499996038294       7.308511627501563E-002
   139.599996032357       7.308477327609136E-002
   139.699996026420       7.308443829531650E-002
   139.799996020483       7.308411109727525E-002
   139.899996014546       7.308379145725755E-002
   139.999996008610       7.308347916083609E-002
   140.099996002673       7.308317400340485E-002
   140.199995996736       7.308287578974076E-002
   140.299995990799       7.308258433353294E-002
   140.399995984862       7.308229945698688E-002
   140.499995978926       7.308202099036855E-002
   140.599995972989       7.308174877161067E-002
   140.699995967052       7.308148264589281E-002
   140.799995961115       7.308122246527464E-002
   140.899995955178       7.308096808827905E-002
   140.999995949241       7.308071937953692E-002
   141.099995943305       7.308047620942849E-002
   141.199995937368       7.308023845375027E-002
   141.299995931431       7.308000599337135E-002
   141.399995925494       7.307977871392937E-002
   141.499995919557       7.307955650548395E-002
   141.599995913621       7.307933926226025E-002
   141.699995907684       7.307912688234995E-002
   141.799995901747       7.307891926743902E-002
   141.899995895810       7.307871632256312E-002
   141.999995889873       7.307851795587443E-002
   142.099995883936       7.307832407838188E-002
   142.199995878000       7.307813460377620E-002
   142.299995872063       7.307794944820341E-002
   142.399995866126       7.307776853006639E-002
   142.499995860189       7.307759176987301E-002
   142.599995854252       7.307741909004033E-002
   142.699995848316       7.307725041476006E-002
   142.799995842379       7.307708566984261E-002
   142.899995836442       7.307692478261799E-002
   142.999995830505       7.307676768177598E-002
   143.099995824568       7.307661429728587E-002
   143.199995818631       7.307646456025249E-002
   143.299995812695       7.307631840285768E-002
   143.399995806758       7.307617575827501E-002
   143.499995800821       7.307603656057084E-002
   143.599995794884       7.307590074466229E-002
   143.699995788947       7.307576824624357E-002
   143.799995783011       7.307563900174836E-002
   143.899995777074       7.307551294828218E-002
   143.999995771137       7.307539002361246E-002
   144.099995765200       7.307527016611907E-002
   144.199995759263       7.307515331477019E-002
   144.299995753326       7.307503940909324E-002
   144.399995747390       7.307492838917508E-002
   144.499995741453       7.307482019564976E-002
   144.599995735516       7.307471476966927E-002
   144.699995729579       7.307461205293461E-002
   144.799995723642       7.307451198764704E-002
   144.899995717706       7.307441451654535E-002
   144.999995711769       7.307431958292417E-002
   145.099995705832       7.307422713060845E-002
   145.199995699895       7.307413710394899E-002
   145.299995693958       7.307404944790266E-002
   145.399995688021       7.307396410796514E-002
   145.499995682085       7.307388103024942E-002
   145.599995676148       7.307380016144109E-002
   145.699995670211       7.307372144889064E-002
   145.799995664274       7.307364484056658E-002
   145.899995658337       7.307357028510918E-002
   145.999995652401       7.307349773184264E-002
   146.099995646464       7.307342713072207E-002
   146.199995640527       7.307335843247532E-002
   146.299995634590       7.307329158853479E-002
   146.399995628653       7.307322655104895E-002
   146.499995622716       7.307316327296540E-002
   146.599995616780       7.307310170795783E-002
   146.699995610843       7.307304181052093E-002
   146.799995604906       7.307298353591149E-002
   146.899995598969       7.307292684022564E-002
   146.999995593032       7.307287168039622E-002
   147.099995587096       7.307281801414817E-002
   147.199995581159       7.307276580006561E-002
   147.299995575222       7.307271499757693E-002
   147.399995569285       7.307266556697137E-002
   147.499995563348       7.307261746941082E-002
   147.599995557411       7.307257066689909E-002
   147.699995551475       7.307252512231135E-002
   147.799995545538       7.307248079942293E-002
   147.899995539601       7.307243766285684E-002
   147.999995533664       7.307239567811061E-002
   148.099995527727       7.307235481152764E-002
   148.199995521791       7.307231503032256E-002
   148.299995515854       7.307227630260833E-002
   148.399995509917       7.307223859735491E-002
   148.499995503980       7.307220188426390E-002
   148.599995498043       7.307216613405630E-002
   148.699995492106       7.307213131816137E-002
   148.799995486170       7.307209740882398E-002
   148.899995480233       7.307206437923072E-002
   148.999995474296       7.307203220320967E-002
   149.099995468359       7.307200085545233E-002
   149.199995462422       7.307197031149544E-002
   149.299995456486       7.307194054750352E-002
   149.399995450549       7.307191154047048E-002
   149.499995444612       7.307188326812754E-002
   149.599995438675       7.307185570888965E-002
   149.699995432738       7.307182884188231E-002
   149.799995426802       7.307180264700021E-002
   149.899995420865       7.307177710463265E-002
   149.999995414928       7.307175219602849E-002
