   95.0999986742407        11889.5922041958     
   95.1999986683039        11889.5922041826     
   95.2999986623671        11889.5922041693     
   95.3999986564303        11889.5922041561     
   95.4999986504935        11889.5922041428     
   95.5999986445566        11889.5922041296     
   95.6999986386198        11889.5922041163     
   95.7999986326830        11889.5922041031     
   95.8999986267462        11889.5922040898     
   95.9999986208094        11889.5922040766     
   96.0999986148725        11889.5922040634     
   96.1999986089357        11889.5922040501     
   96.2999986029989        11889.5922040369     
   96.3999985970621        11889.5922040236     
   96.4999985911253        11889.5922040103     
   96.5999985851885        11889.5922039971     
   96.6999985792516        11889.5922039838     
   96.7999985733148        11889.5922039706     
   96.8999985673780        11889.5922039573     
   96.9999985614412        11889.5922039441     
   97.0999985555044        11889.5922039308     
   97.1999985495676        11889.5922039176     
   97.2999985436307        11889.5922039043     
   97.3999985376939        11889.5922038910     
   97.4999985317571        11889.5922038778     
   97.5999985258203        11889.5922038645     
   97.6999985198835        11889.5922038513     
   97.7999985139466        11889.5922038380     
   97.8999985080098        11889.5922038247     
   97.9999985020730        11889.5922038115     
   98.0999984961362        11889.5922037982     
   98.1999984901994        11889.5922037849     
   98.2999984842626        11889.5922037717     
   98.3999984783257        11889.5922037584     
   98.4999984723889        11889.5922037451     
   98.5999984664521        11889.5922037318     
   98.6999984605153        11889.5922037186     
   98.7999984545785        11889.5922037053     
   98.8999984486417        11889.5922036920     
   98.9999984427048        11889.5922036788     
   99.0999984367680        11889.5922036655     
   99.1999984308312        11889.5922036522     
   99.2999984248944        11889.5922036389     
   99.3999984189576        11889.5922036257     
   99.4999984130207        11889.5922036124     
   99.5999984070839        11889.5922035991     
   99.6999984011471        11889.5922035858     
   99.7999983952103        11889.5922035725     
   99.8999983892735        11889.5922035593     
   99.9999983833367        11889.5922035460     
   100.099998377400        12320.9444782710     
   100.199998371463        12457.8707240098     
   100.299998365526        12552.4732380447     
   100.399998359589        12628.0234388488     
   100.499998353653        12690.4840921699     
   100.599998347716        12742.6478203500     
   100.699998341779        12786.3872223636     
   100.799998335842        12823.1437078798     
   100.899998329905        12854.0746760461     
   100.999998323968        12880.1179151522     
   101.099998318032        12902.0272990396     
   101.199998312095        12920.3987364105     
   101.299998306158        12935.6977634525     
   101.399998300221        12948.2919258438     
   101.499998294284        12958.4829579129     
   101.599998288348        12966.5320966873     
   101.699998282411        12972.6757994446     
   101.799998276474        12977.1332900267     
   101.899998270537        12980.1089626912     
   101.999998264600        12981.7923098621     
   102.099998258663        12982.3570836650     
   102.199998252727        12981.9605848038     
   102.299998246790        12980.7434435997     
   102.399998240853        12978.8299581289     
   102.499998234916        12976.3289063668     
   102.599998228979        12973.3346940771     
   102.699998223043        12969.9286965330     
   102.799998217106        12966.1806734188     
   102.899998211169        12962.1501663674     
   102.999998205232        12957.8878187612     
   103.099998199295        12953.4365830032     
   103.199998193358        12948.8327998213     
   103.299998187422        12944.1071474085     
   103.399998181485        12939.2854663895     
   103.499998175548        12934.3894710050     
   103.599998169611        12929.4373587889     
   103.699998163674        12924.4443313007     
   103.799998157738        12919.4230378599     
   103.899998151801        12914.3839531725     
   103.999998145864        12909.3356985120     
   104.099998139927        12904.2853148252     
   104.199998133990        12899.2384951266     
   104.299998128054        12894.1997822257     
   104.399998122117        12889.1727371843     
   104.499998116180        12884.1600829344     
   104.599998110243        12879.1638268570     
   104.699998104306        12874.1853655403     
   104.799998098369        12869.2255744309     
   104.899998092433        12864.2848846860     
   104.999998086496        12859.3633491726     
   105.099998080559        12854.4606992494     
   105.199998074622        12849.5763937564     
   105.299998068685        12844.7096613549     
   105.399998062749        12839.8595372467     
   105.499998056812        12835.0248950825     
   105.599998050875        12830.2044747847     
   105.699998044938        12825.3969068718     
   105.799998039001        12820.6007337749     
   105.899998033064        12815.8144285685     
   105.999998027128        12811.0364114525     
   106.099998021191        12806.2650642740     
   106.199998015254        12801.4987433253     
   106.299998009317        12796.7357906158     
   106.399998003380        12791.9745437822     
   106.499997997444        12787.2133447733     
   106.599997991507        12782.4505474338     
   106.699997985570        12777.6845240808     
   106.799997979633        12772.9136711699     
   106.899997973696        12768.1364141670     
   106.999997967759        12763.3512115941     
   107.099997961823        12758.5565584805     
   107.199997955886        12753.7509891662     
   107.299997949949        12748.9330795753     
   107.399997944012        12744.1014490179     
   107.499997938075        12739.2547615849     
   107.599997932139        12734.3917271930     
   107.699997926202        12729.5111023456     
   107.799997920265        12724.6116906560     
   107.899997914328        12719.6923431915     
   107.999997908391        12714.7519586797     
   108.099997902454        12709.7894836226     
   108.199997896518        12704.8039123536     
   108.299997890581        12699.7942870705     
   108.399997884644        12694.7596978698     
   108.499997878707        12689.6992828054     
   108.599997872770        12684.6122279883     
   108.699997866834        12679.4977677383     
   108.799997860897        12674.3551847990     
   108.899997854960        12669.1838106157     
   108.999997849023        12663.9830256840     
   109.099997843086        12658.7522599613     
   109.199997837149        12653.4909933371     
   109.299997831213        12648.1987561639     
   109.399997825276        12642.8751298298     
   109.499997819339        12637.5197473699     
   109.599997813402        12632.1322941117     
   109.699997807465        12626.7125083306     
   109.799997801529        12621.2601819142     
   109.899997795592        12615.7751610272     
   109.999997789655        12610.2573467687     
   110.099997783718        12604.7066957579     
   110.199997777781        12599.1232207769     
   110.299997771844        12593.5069912778     
   110.399997765908        12587.8581338813     
   110.499997759971        12582.1768327997     
   110.599997754034        12576.4633302009     
   110.699997748097        12570.7179264847     
   110.799997742160        12564.9409804810     
   110.899997736224        12559.1329095545     
   110.999997730287        12553.2941896154     
   111.099997724350        12547.4253550348     
   111.199997718413        12541.5269984480     
   111.299997712476        12535.5997704591     
   111.399997706539        12529.6443792293     
   111.499997700603        12523.6615899579     
   111.599997694666        12517.6522242468     
   111.699997688729        12511.6171593509     
   111.799997682792        12505.5573273138     
   111.899997676855        12499.4737139881     
   111.999997670919        12493.3673579394     
   112.099997664982        12487.2393492383     
   112.199997659045        12481.0908281399     
   112.299997653108        12474.9229836505     
   112.399997647171        12468.7370519890     
   112.499997641234        12462.5343149412     
   112.599997635298        12456.3160981127     
   112.699997629361        12450.0837690833     
   112.799997623424        12443.8387354666     
   112.899997617487        12437.5824428801     
   112.999997611550        12431.3163728264     
   113.099997605614        12425.0420405133     
   113.199997599677        12418.7609925583     
   113.299997593740        12412.4748046687     
   113.399997587803        12406.1850792344     
   113.499997581866        12399.8934428700     
   113.599997575929        12393.6015439061     
   113.699997569993        12387.3110498384     
   113.799997564056        12381.0236447390     
   113.899997558119        12374.7410266395     
   113.999997552182        12368.4649048908     
   114.099997546245        12362.1969975090     
   114.199997540309        12355.9390285119     
   114.299997534372        12349.6927252566     
   114.399997528435        12343.4598157830     
   114.499997522498        12337.2420261715     
   114.599997516561        12331.0410779211     
   114.699997510624        12324.8586853572     
   114.799997504688        12318.6965530729     
   114.899997498751        12312.5563734130     
   114.999997492814        12306.4398240055     
   115.099997486877        12300.3485653478     
   115.199997480940        12294.2842384541     
   115.299997475004        12288.2484625683     
   115.399997469067        12282.2428329479     
   115.499997463130        12276.2689187270     
   115.599997457193        12270.3282608585     
   115.699997451256        12264.4223701429     
   115.799997445319        12258.5527253476     
   115.899997439383        12252.7207714194     
   115.999997433446        12246.9279177939     
   116.099997427509        12241.1755368043     
   116.199997421572        12235.4649621919     
   116.299997415635        12229.7974877225     
   116.399997409699        12224.1743659064     
   116.499997403762        12218.5968068258     
   116.599997397825        12213.0659770711     
   116.699997391888        12207.5829987836     
   116.799997385951        12202.1489488072     
   116.899997380014        12196.7648579481     
   116.999997374078        12191.4317103397     
   117.099997368141        12186.1504429173     
   117.199997362204        12180.9219449910     
   117.299997356267        12175.7470579290     
   117.399997350330        12170.6265749337     
   117.499997344394        12165.5612409238     
   117.599997338457        12160.5517525060     
   117.699997332520        12155.5987580430     
   117.799997326583        12150.7028578110     
   117.899997320646        12145.8646042443     
   117.999997314709        12141.0845022590     
   118.099997308773        12136.3630096665     
   118.199997302836        12131.7005376478     
   118.299997296899        12127.0974513175     
   118.399997290962        12122.5540703396     
   118.499997285025        12118.0706696263     
   118.599997279089        12113.6474800966     
   118.699997273152        12109.2846893673     
   118.799997267215        12104.9824428680     
   118.899997261278        12100.7408444568     
   118.999997255341        12096.5599575463     
   119.099997249404        12092.4398060346     
   119.199997243468        12088.3803753400     
   119.299997237531        12084.3816134611     
   119.399997231594        12080.4434320588     
   119.499997225657        12076.5657075710     
   119.599997219720        12072.7482823396     
   119.699997213784        12068.9909657612     
   119.799997207847        12065.2935354542     
   119.899997201910        12061.6557384284     
   119.999997195973        12058.0772922708     
   120.099997190036        12054.5578863286     
   120.199997184100        12051.0971828988     
   120.299997178163        12047.6948184167     
   120.399997172226        12044.3504046362     
   120.499997166289        12041.0635298111     
   120.599997160352        12037.8337598601     
   120.699997154415        12034.6606395289     
   120.799997148479        12031.5436935325     
   120.899997142542        12028.4824276875     
   120.999997136605        12025.4763300290     
   121.099997130668        12022.5248719043     
   121.199997124731        12019.6275090519     
   121.299997118795        12016.7836826587     
   121.399997112858        12013.9928203949     
   121.499997106921        12011.2543374255     
   121.599997100984        12008.5676373992     
   121.699997095047        12005.9321134112     
   121.799997089110        12003.3471489411     
   121.899997083174        12000.8121187657     
   121.999997077237        11998.3263898423     
   122.099997071300        11995.8893221692     
   122.199997065363        11993.5002696148     
   122.299997059426        11991.1585807213     
   122.399997053490        11988.8635994815     
   122.499997047553        11986.6146660851     
   122.599997041616        11984.4111176390     
   122.699997035679        11982.2522888618     
   122.799997029742        11980.1375127459     
   122.899997023805        11978.0661211962     
   122.999997017869        11976.0374456415     
   123.099997011932        11974.0508176166     
   123.199997005995        11972.1055693210     
   123.299997000058        11970.2010341490     
   123.399996994121        11968.3365471963     
   123.499996988185        11966.5114457397     
   123.599996982248        11964.7250696939     
   123.699996976311        11962.9767620429     
   123.799996970374        11961.2658692470     
   123.899996964437        11959.5917416310     
   123.999996958500        11957.9537337430     
   124.099996952564        11956.3512046992     
   124.199996946627        11954.7835185012     
   124.299996940690        11953.2500443362     
   124.399996934753        11951.7501568550     
   124.499996928816        11950.2832364333     
   124.599996922880        11948.8486694133     
   124.699996916943        11947.4458483237     
   124.799996911006        11946.0741720888     
   124.899996905069        11944.7330462153     
   124.999996899132        11943.4218829648     
   125.099996893195        11942.1401015134     
   125.199996887259        11940.8871280891     
   125.299996881322        11939.6623961039     
   125.399996875385        11938.4653462661     
   125.499996869448        11937.2954266800     
   125.599996863511        11936.1520929358     
   125.699996857575        11935.0348081837     
   125.799996851638        11933.9430432014     
   125.899996845701        11932.8762764454     
   125.999996839764        11931.8339940939     
   126.099996833827        11930.8156900828     
   126.199996827890        11929.8208661274     
   126.299996821954        11928.8490317369     
   126.399996816017        11927.8997042238     
   126.499996810080        11926.9724086987     
   126.599996804143        11926.0666780656     
   126.699996798206        11925.1820530006     
   126.799996792270        11924.3180819342     
   126.899996786333        11923.4743210187     
   126.999996780396        11922.6503340941     
   127.099996774459        11921.8456926472     
   127.199996768522        11921.0599757682     
   127.299996762585        11920.2927700962     
   127.399996756649        11919.5436697656     
   127.499996750712        11918.8122763476     
   127.599996744775        11918.0981987872     
   127.699996738838        11917.4010533338     
   127.799996732901        11916.7204634747     
   127.899996726965        11916.0560598581     
   127.999996721028        11915.4074802199     
   128.099996715091        11914.7743693055     
   128.199996709154        11914.1563787856     
   128.299996703217        11913.5531671759     
   128.399996697280        11912.9643997532     
   128.499996691344        11912.3897484686     
   128.599996685407        11911.8288918550     
   128.699996679470        11911.2815149458     
   128.799996673533        11910.7473091782     
   128.899996667596        11910.2259723031     
   128.999996661660        11909.7172082980     
   129.099996655723        11909.2207272667     
   129.199996649786        11908.7362453529     
   129.299996643849        11908.2634846395     
   129.399996637912        11907.8021730631     
   129.499996631975        11907.3520443137     
   129.599996626039        11906.9128377425     
   129.699996620102        11906.4842982684     
   129.799996614165        11906.0661762852     
   129.899996608228        11905.6582275652     
   129.999996602291        11905.2602131677     
   130.099996596355        11904.8718993466     
   130.199996590418        11904.4930574603     
   130.299996584481        11904.1234638727     
   130.399996578544        11903.7628998696     
   130.499996572607        11903.4111515666     
   130.599996566670        11903.0680098175     
   130.699996560734        11902.7332701238     
   130.799996554797        11902.4067325519     
   130.899996548860        11902.0882016448     
   130.999996542923        11901.7774863314     
   131.099996536986        11901.4743998448     
   131.199996531050        11901.1787596381     
   131.299996525113        11900.8903872995     
   131.399996519176        11900.6091084723     
   131.499996513239        11900.3347527705     
   131.599996507302        11900.0671537006     
   131.699996501365        11899.8061485810     
   131.799996495429        11899.5515784683     
   131.899996489492        11899.3032880766     
   131.999996483555        11899.0611257025     
   132.099996477618        11898.8249431484     
   132.199996471681        11898.5945956529     
   132.299996465745        11898.3699418181     
   132.399996459808        11898.1508435380     
   132.499996453871        11897.9371659239     
   132.599996447934        11897.7287772414     
   132.699996441997        11897.5255488445     
   132.799996436060        11897.3273550991     
   132.899996430124        11897.1340733283     
   132.999996424187        11896.9455837433     
   133.099996418250        11896.7617693762     
   133.199996412313        11896.5825160344     
   133.299996406376        11896.4077122126     
   133.399996400440        11896.2372490601     
   133.499996394503        11896.0710203076     
   133.599996388566        11895.9089222115     
   133.699996382629        11895.7508534963     
   133.799996376692        11895.5967153087     
   133.899996370756        11895.4464111512     
   133.999996364819        11895.2998468326     
   134.099996358882        11895.1569304258     
   134.199996352945        11895.0175721954     
   134.299996347008        11894.8816845687     
   134.399996341071        11894.7491820788     
   134.499996335135        11894.6199813086     
   134.599996329198        11894.4940008645     
   134.699996323261        11894.3711612967     
   134.799996317324        11894.2513850918     
   134.899996311387        11894.1345966077     
   134.999996305451        11894.0207220151     
   135.099996299514        11893.9096892962     
   135.199996293577        11893.8014281740     
   135.299996287640        11893.6958700610     
   135.399996281703        11893.5929480653     
   135.499996275766        11893.4925968947     
   135.599996269830        11893.3947528596     
   135.699996263893        11893.2993538213     
   135.799996257956        11893.2063391592     
   135.899996252019        11893.1156497156     
   135.999996246082        11893.0272278018     
   136.099996240146        11892.9410171299     
   136.199996234209        11892.8569627746     
   136.299996228272        11892.7750111676     
   136.399996222335        11892.6951100664     
   136.499996216398        11892.6172084881     
   136.599996210461        11892.5412567085     
   136.699996204525        11892.4672062203     
   136.799996198588        11892.3950097130     
   136.899996192651        11892.3246210507     
   136.999996186714        11892.2559952008     
   137.099996180777        11892.1890882606     
   137.199996174841        11892.1238574196     
   137.299996168904        11892.0602609007     
   137.399996162967        11891.9982579664     
   137.499996157030        11891.9378088757     
   137.599996151093        11891.8788748813     
   137.699996145156        11891.8214181897     
   137.799996139220        11891.7654019394     
   137.899996133283        11891.7107901794     
   137.999996127346        11891.6575478366     
   138.099996121409        11891.6056407231     
   138.199996115472        11891.5550354980     
   138.299996109536        11891.5056996389     
   138.399996103599        11891.4576014263     
   138.499996097662        11891.4107099392     
   138.599996091725        11891.3649949969     
   138.699996085788        11891.3204271955     
   138.799996079851        11891.2769778535     
   138.899996073915        11891.2346190049     
   138.999996067978        11891.1933233565     
   139.099996062041        11891.1530643274     
   139.199996056104        11891.1138159683     
   139.299996050167        11891.0755529824     
   139.399996044231        11891.0382507084     
   139.499996038294        11891.0018850977     
   139.599996032357        11890.9664327081     
   139.699996026420        11890.9318706531     
   139.799996020483        11890.8981766481     
   139.899996014546        11890.8653289358     
   139.999996008610        11890.8333063335     
   140.099996002673        11890.8020881567     
   140.199995996736        11890.7716542558     
   140.299995990799        11890.7419849607     
   140.399995984862        11890.7130611087     
   140.499995978926        11890.6848640178     
   140.599995972989        11890.6573754777     
   140.699995967052        11890.6305777215     
   140.799995961115        11890.6044534167     
   140.899995955178        11890.5789856743     
   140.999995949241        11890.5541580359     
   141.099995943305        11890.5299544413     
   141.199995937368        11890.5063592368     
   141.299995931431        11890.4833571654     
   141.399995925494        11890.4609333078     
   141.499995919557        11890.4390731974     
   141.599995913621        11890.4177626563     
   141.699995907684        11890.3969879230     
   141.799995901747        11890.3767355368     
   141.899995895810        11890.3569923776     
   141.999995889873        11890.3377456592     
   142.099995883936        11890.3189829189     
   142.199995878000        11890.3006920113     
   142.299995872063        11890.2828611008     
   142.399995866126        11890.2654786204     
   142.499995860189        11890.2485333036     
   142.599995854252        11890.2320141825     
   142.699995848316        11890.2159105681     
   142.799995842379        11890.2002119671     
   142.899995836442        11890.1849082513     
   142.999995830505        11890.1699894914     
   143.099995824568        11890.1554460113     
   143.199995818631        11890.1412683865     
   143.299995812695        11890.1274474307     
   143.399995806758        11890.1139741829     
   143.499995800821        11890.1008398607     
   143.599995794884        11890.0880360044     
   143.699995788947        11890.0755543003     
   143.799995783011        11890.0633866089     
   143.899995777074        11890.0515250944     
   143.999995771137        11890.0399620186     
   144.099995765200        11890.0286898852     
   144.199995759263        11890.0177014112     
   144.299995753326        11890.0069894546     
   144.399995747390        11889.9965470125     
   144.499995741453        11889.9863673559     
   144.599995735516        11889.9764438745     
   144.699995729579        11889.9667701254     
   144.799995723642        11889.9573398300     
   144.899995717706        11889.9481468688     
   144.999995711769        11889.9391852655     
   145.099995705832        11889.9304491678     
   145.199995699895        11889.9219329509     
   145.299995693958        11889.9136310985     
   145.399995688021        11889.9055381945     
   145.499995682085        11889.8976489394     
   145.599995676148        11889.8899583109     
   145.699995670211        11889.8824612007     
   145.799995664274        11889.8751528380     
   145.899995658337        11889.8680283884     
   145.999995652401        11889.8610833225     
   146.099995646464        11889.8543130056     
   146.199995640527        11889.8477131685     
   146.299995634590        11889.8412794510     
   146.399995628653        11889.8350076529     
   146.499995622716        11889.8288937695     
   146.599995616780        11889.8229338199     
   146.699995610843        11889.8171238593     
   146.799995604906        11889.8114601484     
   146.899995598969        11889.8059390245     
   146.999995593032        11889.8005569013     
   147.099995587096        11889.7953102760     
   147.199995581159        11889.7901957357     
   147.299995575222        11889.7852099537     
   147.399995569285        11889.7803496882     
   147.499995563348        11889.7756117814     
   147.599995557411        11889.7709931527     
   147.699995551475        11889.7664908041     
   147.799995545538        11889.7621018112     
   147.899995539601        11889.7578233279     
   147.999995533664        11889.7536525709     
   148.099995527727        11889.7495868256     
   148.199995521791        11889.7456234261     
   148.299995515854        11889.7417597751     
   148.399995509917        11889.7379934306     
   148.499995503980        11889.7343219493     
   148.599995498043        11889.7307429137     
   148.699995492106        11889.7272539087     
   148.799995486170        11889.7238528021     
   148.899995480233        11889.7205373681     
   148.999995474296        11889.7173053440     
   149.099995468359        11889.7141547204     
   149.199995462422        11889.7110834777     
   149.299995456486        11889.7080894720     
   149.399995450549        11889.7051709263     
   149.499995444612        11889.7023258585     
   149.599995438675        11889.6995523808     
   149.699995432738        11889.6968488254     
   149.799995426802        11889.6942132274     
   149.899995420865        11889.6916441104     
   149.999995414928        11889.6891395752     
