   95.0999986742407        1.69666961665698     
   95.1999986683039        1.69666960687695     
   95.2999986623671        1.69666959709628     
   95.3999986564303        1.69666958731497     
   95.4999986504935        1.69666957753301     
   95.5999986445566        1.69666956775040     
   95.6999986386198        1.69666955796715     
   95.7999986326830        1.69666954818326     
   95.8999986267462        1.69666953839871     
   95.9999986208094        1.69666952861353     
   96.0999986148725        1.69666951882770     
   96.1999986089357        1.69666950904122     
   96.2999986029989        1.69666949925409     
   96.3999985970621        1.69666948946633     
   96.4999985911253        1.69666947967791     
   96.5999985851885        1.69666946988885     
   96.6999985792516        1.69666946009914     
   96.7999985733148        1.69666945030879     
   96.8999985673780        1.69666944051780     
   96.9999985614412        1.69666943072615     
   97.0999985555044        1.69666942093386     
   97.1999985495676        1.69666941114092     
   97.2999985436307        1.69666940134734     
   97.3999985376939        1.69666939155311     
   97.4999985317571        1.69666938175823     
   97.5999985258203        1.69666937196271     
   97.6999985198835        1.69666936216653     
   97.7999985139466        1.69666935236972     
   97.8999985080098        1.69666934257226     
   97.9999985020730        1.69666933277415     
   98.0999984961362        1.69666932297539     
   98.1999984901994        1.69666931317599     
   98.2999984842626        1.69666930337594     
   98.3999984783257        1.69666929357524     
   98.4999984723889        1.69666928377390     
   98.5999984664521        1.69666927397190     
   98.6999984605153        1.69666926416926     
   98.7999984545785        1.69666925436598     
   98.8999984486417        1.69666924456205     
   98.9999984427048        1.69666923475747     
   99.0999984367680        1.69666922495224     
   99.1999984308312        1.69666921514636     
   99.2999984248944        1.69666920533984     
   99.3999984189576        1.69666919553267     
   99.4999984130207        1.69666918572485     
   99.5999984070839        1.69666917591638     
   99.6999984011471        1.69666916610726     
   99.7999983952103        1.69666915629750     
   99.8999983892735        1.69666914648709     
   99.9999983833367        1.69666913667603     
   100.099998377400        1.76790605746745     
   100.199998371463        1.95419017471225     
   100.299998365526        2.25917686885329     
   100.399998359589        2.71014918141579     
   100.499998353653        3.35509270967136     
   100.599998347716        4.26105973798998     
   100.699998341779        5.50023442357057     
   100.799998335842        7.10499781783412     
   100.899998329905        8.99001568363769     
   100.999998323968        10.9117831696826     
   101.099998318032        12.5705017307530     
   101.199998312095        13.7845129286644     
   101.299998306158        14.5397194684502     
   101.399998300221        14.9102195097282     
   101.499998294284        14.9794646004817     
   101.599998288348        14.8105043802116     
   101.699998282411        14.4459281304314     
   101.799998276474        13.9164361865450     
   101.899998270537        13.2492422162384     
   101.999998264600        12.4737180833927     
   102.099998258663        11.6235742732801     
   102.199998252727        10.7356860991925     
   102.299998246790        9.84656938678735     
   102.399998240853        8.98821869480750     
   102.499998234916        8.18498767091454     
   102.599998228979        7.45239460542251     
   102.699998223043        6.79774735038416     
   102.799998217106        6.22187845726883     
   102.899998211169        5.72120815466285     
   102.999998205232        5.28959882159011     
   103.099998199295        4.91976576741196     
   103.199998193358        4.60422268217898     
   103.299998187422        4.33584378953582     
   103.399998181485        4.10815133342892     
   103.499998175548        3.91542522514540     
   103.599998169611        3.75270755043487     
   103.699998163674        3.61575111968300     
   103.799998157738        3.50094286473786     
   103.899998151801        3.40522008317676     
   103.999998145864        3.32598925633807     
   104.099998139927        3.26105211997651     
   104.199998133990        3.20854074791701     
   104.299998128054        3.16686182182570     
   104.399998122117        3.13464947012320     
   104.499998116180        3.11072572675099     
   104.599998110243        3.09406757858114     
   104.699998104306        3.08377961604147     
   104.799998098369        3.07907140474887     
   104.899998092433        3.07923881787443     
   104.999998086496        3.08364868935662     
   105.099998080559        3.09172625727670     
   105.199998074622        3.10294496084230     
   105.299998068685        3.11681823282443     
   105.399998062749        3.13289299275977     
   105.499998056812        3.15074459635305     
   105.599998050875        3.16997303507927     
   105.699998044938        3.19020020886788     
   105.799998039001        3.21106811574197     
   105.899998033064        3.23223781706605     
   105.999998027128        3.25338904723645     
   106.099998021191        3.27422034367407     
   106.199998015254        3.29444957817155     
   106.299998009317        3.31381477518952     
   106.399998003380        3.33207510754423     
   106.499997997444        3.34901196588706     
   106.599997991507        3.36443000594599     
   106.699997985570        3.37815808700036     
   106.799997979633        3.39005002652045     
   106.899997973696        3.39998510916111     
   106.999997967759        3.40786830294135     
   107.099997961823        3.41363015096906     
   107.199997955886        3.41722632282461     
   107.299997949949        3.41863682506419     
   107.399997944012        3.41786488453910     
   107.499997938075        3.41493553085928     
   107.599997932139        3.40989391480497     
   107.699997926202        3.40280340758195     
   107.799997920265        3.39374353127161     
   107.899997914328        3.38280777371714     
   107.999997908391        3.37010134148523     
   108.099997902454        3.35573890274069     
   108.199997896518        3.33984236816417     
   108.299997890581        3.32253875288150     
   108.399997884644        3.30395815612296     
   108.499997878707        3.28423188845743     
   108.599997872770        3.26349076930274     
   108.699997866834        3.24186361037271     
   108.799997860897        3.21947589404797     
   108.899997854960        3.19644864958013     
   108.999997849023        3.17289752473087     
   109.099997843086        3.14893204594194     
   109.199997837149        3.12465505655739     
   109.299997831213        3.10016231988069     
   109.399997825276        3.07554227193853     
   109.499997819339        3.05087590767529     
   109.599997813402        3.02623678379029     
   109.699997807465        3.00169112148408     
   109.799997801529        2.97729799288633     
   109.899997795592        2.95310957576606     
   109.999997789655        2.92917146224512     
   110.099997783718        2.90552300848975     
   110.199997777781        2.88219771372668     
   110.299997771844        2.85922361831535     
   110.399997765908        2.83662371201828     
   110.499997759971        2.81441634490945     
   110.599997754034        2.79261563463632     
   110.699997748097        2.77123186490544     
   110.799997742160        2.75027187109608     
   110.899997736224        2.72973940984737     
   110.999997730287        2.70963551027753     
   111.099997724350        2.68995880520018     
   111.199997718413        2.67070584130452     
   111.299997712476        2.65187136776913     
   111.399997706539        2.63344860319245     
   111.499997700603        2.61542948106278     
   111.599997694666        2.59780487425219     
   111.699997688729        2.58056479922746     
   111.799997682792        2.56369860082247     
   111.899997676855        2.54719511852436     
   111.999997670919        2.53104283530693     
   112.099997664982        2.51523001007042     
   112.199997659045        2.49974479478169     
   112.299997653108        2.48457533739470     
   112.399997647171        2.46970987161964     
   112.499997641234        2.45513679457716     
   112.599997635298        2.44084473333639     
   112.699997629361        2.42682260129379     
   112.799997623424        2.41305964529583     
   112.899997617487        2.39954548436557     
   112.999997611550        2.38627014083367     
   113.099997605614        2.37322406462961     
   113.199997599677        2.36039815143049     
   113.299997593740        2.34778375532200     
   113.399997587803        2.33537269657053     
   113.499997581866        2.32315726507163     
   113.599997575929        2.31113021997854     
   113.699997569993        2.29928478598709     
   113.799997564056        2.28761464671400     
   113.899997558119        2.27611393555941     
   113.999997552182        2.26477722441862     
   114.099997546245        2.25359951057360     
   114.199997540309        2.24257620206368     
   114.299997534372        2.23170310180995     
   114.399997528435        2.22097639073856     
   114.499997522498        2.21039261012750     
   114.599997516561        2.19994864337843     
   114.699997510624        2.18964169739203     
   114.799997504688        2.17946928371063     
   114.899997498751        2.16942919957118     
   114.999997492814        2.15951950899557     
   115.099997486877        2.14973852403293     
   115.199997480940        2.14008478625083     
   115.299997475004        2.13055704856327     
   115.399997469067        2.12115425746839     
   115.499997463130        2.11187553576121     
   115.599997457193        2.10272016577422     
   115.699997451256        2.09368757319067     
   115.799997445319        2.08477731146797     
   115.899997439383        2.07598904689933     
   115.999997433446        2.06732254433634     
   116.099997427509        2.05877765358864     
   116.199997421572        2.05035429651097     
   116.299997415635        2.04205245478311     
   116.399997409699        2.03387215838377     
   116.499997403762        2.02581347475569     
   116.599997397825        2.01787649865476     
   116.699997391888        2.01006134267407     
   116.799997385951        2.00236812843075     
   116.899997380014        1.99479697840053     
   116.999997374078        1.98734800838339     
   117.099997368141        1.98002132058207     
   117.199997362204        1.97281699727474     
   117.299997356267        1.96573509505840     
   117.399997350330        1.95877563964467     
   117.499997344394        1.95193862118275     
   117.599997338457        1.94522399008900     
   117.699997332520        1.93863165335828     
   117.799997326583        1.93216147133497     
   117.899997320646        1.92581325492008     
   117.999997314709        1.91958676319139     
   118.099997308773        1.91348170141435     
   118.199997302836        1.90749771942074     
   118.299997296899        1.90163441033352     
   118.399997290962        1.89589130961642     
   118.499997285025        1.89026789442755     
   118.599997279089        1.88476358325669     
   118.699997273152        1.87937773582654     
   118.799997267215        1.87410965323858     
   118.899997261278        1.86895857834962     
   118.999997255341        1.86392369635491     
   119.099997249404        1.85900413556376     
   119.199997243468        1.85419896835433     
   119.299997237531        1.84950721229140     
   119.399997231594        1.84492783139063     
   119.499997225657        1.84045973751737     
   119.599997219720        1.83610179190671     
   119.699997213784        1.83185280679221     
   119.799997207847        1.82771154713253     
   119.899997201910        1.82367673242339     
   119.999997195973        1.81974703858647     
   120.099997190036        1.81592109992460     
   120.199997184100        1.81219751113275     
   120.299997178163        1.80857482936007     
   120.399997172226        1.80505157630988     
   120.499997166289        1.80162624037413     
   120.599997160352        1.79829727879285     
   120.699997154415        1.79506311983309     
   120.799997148479        1.79192216498051     
   120.899997142542        1.78887279113807     
   120.999997136605        1.78591335282613     
   121.099997130668        1.78304218437867     
   121.199997124731        1.78025760213147     
   121.299997118795        1.77755790659674     
   121.399997112858        1.77494138462074     
   121.499997106921        1.77240631152026     
   121.599997100984        1.76995095319369     
   121.699997095047        1.76757356820391     
   121.799997089110        1.76527240982931     
   121.899997083174        1.76304572807990     
   121.999997077237        1.76089177167532     
   122.099997071300        1.75880878998297     
   122.199997065363        1.75679503491248     
   122.299997059426        1.75484876276505     
   122.399997053490        1.75296823603500     
   122.499997047553        1.75115172516141     
   122.599997041616        1.74939751022813     
   122.699997035679        1.74770388261029     
   122.799997029742        1.74606914656554     
   122.899997023805        1.74449162076805     
   122.999997017869        1.74296963978513     
   123.099997011932        1.74150155549343     
   123.199997005995        1.74008573843513     
   123.299997000058        1.73872057911175     
   123.399996994121        1.73740448921610     
   123.499996988185        1.73613590279949     
   123.599996982248        1.73491327737618     
   123.699996976311        1.73373509496164     
   123.799996970374        1.73259986304669     
   123.899996964437        1.73150611550600     
   123.999996958500        1.73045241344017     
   124.099996952564        1.72943734595273     
   124.199996946627        1.72845953086170     
   124.299996940690        1.72751761534475     
   124.399996934753        1.72661027651991     
   124.499996928816        1.72573622196136     
   124.599996922880        1.72489419015092     
   124.699996916943        1.72408295086658     
   124.799996911006        1.72330130550736     
   124.899996905069        1.72254808735761     
   124.999996899132        1.72182216179006     
   125.099996893195        1.72112242640929     
   125.199996887259        1.72044781113718     
   125.299996881322        1.71979727824141     
   125.399996875385        1.71916982230878     
   125.499996869448        1.71856447016458     
   125.599996863511        1.71798028073999     
   125.699996857575        1.71741634488913     
   125.799996851638        1.71687178515739     
   125.899996845701        1.71634575550376     
   125.999996839764        1.71583744097811     
   126.099996833827        1.71534605735616     
   126.199996827890        1.71487085073424     
   126.299996821954        1.71441109708567     
   126.399996816017        1.71396610178104     
   126.499996810080        1.71353519907507     
   126.599996804143        1.71311775156164     
   126.699996798206        1.71271314959979     
   126.799996792270        1.71232081071305     
   126.899996786333        1.71194017896356     
   126.999996780396        1.71157072430471     
   127.099996774459        1.71121194191306     
   127.199996768522        1.71086335150308     
   127.299996762585        1.71052449662607     
   127.399996756649        1.71019494395627     
   127.499996750712        1.70987428256538     
   127.599996744775        1.70956212318873     
   127.699996738838        1.70925809748419     
   127.799996732901        1.70896185728673     
   127.899996726965        1.70867307385984     
   127.999996721028        1.70839143714625     
   128.099996715091        1.70811665501970     
   128.199996709154        1.70784845253947     
   128.299996703217        1.70758657120927     
   128.399996697280        1.70733076824226     
   128.499996691344        1.70708081583371     
   128.599996685407        1.70683650044299     
   128.699996679470        1.70659762208560     
   128.799996673533        1.70636399363734     
   128.899996667596        1.70613544015118     
   128.999996661660        1.70591179818837     
   129.099996655723        1.70569291516447     
   129.199996649786        1.70547864871157     
   129.299996643849        1.70526886605724     
   129.399996637912        1.70506344342107     
   129.499996631975        1.70486226542955     
   129.599996626039        1.70466522454991     
   129.699996620102        1.70447222054304     
   129.799996614165        1.70428315993637     
   129.899996608228        1.70409795551689     
   129.999996602291        1.70391652584439     
   130.099996596355        1.70373879478542     
   130.199996590418        1.70356469106771     
   130.299996584481        1.70339414785552     
   130.399996578544        1.70322710234548     
   130.499996572607        1.70306349538318     
   130.599996566670        1.70290327110007     
   130.699996560734        1.70274637657082     
   130.799996554797        1.70259276149048     
   130.899996548860        1.70244237787151     
   130.999996542923        1.70229517975995     
   131.099996536986        1.70215112297084     
   131.199996531050        1.70201016484202     
   131.299996525113        1.70187226400590     
   131.399996519176        1.70173738017916     
   131.499996513239        1.70160547396910     
   131.599996507302        1.70147650669685     
   131.699996501365        1.70135044023627     
   131.799996495429        1.70122723686822     
   131.899996489492        1.70110685914999     
   131.999996483555        1.70098926979824     
   132.099996477618        1.70087443158579     
   132.199996471681        1.70076230725142     
   132.299996465745        1.70065285942164     
   132.399996459808        1.70054605054395     
   132.499996453871        1.70044184283167     
   132.599996447934        1.70034019821830     
   132.699996441997        1.70024107832209     
   132.799996436060        1.70014444441962     
   132.899996430124        1.70005025742730     
   132.999996424187        1.69995847789195     
   133.099996418250        1.69986906598662     
   133.199996412313        1.69978198151550     
   133.299996406376        1.69969718392240     
   133.399996400440        1.69961463230717     
   133.499996394503        1.69953428544492     
   133.599996388566        1.69945610181174     
   133.699996382629        1.69938003961229     
   133.799996376692        1.69930605681322     
   133.899996370756        1.69923411117705     
   133.999996364819        1.69916416030142     
   134.099996358882        1.69909616165779     
   134.199996352945        1.69903007263396     
   134.299996347008        1.69896585057720     
   134.399996341071        1.69890345283756     
   134.499996335135        1.69884283681425     
   134.599996329198        1.69878395999917     
   134.699996323261        1.69872678002335     
   134.799996317324        1.69867125470213     
   134.899996311387        1.69861734207860     
   134.999996305451        1.69856500046893     
   135.099996299514        1.69851418850520     
   135.199996293577        1.69846486517612     
   135.299996287640        1.69841698986942     
   135.399996281703        1.69837052241054     
   135.499996275766        1.69832542309948     
   135.599996269830        1.69828165274766     
   135.699996263893        1.69823917271250     
   135.799996257956        1.69819794492871     
   135.899996252019        1.69815793193840     
   135.999996246082        1.69811909692088     
   136.099996240146        1.69808140371805     
   136.199996234209        1.69804481685766     
   136.299996228272        1.69800930157572     
   136.399996222335        1.69797482383726     
   136.499996216398        1.69794135035318     
   136.599996210461        1.69790884859528     
   136.699996204525        1.69787728680945     
   136.799996198588        1.69784663402812     
   136.899996192651        1.69781686007910     
   136.999996186714        1.69778793559203     
   137.099996180777        1.69775983200340     
   137.199996174841        1.69773252156022     
   137.299996168904        1.69770597732217     
   137.399996162967        1.69768017316045     
   137.499996157030        1.69765508375580     
   137.599996151093        1.69763068459426     
   137.699996145156        1.69760695196172     
   137.799996139220        1.69758386293843     
   137.899996133283        1.69756139539024     
   137.999996127346        1.69753952795871     
   138.099996121409        1.69751824005065     
   138.199996115472        1.69749751182553     
   138.299996109536        1.69747732418240     
   138.399996103599        1.69745765874736     
   138.499996097662        1.69743849785800     
   138.599996091725        1.69741982454737     
   138.699996085788        1.69740162252828     
   138.799996079851        1.69738387617516     
   138.899996073915        1.69736657050741     
   138.999996067978        1.69734969117007     
   139.099996062041        1.69733322441651     
   139.199996056104        1.69731715708994     
   139.299996050167        1.69730147660350     
   139.399996044231        1.69728617092135     
   139.499996038294        1.69727122853864     
   139.599996032357        1.69725663846243     
   139.699996026420        1.69724239019221     
   139.799996020483        1.69722847369997     
   139.899996014546        1.69721487941071     
   139.999996008610        1.69720159818423     
   140.099996002673        1.69718862129573     
   140.199995996736        1.69717594041728     
   140.299995990799        1.69716354759884     
   140.399995984862        1.69715143525004     
   140.499995978926        1.69713959612280     
   140.599995972989        1.69712802329391     
   140.699995967052        1.69711671014727     
   140.799995961115        1.69710565035829     
   140.899995955178        1.69709483787732     
   140.999995949241        1.69708426691430     
   141.099995943305        1.69707393192234     
   141.199995937368        1.69706382758618     
   141.299995931431        1.69705394880558     
   141.399995925494        1.69704429068327     
   141.499995919557        1.69703484851107     
   141.599995913621        1.69702561775814     
   141.699995907684        1.69701659405797     
   141.799995901747        1.69700777319891     
   141.899995895810        1.69699915111130     
   141.999995889873        1.69699072385970     
   142.099995883936        1.69698248763101     
   142.199995878000        1.69697443872668     
   142.299995872063        1.69696657355372     
   142.399995866126        1.69695888861692     
   142.499995860189        1.69695138051099     
   142.599995854252        1.69694404591354     
   142.699995848316        1.69693688157831     
   142.799995842379        1.69692988432956     
   142.899995836442        1.69692305105727     
   142.999995830505        1.69691637871049     
   143.099995824568        1.69690986429372     
   143.199995818631        1.69690350486162     
   143.299995812695        1.69689729751527     
   143.399995806758        1.69689123939931     
   143.499995800821        1.69688532769759     
   143.599995794884        1.69687955963154     
   143.699995788947        1.69687393245648     
   143.799995783011        1.69686844346049     
   143.899995777074        1.69686308996174     
   143.999995771137        1.69685786930664     
   144.099995765200        1.69685277886915     
   144.199995759263        1.69684781604973     
   144.299995753326        1.69684297827321     
   144.399995747390        1.69683826298945     
   144.499995741453        1.69683366767130     
   144.599995735516        1.69682918981600     
   144.699995729579        1.69682482694376     
   144.799995723642        1.69682057659756     
   144.899995717706        1.69681643634368     
   144.999995711769        1.69681240377291     
   145.099995705832        1.69680847649809     
   145.199995699895        1.69680465215737     
   145.299995693958        1.69680092841237     
   145.399995688021        1.69679730295066     
   145.499995682085        1.69679377348441     
   145.599995676148        1.69679033775164     
   145.699995670211        1.69678699351899     
   145.799995664274        1.69678373857935     
   145.899995658337        1.69678057075457     
   145.999995652401        1.69677748789557     
   146.099995646464        1.69677448788095     
   146.199995640527        1.69677156862226     
   146.299995634590        1.69676872805982     
   146.399995628653        1.69676596416774     
   146.499995622716        1.69676327494912     
   146.599995616780        1.69676065844231     
   146.699995610843        1.69675811271879     
   146.799995604906        1.69675563588347     
   146.899995598969        1.69675322607568     
   146.999995593032        1.69675088147000     
   147.099995587096        1.69674860027612     
   147.199995581159        1.69674638073942     
   147.299995575222        1.69674422114109     
   147.399995569285        1.69674211979920     
   147.499995563348        1.69674007506756     
   147.599995557411        1.69673808533690     
   147.699995551475        1.69673614903370     
   147.799995545538        1.69673426462470     
   147.899995539601        1.69673243060912     
   147.999995533664        1.69673064552632     
   148.099995527727        1.69672890794832     
   148.199995521791        1.69672721648785     
   148.299995515854        1.69672556979424     
   148.399995509917        1.69672396654914     
   148.499995503980        1.69672240547089     
   148.599995498043        1.69672088531593     
   148.699995492106        1.69671940487646     
   148.799995486170        1.69671796297294     
   148.899995480233        1.69671655846850     
   148.999995474296        1.69671519025483     
   149.099995468359        1.69671385725792     
   149.199995462422        1.69671255843918     
   149.299995456486        1.69671129278679     
   149.399995450549        1.69671005932736     
   149.499995444612        1.69670885711355     
   149.599995438675        1.69670768523077     
   149.699995432738        1.69670654279160     
   149.799995426802        1.69670542894316     
   149.899995420865        1.69670434285340     
   149.999995414928        1.69670328372488     
