   95.0999986742407        2.01012568670875     
   95.1999986683039        2.01012567587216     
   95.2999986623671        2.01012566503487     
   95.3999986564303        2.01012565419687     
   95.4999986504935        2.01012564335815     
   95.5999986445566        2.01012563251874     
   95.6999986386198        2.01012562167861     
   95.7999986326830        2.01012561083778     
   95.8999986267462        2.01012559999624     
   95.9999986208094        2.01012558915399     
   96.0999986148725        2.01012557831103     
   96.1999986089357        2.01012556746737     
   96.2999986029989        2.01012555662299     
   96.3999985970621        2.01012554577791     
   96.4999985911253        2.01012553493212     
   96.5999985851885        2.01012552408563     
   96.6999985792516        2.01012551323842     
   96.7999985733148        2.01012550239050     
   96.8999985673780        2.01012549154187     
   96.9999985614412        2.01012548069254     
   97.0999985555044        2.01012546984250     
   97.1999985495676        2.01012545899175     
   97.2999985436307        2.01012544814029     
   97.3999985376939        2.01012543728812     
   97.4999985317571        2.01012542643524     
   97.5999985258203        2.01012541558167     
   97.6999985198835        2.01012540472737     
   97.7999985139466        2.01012539387236     
   97.8999985080098        2.01012538301664     
   97.9999985020730        2.01012537216023     
   98.0999984961362        2.01012536130309     
   98.1999984901994        2.01012535044525     
   98.2999984842626        2.01012533958670     
   98.3999984783257        2.01012532872744     
   98.4999984723889        2.01012531786746     
   98.5999984664521        2.01012530700678     
   98.6999984605153        2.01012529614539     
   98.7999984545785        2.01012528528329     
   98.8999984486417        2.01012527442048     
   98.9999984427048        2.01012526355696     
   99.0999984367680        2.01012525269273     
   99.1999984308312        2.01012524182779     
   99.2999984248944        2.01012523096214     
   99.3999984189576        2.01012522009577     
   99.4999984130207        2.01012520922870     
   99.5999984070839        2.01012519836092     
   99.6999984011471        2.01012518749242     
   99.7999983952103        2.01012517662322     
   99.8999983892735        2.01012516575333     
   99.9999983833367        2.01012515488275     
   100.099998377400        2.11499043694526     
   100.199998371463        2.35193434040450     
   100.299998365526        2.71634409088250     
   100.399998359589        3.23171996585456     
   100.499998353653        3.93520236013267     
   100.599998347716        4.86930020003274     
   100.699998341779        6.06331464788548     
   100.799998335842        7.49977273419172     
   100.899998329905        9.08015966547328     
   100.999998323968        10.6303077139008     
   101.099998318032        11.9679833509829     
   101.199998312095        12.9813614278929     
   101.299998306158        13.6488776661523     
   101.399998300221        14.0051116494702     
   101.499998294284        14.1010124874001     
   101.599998288348        13.9830759713867     
   101.699998282411        13.6886354917250     
   101.799998276474        13.2483444746174     
   101.899998270537        12.6901369018528     
   101.999998264600        12.0421413079665     
   102.099998258663        11.3336993537618     
   102.199998252727        10.5945412378063     
   102.299998246790        9.85277083222529     
   102.399998240853        9.13261214160764     
   102.499998234916        8.45276439576905     
   102.599998228979        7.82579376957314     
   102.699998223043        7.25851665422999     
   102.799998217106        6.75303229175021     
   102.899998211169        6.30800171520557     
   102.999998205232        5.91986661226717     
   103.099998199295        5.58384485859370     
   103.199998193358        5.29465699669830     
   103.299998187422        5.04700738820801     
   103.399998181485        4.83587219027463     
   103.499998175548        4.65664950467771     
   103.599998169611        4.50521859718954     
   103.699998163674        4.37794341265175     
   103.799998157738        4.27164481234272     
   103.899998151801        4.18355745896015     
   103.999998145864        4.11128116995899     
   104.099998139927        4.05273244086701     
   104.199998133990        4.00609919141093     
   104.299998128054        3.96980015560945     
   104.399998122117        3.94244937600974     
   104.499998116180        3.92282572713519     
   104.599998110243        3.90984711929145     
   104.699998104306        3.90254891432624     
   104.799998098369        3.90006605261619     
   104.899998092433        3.90161840420918     
   104.999998086496        3.90649889235779     
   105.099998080559        3.91406398062178     
   105.199998074622        3.92372615798142     
   105.299998068685        3.93494809633805     
   105.399998062749        3.94723819029292     
   105.499998056812        3.96014722006778     
   105.599998050875        3.97326590569985     
   105.699998044938        3.98622314504673     
   105.799998039001        3.99868475067871     
   105.899998033064        4.01035252220164     
   105.999998027128        4.02096351157442     
   106.099998021191        4.03028935993104     
   106.199998015254        4.03813560536043     
   106.299998009317        4.04434088198095     
   106.399998003380        4.04877595119689     
   106.499997997444        4.05134252577880     
   106.599997991507        4.05197186598516     
   106.699997985570        4.05062314383527     
   106.799997979633        4.04728158640945     
   106.899997973696        4.04195642141756     
   106.999997967759        4.03467865797401     
   107.099997961823        4.02549874245948     
   107.199997955886        4.01448413363241     
   107.299997949949        4.00171684284941     
   107.399997944012        3.98729098470059     
   107.499997938075        3.97131038086138     
   107.599997932139        3.95388625590470     
   107.699997926202        3.93513505860084     
   107.799997920265        3.91517643628882     
   107.899997914328        3.89413138356020     
   107.999997908391        3.87212058014330     
   108.099997902454        3.84926292674804     
   108.199997896518        3.82567428198132     
   108.299997890581        3.80146639841116     
   108.399997884644        3.77674605157821     
   108.499997878707        3.75161435221079     
   108.599997872770        3.72616622921014     
   108.699997866834        3.70049006898022     
   108.799997860897        3.67466749542833     
   108.899997854960        3.64877327431468     
   108.999997849023        3.62287532552884     
   109.099997843086        3.59703482721443     
   109.199997837149        3.57130639634658     
   109.299997831213        3.54573833134156     
   109.399997825276        3.52037290340489     
   109.499997819339        3.49524668459387     
   109.599997813402        3.47039090188806     
   109.699997807465        3.44583180787407     
   109.799997801529        3.42159105995739     
   109.899997795592        3.39768610123722     
   109.999997789655        3.37413053733220     
   110.099997783718        3.35093450449229     
   110.199997777781        3.32810502532138     
   110.299997771844        3.30564634921708     
   110.399997765908        3.28356027543430     
   110.499997759971        3.26184645729390     
   110.599997754034        3.24050268660910     
   110.699997748097        3.21952515786238     
   110.799997742160        3.19890871204089     
   110.899997736224        3.17864706035347     
   110.999997730287        3.15873298829201     
   111.099997724350        3.13915854069453     
   111.199997718413        3.11991518860894     
   111.299997712476        3.10099397885952     
   111.399997706539        3.08238566729108     
   111.499997700603        3.06408083670370     
   111.599997694666        3.04607000051156     
   111.699997688729        3.02834369316031     
   111.799997682792        3.01089254832305     
   111.899997676855        2.99370736586538     
   111.999997670919        2.97677916854190     
   112.099997664982        2.96009924933880     
   112.199997659045        2.94365921033975     
   112.299997653108        2.92745099393427     
   112.399997647171        2.91146690714668     
   112.499997641234        2.89569963981083     
   112.599997635298        2.88014227726279     
   112.699997629361        2.86478830817932     
   112.799997623424        2.84963162813860     
   112.899997617487        2.83466653943935     
   112.999997611550        2.81988774765719     
   113.099997605614        2.80529035539809     
   113.199997599677        2.79086985364816     
   113.299997593740        2.77662211108607     
   113.399997587803        2.76254336170252     
   113.499997581866        2.74863019102536     
   113.599997575929        2.73487952122092     
   113.699997569993        2.72128859531891     
   113.799997564056        2.70785496077801     
   113.899997558119        2.69457645258622     
   113.999997552182        2.68145117606757     
   114.099997546245        2.66847748955104     
   114.199997540309        2.65565398702895     
   114.299997534372        2.64297948092534     
   114.399997528435        2.63045298507436     
   114.499997522498        2.61807369799432     
   114.599997516561        2.60584098653220     
   114.699997510624        2.59375436994046     
   114.799997504688        2.58181350443810     
   114.899997498751        2.57001816829829     
   114.999997492814        2.55836824749680     
   115.099997486877        2.54686372194666     
   115.199997480940        2.53550465234051     
   115.299997475004        2.52429116761249     
   115.399997469067        2.51322345302882     
   115.499997463130        2.50230173891149     
   115.599997457193        2.49152628999341     
   115.699997451256        2.48089739540236     
   115.799997445319        2.47041535926576     
   115.899997439383        2.46008049192790     
   115.999997433446        2.44989310176636     
   116.099997427509        2.43985348759556     
   116.199997421572        2.42996193164070     
   116.299997415635        2.42021869306626     
   116.399997409699        2.41062400204184     
   116.499997403762        2.40117805432585     
   116.599997397825        2.39188100634927     
   116.699997391888        2.38273297077917     
   116.799997385951        2.37373401254325     
   116.899997380014        2.36488414529401     
   116.999997374078        2.35618332829528     
   117.099997368141        2.34763146370876     
   117.199997362204        2.33922839426261     
   117.299997356267        2.33097390128275     
   117.399997350330        2.32286770306716     
   117.499997344394        2.31490945358591     
   117.599997338457        2.30709874148750     
   117.699997332520        2.29943508939493     
   117.799997326583        2.29191795347368     
   117.899997320646        2.28454672325547     
   117.999997314709        2.27732072170138     
   118.099997308773        2.27023920548926     
   118.199997302836        2.26330136550956     
   118.299997296899        2.25650632755640     
   118.399997290962        2.24985315319937     
   118.499997285025        2.24334084082206     
   118.599997279089        2.23696832681676     
   118.699997273152        2.23073448691808     
   118.799997267215        2.22463813767403     
   118.899997261278        2.21867803803008     
   118.999997255341        2.21285289102373     
   119.099997249404        2.20716134558026     
   119.199997243468        2.20160199839589     
   119.299997237531        2.19617339590019     
   119.399997231594        2.19087403628985     
   119.499997225657        2.18570237162521     
   119.599997219720        2.18065680998049     
   119.699997213784        2.17573571764121     
   119.799997207847        2.17093742134134     
   119.899997201910        2.16626021053272     
   119.999997195973        2.16170233968025     
   120.099997190036        2.15726203057784     
   120.199997184100        2.15293747467754     
   120.299997178163        2.14872683542650     
   120.399997172226        2.14462825060772     
   120.499997166289        2.14063983467787     
   120.599997160352        2.13675968109763     
   120.699997154415        2.13298586465161     
   120.799997148479        2.12931644375059     
   120.899997142542        2.12574946271447     
   120.999997136605        2.12228295403028     
   121.099997130668        2.11891494058234     
   121.199997124731        2.11564343785121     
   121.299997118795        2.11246645607725     
   121.399997112858        2.10938200238564     
   121.499997106921        2.10638808287188     
   121.599997100984        2.10348270464038     
   121.699997095047        2.10066387779839     
   121.799997089110        2.09792961740067     
   121.899997083174        2.09527794534118     
   121.999997077237        2.09270689219197     
   122.099997071300        2.09021449898548     
   122.199997065363        2.08779881893959     
   122.299997059426        2.08545791912222     
   122.399997053490        2.08318988205563     
   122.499997047553        2.08099280725690     
   122.599997041616        2.07886481271545     
   122.699997035679        2.07680403630454     
   122.799997029742        2.07480863712721     
   122.899997023805        2.07287679679436     
   122.999997017869        2.07100672063567     
   123.099997011932        2.06919663884185     
   123.199997005995        2.06744480753789     
   123.299997000058        2.06574950978751     
   123.399996994121        2.06410905652804     
   123.499996988185        2.06252178743602     
   123.599996982248        2.06098607172402     
   123.699996976311        2.05950030886816     
   123.799996970374        2.05806292926777     
   123.899996964437        2.05667239483631     
   123.999996958500        2.05532719952617     
   124.099996952564        2.05402586978627     
   124.199996946627        2.05276696495500     
   124.299996940690        2.05154907758835     
   124.399996934753        2.05037083372534     
   124.499996928816        2.04923089309144     
   124.599996922880        2.04812794924177     
   124.699996916943        2.04706072964571     
   124.799996911006        2.04602799571411     
   124.899996905069        2.04502854277100     
   124.999996899132        2.04406119997227     
   125.099996893195        2.04312483017231     
   125.199996887259        2.04221832974078     
   125.299996881322        2.04134062833235     
   125.399996875385        2.04049068861026     
   125.499996869448        2.03966750592687     
   125.599996863511        2.03887010796325     
   125.699996857575        2.03809755432945     
   125.799996851638        2.03734893612826     
   125.899996845701        2.03662337548491     
   125.999996839764        2.03592002504452     
   126.099996833827        2.03523806744007     
   126.199996827890        2.03457671473258     
   126.299996821954        2.03393520782700     
   126.399996816017        2.03331281586447     
   126.499996810080        2.03270883559498     
   126.599996804143        2.03212259073131     
   126.699996798206        2.03155343128715     
   126.799996792270        2.03100073290163     
   126.899996786333        2.03046389615175     
   126.999996780396        2.02994234585559     
   127.099996774459        2.02943553036813     
   127.199996768522        2.02894292087107     
   127.299996762585        2.02846401065928     
   127.399996756649        2.02799831442547     
   127.499996750712        2.02754536754457     
   127.599996744775        2.02710472535985     
   127.699996738838        2.02667596247245     
   127.799996732901        2.02625867203525     
   127.899996726965        2.02585246505338     
   127.999996721028        2.02545696969213     
   128.099996715091        2.02507183059357     
   128.199996709154        2.02469670820341     
   128.299996703217        2.02433127810879     
   128.399996697280        2.02397523038850     
   128.499996691344        2.02362826897604     
   128.599996685407        2.02329011103676     
   128.699996679470        2.02296048635961     
   128.799996673533        2.02263913676419     
   128.899996667596        2.02232581552415     
   128.999996661660        2.02202028680663     
   129.099996655723        2.02172232512889     
   129.199996649786        2.02143171483233     
   129.299996643849        2.02114824957380     
   129.399996637912        2.02087173183519     
   129.499996631975        2.02060197245046     
   129.599996626039        2.02033879015150     
   129.699996620102        2.02008201113127     
   129.799996614165        2.01983146862570     
   129.899996608228        2.01958700251334     
   129.999996602291        2.01934845893291     
   130.099996596355        2.01911568991858     
   130.199996590418        2.01888855305286     
   130.299996584481        2.01866691113658     
   130.399996578544        2.01845063187583     
   130.499996572607        2.01823958758554     
   130.599996566670        2.01803365490925     
   130.699996560734        2.01783271455473     
   130.799996554797        2.01763665104492     
   130.899996548860        2.01744535248398     
   130.999996542923        2.01725871033772     
   131.099996536986        2.01707661922808     
   131.199996531050        2.01689897674105     
   131.299996525113        2.01672568324785     
   131.399996519176        2.01655664173823     
   131.499996513239        2.01639175766597     
   131.599996507302        2.01623093880589     
   131.699996501365        2.01607409512168     
   131.799996495429        2.01592113864408     
   131.899996489492        2.01577198335902     
   131.999996483555        2.01562654510508     
   132.099996477618        2.01548474147964     
   132.199996471681        2.01534649175361     
   132.299996465745        2.01521171679402     
   132.399996459808        2.01508033899345     
   132.499996453871        2.01495228220674     
   132.599996447934        2.01482747169431     
   132.699996441997        2.01470583407073     
   132.799996436060        2.01458729725922     
   132.899996430124        2.01447179045158     
   132.999996424187        2.01435924407165     
   133.099996418250        2.01424958974433     
   133.199996412313        2.01414276026781     
   133.299996406376        2.01403868958902     
   133.399996400440        2.01393731278346     
   133.499996394503        2.01383856603601     
   133.599996388566        2.01374238662666     
   133.699996382629        2.01364871291571     
   133.799996376692        2.01355748433399     
   133.899996370756        2.01346864137160     
   133.999996364819        2.01338212557137     
   134.099996358882        2.01329787952022     
   134.199996352945        2.01321584684490     
   134.299996347008        2.01313597220516     
   134.399996341071        2.01305820129107     
   134.499996335135        2.01298248081745     
   134.599996329198        2.01290875852108     
   134.699996323261        2.01283698315728     
   134.799996317324        2.01276710449538     
   134.899996311387        2.01269907331698     
   134.999996305451        2.01263284141060     
   135.099996299514        2.01256836156861     
   135.199996293577        2.01250558758342     
   135.299996287640        2.01244447424133     
   135.399996281703        2.01238497731910     
   135.499996275766        2.01232705357799     
   135.599996269830        2.01227066075623     
   135.699996263893        2.01221575756427     
   135.799996257956        2.01216230367700     
   135.899996252019        2.01211025972456     
   135.999996246082        2.01205958728516     
   136.099996240146        2.01201024887628     
   136.199996234209        2.01196220794373     
   136.299996228272        2.01191542885121     
   136.399996222335        2.01186987687090     
   136.499996216398        2.01182551817122     
   136.599996210461        2.01178231980381     
   136.699996204525        2.01174024969127     
   136.799996198588        2.01169927661533     
   136.899996192651        2.01165937020237     
   136.999996186714        2.01162050090878     
   137.099996180777        2.01158264000629     
   137.199996174841        2.01154575956868     
   137.299996168904        2.01150983245584     
   137.399996162967        2.01147483229792     
   137.499996157030        2.01144073347912     
   137.599996151093        2.01140751112171     
   137.699996145156        2.01137514107137     
   137.799996139220        2.01134359987955     
   137.899996133283        2.01131286478695     
   137.999996127346        2.01128291370653     
   138.099996121409        2.01125372520652     
   138.199996115472        2.01122527849534     
   138.299996109536        2.01119755340410     
   138.399996103599        2.01117053036953     
   138.499996097662        2.01114419041778     
   138.599996091725        2.01111851514714     
   138.699996085788        2.01109348671151     
   138.799996079851        2.01106908780549     
   138.899996073915        2.01104530164814     
   138.999996067978        2.01102211196655     
   139.099996062041        2.01099950298001     
   139.199996056104        2.01097745938510     
   139.299996050167        2.01095596633973     
   139.399996044231        2.01093500944860     
   139.499996038294        2.01091457474842     
   139.599996032357        2.01089464869541     
   139.699996026420        2.01087521814936     
   139.799996020483        2.01085627036108     
   139.899996014546        2.01083779295804     
   139.999996008610        2.01081977393225     
   140.099996002673        2.01080220162727     
   140.199995996736        2.01078506472580     
   140.299995990799        2.01076835223749     
   140.399995984862        2.01075205348811     
   140.499995978926        2.01073615810901     
   140.599995972989        2.01072065602560     
   140.699995967052        2.01070553744636     
   140.799995961115        2.01069079285360     
   140.899995955178        2.01067641299315     
   140.999995949241        2.01066238886491     
   141.099995943305        2.01064871171413     
   141.199995937368        2.01063537302295     
   141.299995931431        2.01062236450112     
   141.399995925494        2.01060967807839     
   141.499995919557        2.01059730589706     
   141.599995913621        2.01058524030473     
   141.699995907684        2.01057347384769     
   141.799995901747        2.01056199926312     
   141.899995895810        2.01055080947342     
   141.999995889873        2.01053989757923     
   142.099995883936        2.01052925685383     
   142.199995878000        2.01051888073778     
   142.299995872063        2.01050876283289     
   142.399995866126        2.01049889689756     
   142.499995860189        2.01048927684226     
   142.599995854252        2.01047989672309     
   142.699995848316        2.01047075073990     
   142.799995842379        2.01046183322968     
   142.899995836442        2.01045313866370     
   142.999995830505        2.01044466164313     
   143.099995824568        2.01043639689593     
   143.199995818631        2.01042833927235     
   143.299995812695        2.01042048374335     
   143.399995806758        2.01041282539609     
   143.499995800821        2.01040535943111     
   143.599995794884        2.01039808115969     
   143.699995788947        2.01039098599988     
   143.799995783011        2.01038406947570     
   143.899995777074        2.01037732721255     
   143.999995771137        2.01037075493687     
   144.099995765200        2.01036434847147     
   144.199995759263        2.01035810373577     
   144.299995753326        2.01035201674159     
   144.399995747390        2.01034608359195     
   144.499995741453        2.01034030047936     
   144.599995735516        2.01033466368341     
   144.699995729579        2.01032916956890     
   144.799995723642        2.01032381458463     
   144.899995717706        2.01031859526040     
   144.999995711769        2.01031350820714     
   145.099995705832        2.01030855011344     
   145.199995699895        2.01030371774617     
   145.299995693958        2.01029900794549     
   145.399995688021        2.01029441762753     
   145.499995682085        2.01028994377950     
   145.599995676148        2.01028558346021     
   145.699995670211        2.01028133379699     
   145.799995664274        2.01027719198755     
   145.899995658337        2.01027315529293     
   145.999995652401        2.01026922104287     
   146.099995646464        2.01026538663016     
   146.199995640527        2.01026164951005     
   146.299995634590        2.01025800720275     
   146.399995628653        2.01025445728416     
   146.499995622716        2.01025099739269     
   146.599995616780        2.01024762522411     
   146.699995610843        2.01024433853125     
   146.799995604906        2.01024113512074     
   146.899995598969        2.01023801285617     
   146.999995593032        2.01023496965320     
   147.099995587096        2.01023200348025     
   147.199995581159        2.01022911235592     
   147.299995575222        2.01022629435017     
   147.399995569285        2.01022354758144     
   147.499995563348        2.01022087021472     
   147.599995557411        2.01021826046468     
   147.699995551475        2.01021571658893     
   147.799995545538        2.01021323689064     
   147.899995539601        2.01021081971864     
   147.999995533664        2.01020846346088     
   148.099995527727        2.01020616654970     
   148.199995521791        2.01020392745716     
   148.299995515854        2.01020174469621     
   148.399995509917        2.01019961681722     
   148.499995503980        2.01019754241048     
   148.599995498043        2.01019552009884     
   148.699995492106        2.01019354854585     
   148.799995486170        2.01019162644968     
   148.899995480233        2.01018975253946     
   148.999995474296        2.01018792557978     
   149.099995468359        2.01018614437058     
   149.199995462422        2.01018440773925     
   149.299995456486        2.01018271454341     
   149.399995450549        2.01018106367828     
   149.499995444612        2.01017945405690     
   149.599995438675        2.01017788463290     
   149.699995432738        2.01017635437708     
   149.799995426802        2.01017486229624     
   149.899995420865        2.01017340741594     
   149.999995414928        2.01017198879332     
