   95.0999986742407        13760.1895873484     
   95.1999986683039        13760.1895873227     
   95.2999986623671        13760.1895872970     
   95.3999986564303        13760.1895872713     
   95.4999986504935        13760.1895872456     
   95.5999986445566        13760.1895872199     
   95.6999986386198        13760.1895871942     
   95.7999986326830        13760.1895871685     
   95.8999986267462        13760.1895871428     
   95.9999986208094        13760.1895871171     
   96.0999986148725        13760.1895870914     
   96.1999986089357        13760.1895870657     
   96.2999986029989        13760.1895870400     
   96.3999985970621        13760.1895870143     
   96.4999985911253        13760.1895869886     
   96.5999985851885        13760.1895869628     
   96.6999985792516        13760.1895869371     
   96.7999985733148        13760.1895869114     
   96.8999985673780        13760.1895868857     
   96.9999985614412        13760.1895868600     
   97.0999985555044        13760.1895868342     
   97.1999985495676        13760.1895868085     
   97.2999985436307        13760.1895867828     
   97.3999985376939        13760.1895867571     
   97.4999985317571        13760.1895867313     
   97.5999985258203        13760.1895867056     
   97.6999985198835        13760.1895866799     
   97.7999985139466        13760.1895866541     
   97.8999985080098        13760.1895866284     
   97.9999985020730        13760.1895866027     
   98.0999984961362        13760.1895865769     
   98.1999984901994        13760.1895865512     
   98.2999984842626        13760.1895865254     
   98.3999984783257        13760.1895864997     
   98.4999984723889        13760.1895864739     
   98.5999984664521        13760.1895864482     
   98.6999984605153        13760.1895864224     
   98.7999984545785        13760.1895863967     
   98.8999984486417        13760.1895863709     
   98.9999984427048        13760.1895863452     
   99.0999984367680        13760.1895863194     
   99.1999984308312        13760.1895862937     
   99.2999984248944        13760.1895862679     
   99.3999984189576        13760.1895862421     
   99.4999984130207        13760.1895862164     
   99.5999984070839        13760.1895861906     
   99.6999984011471        13760.1895861648     
   99.7999983952103        13760.1895861391     
   99.8999983892735        13760.1895861133     
   99.9999983833367        13760.1895860875     
   100.099998377400        14194.5959304720     
   100.199998371463        14487.2221467194     
   100.299998365526        14713.5886231021     
   100.399998359589        14899.4621702188     
   100.499998353653        15054.6461568120     
   100.599998347716        15184.9294645846     
   100.699998341779        15294.6210782545     
   100.799998335842        15387.1980362247     
   100.899998329905        15465.5423689459     
   100.999998323968        15532.0575507976     
   101.099998318032        15588.7214476528     
   101.199998312095        15637.1018399869     
   101.299998306158        15678.3776099412     
   101.399998300221        15713.4055145376     
   101.499998294284        15742.8277462472     
   101.599998288348        15767.1783393546     
   101.699998282411        15786.9543350245     
   101.799998276474        15802.6464680781     
   101.899998270537        15814.7420778591     
   101.999998264600        15823.7151832093     
   102.099998258663        15830.0138635937     
   102.199998252727        15834.0499262137     
   102.299998246790        15836.1924639717     
   102.399998240853        15836.7652133386     
   102.499998234916        15836.0469625303     
   102.599998228979        15834.2741122245     
   102.699998223043        15831.6445573948     
   102.799998217106        15828.3222078737     
   102.899998211169        15824.4416403652     
   102.999998205232        15820.1125441090     
   103.099998199295        15815.4237656686     
   103.199998193358        15810.4468657137     
   103.299998187422        15805.2391724210     
   103.399998181485        15799.8463585169     
   103.499998175548        15794.3045902797     
   103.599998169611        15788.6423044654     
   103.699998163674        15782.8816688321     
   103.799998157738        15777.0397775525     
   103.899998151801        15771.1296266825     
   103.999998145864        15765.1609083947     
   104.099998139927        15759.1406565414     
   104.199998133990        15753.0737706369     
   104.299998128054        15746.9634406167     
   104.399998122117        15740.8114907426     
   104.499998116180        15734.6186576969     
   104.599998110243        15728.3848151289     
   104.699998104306        15722.1091547264     
   104.799998098369        15715.7903320020     
   104.899998092433        15709.4265834595     
   104.999998086496        15703.0158206137     
   105.099998080559        15696.5557053343     
   105.199998074622        15690.0437101560     
   105.299998068685        15683.4771665434     
   105.399998062749        15676.8533035538     
   105.499998056812        15670.1692788985     
   105.599998050875        15663.4222040397     
   105.699998044938        15656.6091646568     
   105.799998039001        15649.7272375731     
   105.899998033064        15642.7735050182     
   105.999998027128        15635.7450669317     
   106.099998021191        15628.6390518638     
   106.199998015254        15621.4526269001     
   106.299998009317        15614.1830069277     
   106.399998003380        15606.8274634728     
   106.499997997444        15599.3833332449     
   106.599997991507        15591.8480264710     
   106.699997985570        15584.2190350336     
   106.799997979633        15576.4939403854     
   106.899997973696        15568.6704211798     
   106.999997967759        15560.7462605305     
   107.099997961823        15552.7193527991     
   107.199997955886        15544.5877098091     
   107.299997949949        15536.3494663871     
   107.399997944012        15528.0028851416     
   107.499997938075        15519.5463604167     
   107.599997932139        15510.9784213726     
   107.699997926202        15502.2977341736     
   107.799997920265        15493.5031032926     
   107.899997914328        15484.5934719665     
   107.999997908391        15475.5679218553     
   108.099997902454        15466.4256719886     
   108.199997896518        15457.1660770881     
   108.299997890581        15447.7886253751     
   108.399997884644        15438.2929359760     
   108.499997878707        15428.6787560058     
   108.599997872770        15418.9459575732     
   108.699997866834        15409.0945345633     
   108.799997860897        15399.1245995567     
   108.899997854960        15389.0363808327     
   108.999997849023        15378.8302195143     
   109.099997843086        15368.5065669777     
   109.199997837149        15358.0659825281     
   109.299997831213        15347.5091313813     
   109.399997825276        15336.8367829554     
   109.499997819339        15326.0498094889     
   109.599997813402        15315.1491849647     
   109.699997807465        15304.1359843214     
   109.799997801529        15293.0113829392     
   109.899997795592        15281.7766563510     
   109.999997789655        15270.4331801585     
   110.099997783718        15258.9824301018     
   110.199997777781        15247.4259822536     
   110.299997771844        15235.7655132838     
   110.399997765908        15224.0028007661     
   110.499997759971        15212.1397234799     
   110.599997754034        15200.1782616702     
   110.699997748097        15188.1204972349     
   110.799997742160        15175.9686137997     
   110.899997736224        15163.7248966577     
   110.999997730287        15151.3917325434     
   111.099997724350        15138.9716092193     
   111.199997718413        15126.4671148537     
   111.299997712476        15113.8809371749     
   111.399997706539        15101.2158623849     
   111.499997700603        15088.4747738241     
   111.599997694666        15075.6606503783     
   111.699997688729        15062.7765646216     
   111.799997682792        15049.8256806910     
   111.899997676855        15036.8112518966     
   111.999997670919        15023.7366180623     
   112.099997664982        15010.6052026049     
   112.199997659045        14997.4205093559     
   112.299997653108        14984.1861191297     
   112.399997647171        14970.9056860511     
   112.499997641234        14957.5829336470     
   112.599997635298        14944.2216507187     
   112.699997629361        14930.8256870008     
   112.799997623424        14917.3989486238     
   112.899997617487        14903.9453933934     
   112.999997611550        14890.4690259005     
   113.099997605614        14876.9738924777     
   113.199997599677        14863.4640760189     
   113.299997593740        14849.9436906773     
   113.399997587803        14836.4168764601     
   113.499997581866        14822.8877937267     
   113.599997575929        14809.3606176656     
   113.699997569993        14795.8395326196     
   113.799997564056        14782.3287264818     
   113.899997558119        14768.8323850207     
   113.999997552182        14755.3546862166     
   114.099997546245        14741.8997946182     
   114.199997540309        14728.4718557336     
   114.299997534372        14715.0749904742     
   114.399997528435        14701.7132896673     
   114.499997522498        14688.3908086532     
   114.599997516561        14675.1115619823     
   114.699997510624        14661.8795182277     
   114.799997504688        14648.6985949258     
   114.899997498751        14635.5726536598     
   114.999997492814        14622.5054952983     
   115.099997486877        14609.5008554006     
   115.199997480940        14596.5623998007     
   115.299997475004        14583.6937203781     
   115.399997469067        14570.8983310284     
   115.499997463130        14558.1796638372     
   115.599997457193        14545.5410654693     
   115.699997451256        14532.9857937780     
   115.799997445319        14520.5170146377     
   115.899997439383        14508.1377990090     
   115.999997433446        14495.8511202368     
   116.099997427509        14483.6598515843     
   116.199997421572        14471.5667640050     
   116.299997415635        14459.5745241560     
   116.399997409699        14447.6856926492     
   116.499997403762        14435.9027225395     
   116.599997397825        14424.2279580517     
   116.699997391888        14412.6636335414     
   116.799997385951        14401.2118726867     
   116.899997380014        14389.8746879055     
   116.999997374078        14378.6539799978     
   117.099997368141        14367.5515380044     
   117.199997362204        14356.5690392750     
   117.299997356267        14345.7080497449     
   117.399997350330        14334.9700244070     
   117.499997344394        14324.3563079765     
   117.599997338457        14313.8681357378     
   117.699997332520        14303.5066345668     
   117.799997326583        14293.2728241222     
   117.899997320646        14283.1676181922     
   117.999997314709        14273.1918261934     
   118.099997308773        14263.3461548040     
   118.199997302836        14253.6312097454     
   118.299997296899        14244.0474976639     
   118.399997290962        14234.5954281429     
   118.499997285025        14225.2753158186     
   118.599997279089        14216.0873825638     
   118.699997273152        14207.0317598254     
   118.799997267215        14198.1084909673     
   118.899997261278        14189.3175336811     
   118.999997255341        14180.6587625253     
   119.099997249404        14172.1319715037     
   119.199997243468        14163.7368765988     
   119.299997237531        14155.4731184539     
   119.399997231594        14147.3402650122     
   119.499997225657        14139.3378142075     
   119.599997219720        14131.4651966609     
   119.699997213784        14123.7217783941     
   119.799997207847        14116.1068635250     
   119.899997201910        14108.6196969812     
   119.999997195973        14101.2594671874     
   120.099997190036        14094.0253087428     
   120.199997184100        14086.9163050769     
   120.299997178163        14079.9314910799     
   120.399997172226        14073.0698557010     
   120.499997166289        14066.3303445160     
   120.599997160352        14059.7118622520     
   120.699997154415        14053.2132752742     
   120.799997148479        14046.8334140255     
   120.899997142542        14040.5710754195     
   120.999997136605        14034.4250251837     
   121.099997130668        14028.3940001479     
   121.199997124731        14022.4767104794     
   121.299997118795        14016.6718418620     
   121.399997112858        14010.9780576149     
   121.499997106921        14005.3940007535     
   121.599997100984        13999.9182959903     
   121.699997095047        13994.5495516727     
   121.799997089110        13989.2863616614     
   121.899997083174        13984.1273071427     
   121.999997077237        13979.0709583814     
   122.099997071300        13974.1158764087     
   122.199997065363        13969.2606146502     
   122.299997059426        13964.5037204864     
   122.399997053490        13959.8437367555     
   122.499997047553        13955.2792031939     
   122.599997041616        13950.8086578131     
   122.699997035679        13946.4306382190     
   122.799997029742        13942.1436828707     
   122.899997023805        13937.9463322790     
   122.999997017869        13933.8371301509     
   123.099997011932        13929.8146244746     
   123.199997005995        13925.8773685501     
   123.299997000058        13922.0239219646     
   123.399996994121        13918.2528515175     
   123.499996988185        13914.5627320905     
   123.599996982248        13910.9521474698     
   123.699996976311        13907.4196911174     
   123.799996970374        13903.9639668971     
   123.899996964437        13900.5835897518     
   123.999996958500        13897.2771863367     
   124.099996952564        13894.0433956099     
   124.199996946627        13890.8808693809     
   124.299996940690        13887.7882728173     
   124.399996934753        13884.7642849135     
   124.499996928816        13881.8075989221     
   124.599996922880        13878.9169227466     
   124.699996916943        13876.0909793019     
   124.799996911006        13873.3285068395     
   124.899996905069        13870.6282592416     
   124.999996899132        13867.9890062832     
   125.099996893195        13865.4095338658     
   125.199996887259        13862.8886442205     
   125.299996881322        13860.4251560883     
   125.399996875385        13858.0179048702     
   125.499996869448        13855.6657427543     
   125.599996863511        13853.3675388219     
   125.699996857575        13851.1221791258     
   125.799996851638        13848.9285667548     
   125.899996845701        13846.7856218699     
   125.999996839764        13844.6922817300     
   126.099996833827        13842.6475006907     
   126.199996827890        13840.6502501959     
   126.299996821954        13838.6995187437     
   126.399996816017        13836.7943118435     
   126.499996810080        13834.9336519582     
   126.599996804143        13833.1165784306     
   126.699996798206        13831.3421473982     
   126.799996792270        13829.6094316976     
   126.899996786333        13827.9175207570     
   126.999996780396        13826.2655204784     
   127.099996774459        13824.6525531104     
   127.199996768522        13823.0777571124     
   127.299996762585        13821.5402870106     
   127.399996756649        13820.0393132465     
   127.499996750712        13818.5740220186     
   127.599996744775        13817.1436151172     
   127.699996738838        13815.7473097541     
   127.799996732901        13814.3843383855     
   127.899996726965        13813.0539485342     
   127.999996721028        13811.7554026041     
   128.099996715091        13810.4879776873     
   128.199996709154        13809.2509653781     
   128.299996703217        13808.0436715757     
   128.399996697280        13806.8654162822     
   128.499996691344        13805.7155334124     
   128.599996685407        13804.5933705801     
   128.699996679470        13803.4982889070     
   128.799996673533        13802.4296628071     
   128.899996667596        13801.3868797901     
   128.999996661660        13800.3693402507     
   129.099996655723        13799.3764572601     
   129.199996649786        13798.4076563675     
   129.299996643849        13797.4623753859     
   129.399996637912        13796.5400641866     
   129.499996631975        13795.6401844969     
   129.599996626039        13794.7622096951     
   129.699996620102        13793.9056246033     
   129.799996614165        13793.0699252848     
   129.899996608228        13792.2546188440     
   129.999996602291        13791.4592232245     
   130.099996596355        13790.6832670109     
   130.199996590418        13789.9262892308     
   130.299996584481        13789.1878391591     
   130.399996578544        13788.4674761239     
   130.499996572607        13787.7647693141     
   130.599996566670        13787.0792975900     
   130.699996560734        13786.4106492948     
   130.799996554797        13785.7584220688     
   130.899996548860        13785.1222226660     
   130.999996542923        13784.5016667729     
   131.099996536986        13783.8963788291     
   131.199996531050        13783.3059918508     
   131.299996525113        13782.7301472555     
   131.399996519176        13782.1684946883     
   131.499996513239        13781.6206918579     
   131.599996507302        13781.0864043690     
   131.699996501365        13780.5653055543     
   131.799996495429        13780.0570763089     
   131.899996489492        13779.5614049393     
   131.999996483555        13779.0779870091     
   132.099996477618        13778.6065251720     
   132.199996471681        13778.1467290233     
   132.299996465745        13777.6983149684     
   132.399996459808        13777.2610060498     
   132.499996453871        13776.8345318167     
   132.599996447934        13776.4186281940     
   132.699996441997        13776.0130373110     
   132.799996436060        13775.6175074077     
   132.899996430124        13775.2317926618     
   132.999996424187        13774.8556530812     
   133.099996418250        13774.4888543694     
   133.199996412313        13774.1311677874     
   133.299996406376        13773.7823700537     
   133.399996400440        13773.4422431897     
   133.499996394503        13773.1105744373     
   133.599996388566        13772.7871561042     
   133.699996382629        13772.4717854820     
   133.799996376692        13772.1642647109     
   133.899996370756        13771.8644006754     
   133.999996364819        13771.5720049118     
   134.099996358882        13771.2868934616     
   134.199996352945        13771.0088868308     
   134.299996347008        13770.7378098160     
   134.399996341071        13770.4734914655     
   134.499996335135        13770.2157649536     
   134.599996329198        13769.9644674661     
   134.699996323261        13769.7194401664     
   134.799996317324        13769.4805280406     
   134.899996311387        13769.2475798304     
   134.999996305451        13769.0204479786     
   135.099996299514        13768.7989884864     
   135.199996293577        13768.5830608564     
   135.299996287640        13768.3725280392     
   135.399996281703        13768.1672563013     
   135.499996275766        13767.9671151600     
   135.599996269830        13767.7719773513     
   135.699996263893        13767.5817187018     
   135.799996257956        13767.3962180582     
   135.899996252019        13767.2153572501     
   135.999996246082        13767.0390210069     
   136.099996240146        13766.8670968689     
   136.199996234209        13766.6994751201     
   136.299996228272        13766.5360487634     
   136.399996222335        13766.3767134249     
   136.499996216398        13766.2213672866     
   136.599996210461        13766.0699110224     
   136.699996204525        13765.9222477643     
   136.799996198588        13765.7782830397     
   136.899996192651        13765.6379246894     
   136.999996186714        13765.5010828240     
   137.099996180777        13765.3676697584     
   137.199996174841        13765.2375999980     
   137.299996168904        13765.1107901534     
   137.399996162967        13764.9871588880     
   137.499996157030        13764.8666268747     
   137.599996151093        13764.7491167391     
   137.699996145156        13764.6345530289     
   137.799996139220        13764.5228621769     
   137.899996133283        13764.4139724216     
   137.999996127346        13764.3078137795     
   138.099996121409        13764.2043180017     
   138.199996115472        13764.1034185247     
   138.299996109536        13764.0050504369     
   138.399996103599        13763.9091504608     
   138.499996097662        13763.8156568748     
   138.599996091725        13763.7245094885     
   138.699996085788        13763.6356496075     
   138.799996079851        13763.5490199959     
   138.899996073915        13763.4645648382     
   138.999996067978        13763.3822296989     
   139.099996062041        13763.3019615226     
   139.199996056104        13763.2237085651     
   139.299996050167        13763.1474203661     
   139.399996044231        13763.0730477213     
   139.499996038294        13763.0005426528     
   139.599996032357        13762.9298583785     
   139.699996026420        13762.8609492821     
   139.799996020483        13762.7937708805     
   139.899996014546        13762.7282797955     
   139.999996008610        13762.6644337530     
   140.099996002673        13762.6021915257     
   140.199995996736        13762.5415129106     
   140.299995990799        13762.4823587074     
   140.399995984862        13762.4246906963     
   140.499995978926        13762.3684716113     
   140.599995972989        13762.3136651170     
   140.699995967052        13762.2602357874     
   140.799995961115        13762.2081490803     
   140.899995955178        13762.1573713160     
   140.999995949241        13762.1078696516     
   141.099995943305        13762.0596120705     
   141.199995937368        13762.0125673720     
   141.299995931431        13761.9667051227     
   141.399995925494        13761.9219956509     
   141.499995919557        13761.8784100255     
   141.599995913621        13761.8359200410     
   141.699995907684        13761.7944981971     
   141.799995901747        13761.7541176826     
   141.899995895810        13761.7147523573     
   141.999995889873        13761.6763767346     
   142.099995883936        13761.6389659684     
   142.199995878000        13761.6024958317     
   142.299995872063        13761.5669427084     
   142.399995866126        13761.5322835702     
   142.499995860189        13761.4984959664     
   142.599995854252        13761.4655580048     
   142.699995848316        13761.4334483419     
   142.799995842379        13761.4021461840     
   142.899995836442        13761.3716312527     
   142.999995830505        13761.3418837719     
   143.099995824568        13761.3128844640     
   143.199995818631        13761.2846145335     
   143.299995812695        13761.2570556548     
   143.399995806758        13761.2301899644     
   143.499995800821        13761.2040000442     
   143.599995794884        13761.1784689158     
   143.699995788947        13761.1535800224     
   143.799995783011        13761.1293172276     
   143.899995777074        13761.1056647973     
   143.999995771137        13761.0826073905     
   144.099995765200        13761.0601300531     
   144.199995759263        13761.0382182061     
   144.299995753326        13761.0168576368     
   144.399995747390        13760.9960344870     
   144.499995741453        13760.9757352492     
   144.599995735516        13760.9559467513     
   144.699995729579        13760.9366561537     
   144.799995723642        13760.9178509411     
   144.899995717706        13760.8995189100     
   144.999995711769        13760.8816481628     
   145.099995705832        13760.8642270996     
   145.199995699895        13760.8472444178     
   145.299995693958        13760.8306890866     
   145.399995688021        13760.8145503614     
   145.499995682085        13760.7988177601     
   145.599995676148        13760.7834810762     
   145.699995670211        13760.7685303559     
   145.799995664274        13760.7539558965     
   145.899995658337        13760.7397482303     
   145.999995652401        13760.7258981315     
   146.099995646464        13760.7123966113     
   146.199995640527        13760.6992348982     
   146.299995634590        13760.6864044417     
   146.399995628653        13760.6738969105     
   146.499995622716        13760.6617041833     
   146.599995616780        13760.6498183390     
   146.699995610843        13760.6382316591     
   146.799995604906        13760.6269366140     
   146.899995598969        13760.6159258678     
   146.999995593032        13760.6051922687     
   147.099995587096        13760.5947288408     
   147.199995581159        13760.5845287882     
   147.299995575222        13760.5745854844     
   147.399995569285        13760.5648924674     
   147.499995563348        13760.5554434403     
   147.599995557411        13760.5462322643     
   147.699995551475        13760.5372529558     
   147.799995545538        13760.5284996763     
   147.899995539601        13760.5199667335     
   147.999995533664        13760.5116485902     
   148.099995527727        13760.5035398389     
   148.199995521791        13760.4956352123     
   148.299995515854        13760.4879295654     
   148.399995509917        13760.4804178947     
   148.499995503980        13760.4730953217     
   148.599995498043        13760.4659570837     
   148.699995492106        13760.4589985374     
   148.799995486170        13760.4522151708     
   148.899995480233        13760.4456025626     
   148.999995474296        13760.4391564180     
   149.099995468359        13760.4328725583     
   149.199995462422        13760.4267468774     
   149.299995456486        13760.4207754178     
   149.399995450549        13760.4149542734     
   149.499995444612        13760.4092796838     
   149.599995438675        13760.4037479399     
   149.699995432738        13760.3983554630     
   149.799995426802        13760.3930987346     
   149.899995420865        13760.3879743439     
   149.999995414928        13760.3829789557     
