   95.0999986742407       7.307096176162681E-002
   95.1999986683039       7.307096153150525E-002
   95.2999986623671       7.307096130136849E-002
   95.3999986564303       7.307096107121652E-002
   95.4999986504935       7.307096084104940E-002
   95.5999986445566       7.307096061086708E-002
   95.6999986386198       7.307096038066963E-002
   95.7999986326830       7.307096015045692E-002
   95.8999986267462       7.307095992022899E-002
   95.9999986208094       7.307095968998595E-002
   96.0999986148725       7.307095945972769E-002
   96.1999986089357       7.307095922945427E-002
   96.2999986029989       7.307095899916560E-002
   96.3999985970621       7.307095876886192E-002
   96.4999985911253       7.307095853854285E-002
   96.5999985851885       7.307095830820866E-002
   96.6999985792516       7.307095807785913E-002
   96.7999985733148       7.307095784749462E-002
   96.8999985673780       7.307095761711481E-002
   96.9999985614412       7.307095738671973E-002
   97.0999985555044       7.307095715630950E-002
   97.1999985495676       7.307095692588400E-002
   97.2999985436307       7.307095669544339E-002
   97.3999985376939       7.307095646498757E-002
   97.4999985317571       7.307095623451650E-002
   97.5999985258203       7.307095600403019E-002
   97.6999985198835       7.307095577352868E-002
   97.7999985139466       7.307095554301202E-002
   97.8999985080098       7.307095531248006E-002
   97.9999985020730       7.307095508193294E-002
   98.0999984961362       7.307095485137056E-002
   98.1999984901994       7.307095462079299E-002
   98.2999984842626       7.307095439020017E-002
   98.3999984783257       7.307095415959210E-002
   98.4999984723889       7.307095392896891E-002
   98.5999984664521       7.307095369833032E-002
   98.6999984605153       7.307095346767666E-002
   98.7999984545785       7.307095323700773E-002
   98.8999984486417       7.307095300632357E-002
   98.9999984427048       7.307095277562418E-002
   99.0999984367680       7.307095254490957E-002
   99.1999984308312       7.307095231417964E-002
   99.2999984248944       7.307095208343446E-002
   99.3999984189576       7.307095185267412E-002
   99.4999984130207       7.307095162189849E-002
   99.5999984070839       7.307095139110777E-002
   99.6999984011471       7.307095116030148E-002
   99.7999983952103       7.307095092948021E-002
   99.8999983892735       7.307095069864358E-002
   99.9999983833367       7.307095046779168E-002
   100.099998377400       7.664959390425395E-002
   100.199998371463       8.666550341228833E-002
   100.299998365526       0.104872098684255     
   100.399998359589       0.134961597513354     
   100.499998353653       0.183015628116355     
   100.599998347716       0.256291683655107     
   100.699998341779       0.356747947517130     
   100.799998335842       0.472217156739154     
   100.899998329905       0.580256289343775     
   100.999998323968       0.664110713599581     
   101.099998318032       0.720422298262462     
   101.199998312095       0.754971342354371     
   101.299998306158       0.776151273055366     
   101.399998300221       0.791292218341184     
   101.499998294284       0.805607598567677     
   101.599998288348       0.822370714933199     
   101.699998282411       0.843424099348789     
   101.799998276474       0.869657924574919     
   101.899998270537       0.901365329978154     
   101.999998264600       0.938481362625908     
   102.099998258663       0.980735802578070     
   102.199998252727        1.02774834349923     
   102.299998246790        1.07908706582228     
   102.399998240853        1.13430411848885     
   102.499998234916        1.19295734828856     
   102.599998228979        1.25462313918103     
   102.699998223043        1.31890354364165     
   102.799998217106        1.38542955196212     
   102.899998211169        1.45386174362213     
   102.999998205232        1.52388929521027     
   103.099998199295        1.59522813765200     
   103.199998193358        1.66761884497876     
   103.299998187422        1.74082460292607     
   103.399998181485        1.81462940301669     
   103.499998175548        1.88883647435862     
   103.599998169611        1.96326690290233     
   103.699998163674        2.03775837548609     
   103.799998157738        2.11216399897088     
   103.899998151801        2.18635116499756     
   103.999998145864        2.26020044869924     
   104.099998139927        2.33360454168345     
   104.199998133990        2.40646722581151     
   104.299998128054        2.47870239623482     
   104.399998122117        2.55023314136349     
   104.499998116180        2.62099088536670     
   104.599998110243        2.69091459629166     
   104.699998104306        2.75995006052114     
   104.799998098369        2.82804922230477     
   104.899998092433        2.89516958563970     
   104.999998086496        2.96127367474340     
   105.099998080559        3.02632854877952     
   105.199998074622        3.09030536622096     
   105.299998068685        3.15317899420548     
   105.399998062749        3.21492765838442     
   105.499998056812        3.27553262901084     
   105.599998050875        3.33497793934253     
   105.699998044938        3.39325013276919     
   105.799998039001        3.45033803544109     
   105.899998033064        3.50623255150635     
   105.999998027128        3.56092647840666     
   106.099998021191        3.61441433996607     
   106.199998015254        3.66669223528669     
   106.299998009317        3.71775770171096     
   106.399998003380        3.76760959032064     
   106.499997997444        3.81624795263862     
   106.599997991507        3.86367393736387     
   106.699997985570        3.90988969611665     
   106.799997979633        3.95489829729752     
   106.899997973696        3.99870364727239     
   106.999997967759        4.04131041819292     
   107.099997961823        4.08272398184151     
   107.199997955886        4.12295034896279     
   107.299997949949        4.16199611360111     
   107.399997944012        4.19986840202641     
   107.499997938075        4.23657482585970     
   107.599997932139        4.27212343906730     
   107.699997926202        4.30652269851432     
   107.799997920265        4.33978142780295     
   107.899997914328        4.37190878415071     
   107.999997908391        4.40291422807470     
   108.099997902454        4.43280749568148     
   108.199997896518        4.46159857337184     
   108.299997890581        4.48929767478526     
   108.399997884644        4.51591521982506     
   108.499997878707        4.54146181561520     
   108.599997872770        4.56594823925189     
   108.699997866834        4.58938542221936     
   108.799997860897        4.61178443635254     
   108.899997854960        4.63315648123391     
   108.999997849023        4.65351287291629     
   109.099997843086        4.67286503387671     
   109.199997837149        4.69122448410348     
   109.299997831213        4.70860283323250     
   109.399997825276        4.72501177364401     
   109.499997819339        4.74046307444526     
   109.599997813402        4.75496857626004     
   109.699997807465        4.76854018675531     
   109.799997801529        4.78118987683654     
   109.899997795592        4.79292967744610     
   109.999997789655        4.80377167690238     
   110.099997783718        4.81372801872729     
   110.199997777781        4.82281089988803     
   110.299997771844        4.83103256942350     
   110.399997765908        4.83840532738612     
   110.499997759971        4.84494152405789     
   110.599997754034        4.85065355939253     
   110.699997748097        4.85555388263968     
   110.799997742160        4.85965499210875     
   110.899997736224        4.86296943503411     
   110.999997730287        4.86550980750136     
   111.099997724350        4.86728875440197     
   111.199997718413        4.86831896938020     
   111.299997712476        4.86861319474247     
   111.399997706539        4.86818422129769     
   111.499997700603        4.86704488810337     
   111.599997694666        4.86520808209054     
   111.699997688729        4.86268673754253     
   111.799997682792        4.85949383540979     
   111.899997676855        4.85564240243716     
   111.999997670919        4.85114551008722     
   112.099997664982        4.84601627324508     
   112.199997659045        4.84026784868871     
   112.299997653108        4.83391343331499     
   112.399997647171        4.82696626210913     
   112.499997641234        4.81943960585270     
   112.599997635298        4.81134676855789     
   112.699997629361        4.80270108463120     
   112.799997623424        4.79351591575839     
   112.899997617487        4.78380464751239     
   112.999997611550        4.77358068568224     
   113.099997605614        4.76285745232965     
   113.199997599677        4.75164838157481     
   113.299997593740        4.73996691511670     
   113.399997587803        4.72782649749639     
   113.499997581866        4.71524057111160     
   113.599997575929        4.70222257099463     
   113.699997569993        4.68878591935898     
   113.799997564056        4.67494401993592     
   113.899997558119        4.66071025210728     
   113.999997552182        4.64609796485361     
   114.099997546245        4.63112047053272     
   114.199997540309        4.61579103850178     
   114.299997534372        4.60012288860887     
   114.399997528435        4.58412918456115     
   114.499997522498        4.56782302719591     
   114.599997516561        4.55121744767160     
   114.699997510624        4.53432540059896     
   114.799997504688        4.51715975712814     
   114.899997498751        4.49973329801842     
   114.999997492814        4.48205870670416     
   115.099997486877        4.46414856238106     
   115.199997480940        4.44601533312990     
   115.299997475004        4.42767136909983     
   115.399997469067        4.40912889576623     
   115.499997463130        4.39040000728856     
   115.599997457193        4.37149665997818     
   115.699997451256        4.35243066590262     
   115.799997445319        4.33321368663544     
   115.899997439383        4.31385722717325     
   115.999997433446        4.29437263003380     
   116.099997427509        4.27477106954971     
   116.199997421572        4.25506354637142     
   116.299997415635        4.23526088219271     
   116.399997409699        4.21537371471228     
   116.499997403762        4.19541249283828     
   116.599997397825        4.17538747215043     
   116.699997391888        4.15530871062505     
   116.799997385951        4.13518606463310     
   116.899997380014        4.11502918521623     
   116.999997374078        4.09484751464825     
   117.099997368141        4.07465028328507     
   117.199997362204        4.05444650670580     
   117.299997356267        4.03424498316041     
   117.399997350330        4.01405429129018     
   117.499997344394        3.99388278817099     
   117.599997338457        3.97373860763983     
   117.699997332520        3.95362965891987     
   117.799997326583        3.93356362553993     
   117.899997320646        3.91354796454339     
   117.999997314709        3.89358990598331     
   118.099997308773        3.87369645269963     
   118.199997302836        3.85387438037260     
   118.299997296899        3.83413023784654     
   118.399997290962        3.81447034771708     
   118.499997285025        3.79490080717478     
   118.599997279089        3.77542748909700     
   118.699997273152        3.75605604338005     
   118.799997267215        3.73679189850280     
   118.899997261278        3.71764026331323     
   118.999997255341        3.69860612902698     
   119.099997249404        3.67969427142986     
   119.199997243468        3.66090925327418     
   119.299997237531        3.64225542685740     
   119.399997231594        3.62373693677501     
   119.499997225657        3.60535772283573     
   119.599997219720        3.58712152312913     
   119.699997213784        3.56903187723515     
   119.799997207847        3.55109212956662     
   119.899997201910        3.53330543283098     
   119.999997195973        3.51567475160567     
   120.099997190036        3.40042868880583     
   120.199997184100        3.21363778908225     
   120.299997178163        2.98570698571608     
   120.399997172226        2.73511409306120     
   120.499997166289        2.47568024770867     
   120.599997160352        2.21752881934154     
   120.699997154415        1.96785775803045     
   120.799997148479        1.73157587186022     
   120.899997142542        1.51182501258829     
   120.999997136605        1.31040721410018     
   121.099997130668        1.12813017365307     
   121.199997124731       0.965073817394786     
   121.299997118795       0.820787147290592     
   121.399997112858       0.694455015955577     
   121.499997106921       0.585044839552790     
   121.599997100984       0.491400344265901     
   121.699997095047       0.412274770362223     
   121.799997089110       0.346322981983141     
   121.899997083174       0.292083809194785     
   121.999997077237       0.247990884564734     
   122.099997071300       0.212435988805236     
   122.199997065363       0.183870874332841     
   122.299997059426       0.160904673592649     
   122.399997053490       0.142361453333762     
   122.499997047553       0.127291371018340     
   122.599997041616       0.114949781787785     
   122.699997035679       0.104762412758497     
   122.799997029742       9.628914921562254E-002
   122.899997023805       8.919243242226635E-002
   122.999997017869       8.321197734348235E-002
   123.099997011932       7.814545557014360E-002
   123.199997005995       7.383408069199386E-002
   123.299997000058       7.015196390152702E-002
   123.399996994121       6.699827271133169E-002
   123.499996988185       6.429143970428028E-002
   123.599996982248       6.196486090163775E-002
   123.699996976311       5.996367607190668E-002
   123.799996970374       5.824233747033265E-002
   123.899996964437       5.676275636022193E-002
   123.999996958500       5.549287595373566E-002
   124.099996952564       5.440556158738498E-002
   124.199996946627       5.347772893500448E-002
   124.299996940690       5.268965243507222E-002
   124.399996934753       5.202441141093626E-002
   124.499996928816       5.146744237769895E-002
   124.599996922880       5.100617400780830E-002
   124.699996916943       5.062972704397931E-002
   124.799996911006       5.032866571706966E-002
   124.899996905069       5.009479038078328E-002
   124.999996899132       4.992096342200474E-002
   125.099996893195       4.980096226353580E-002
   125.199996887259       4.972935460246995E-002
   125.299996881322       4.970139203537134E-002
   125.399996875385       4.971291899314805E-002
   125.499996869448       4.976029450400436E-002
   125.599996863511       4.984032476600629E-002
   125.699996857575       4.995020487401060E-002
   125.799996851638       5.008746833334678E-002
   125.899996845701       5.024994322163606E-002
   125.999996839764       5.043571404507065E-002
   126.099996833827       5.064308848523039E-002
   126.199996827890       5.087056835533261E-002
   126.299996821954       5.111682418620123E-002
   126.399996816017       5.138067294650760E-002
   126.499996810080       5.166105847254098E-002
   126.599996804143       5.195703424232913E-002
   126.699996798206       5.226774817946162E-002
   126.799996792270       5.259242921520651E-002
   126.899996786333       5.293037537437927E-002
   126.999996780396       5.328094318241375E-002
   127.099996774459       5.364353821857161E-002
   127.199996768522       5.401760666425879E-002
   127.299996762585       5.440262771628361E-002
   127.399996756649       5.479810675327332E-002
   127.499996750712       5.520356915950099E-002
   127.599996744775       5.561855472472611E-002
   127.699996738838       5.604261255120496E-002
   127.799996732901       5.647529641037857E-002
   127.899996726965       5.691616050180708E-002
   127.999996721028       5.736475557603948E-002
   128.099996715091       5.782062539132066E-002
   128.199996709154       5.828330348141460E-002
   128.299996703217       5.875231021873337E-002
   128.399996697280       5.922715016284628E-002
   128.499996691344       5.970730969019979E-002
   128.599996685407       6.019225490573216E-002
   128.699996679470       6.068142984148112E-002
   128.799996673533       6.117425495117747E-002
   128.899996667596       6.167012591302799E-002
   128.999996661660       6.216841275550903E-002
   129.099996655723       6.266845932295868E-002
   129.199996649786       6.316958309893080E-002
   129.299996643849       6.367107540581475E-002
   129.399996637912       6.417220199855365E-002
   129.499996631975       6.467220406938001E-002
   129.599996626039       6.517029967788009E-002
   129.699996620102       6.566568561775422E-002
   129.799996614165       6.615753972737032E-002
   129.899996608228       6.664502364613166E-002
   129.999996602291       6.712728601269966E-002
   130.099996596355       6.760346609422853E-002
   130.199996590418       6.807269782832195E-002
   130.299996584481       6.853411425122399E-002
   130.399996578544       6.898685227748538E-002
   130.499996572607       6.943005778751317E-002
   130.599996566670       6.986289097118240E-002
   130.699996560734       7.028453186740991E-002
   130.799996554797       7.069418603217381E-002
   130.899996548860       7.109109026113174E-002
   130.999996542923       7.147451828752562E-002
   131.099996536986       7.184378637247199E-002
   131.199996531050       7.219825870265800E-002
   131.299996525113       7.253735251026489E-002
   131.399996519176       7.286054283183231E-002
   131.499996513239       7.316736682669506E-002
   131.599996507302       7.345742758143103E-002
   131.699996501365       7.373039733472661E-002
   131.799996495429       7.398602006653154E-002
   131.899996489492       7.422411340645643E-002
   131.999996483555       7.444456982870461E-002
   132.099996477618       7.464735711383499E-002
   132.199996471681       7.483251807115075E-002
   132.299996465745       7.500016952967441E-002
   132.399996459808       7.515050061759690E-002
   132.499996453871       7.528377036451296E-002
   132.599996447934       7.540030467081742E-002
   132.699996441997       7.550049269940032E-002
   132.799996436060       7.558478275313453E-002
   132.899996430124       7.565367770868463E-002
   132.999996424187       7.570773008175885E-002
   133.099996418250       7.574753680221566E-002
   133.199996412313       7.577373377840307E-002
   133.299996406376       7.578699032942002E-002
   133.399996400440       7.578800356186531E-002
   133.499996394503       7.577749276364437E-002
   133.599996388566       7.575619388256206E-002
   133.699996382629       7.572485415119402E-002
   133.799996376692       7.568422691294628E-002
   133.899996370756       7.563506669675772E-002
   133.999996364819       7.557812458017818E-002
   134.099996358882       7.551414387306048E-002
   134.199996352945       7.544385614635479E-002
   134.299996347008       7.536797762334987E-002
   134.399996341071       7.528720594351625E-002
   134.499996335135       7.520221730320896E-002
   134.599996329198       7.511366397137322E-002
   134.699996323261       7.502217217363279E-002
   134.799996317324       7.492834033360531E-002
   134.899996311387       7.483273765663129E-002
   134.999996305451       7.473590303830764E-002
   135.099996299514       7.463834427773648E-002
   135.199996293577       7.454053757382079E-002
   135.299996287640       7.444292728179062E-002
   135.399996281703       7.434592590652533E-002
   135.499996275766       7.424991430905317E-002
   135.599996269830       7.415524210291727E-002
   135.699996263893       7.406222821761105E-002
   135.799996257956       7.397116160706498E-002
   135.899996252019       7.388230208232349E-002
   135.999996246082       7.379588124863845E-002
   136.099996240146       7.371210352852541E-002
   136.199996234209       7.363114725378005E-002
   136.299996228272       7.355316581087411E-002
   136.399996222335       7.347828882552367E-002
   136.499996216398       7.340662337370413E-002
   136.599996210461       7.333825520777394E-002
   136.699996204525       7.327324998757681E-002
   136.799996198588       7.321165450780814E-002
   136.899996192651       7.315349791402879E-002
   136.999996186714       7.309879290080322E-002
   137.099996180777       7.304753688651501E-002
   137.199996174841       7.299971316027286E-002
   137.299996168904       7.295529199712915E-002
   137.399996162967       7.291423173868776E-002
   137.499996157030       7.287647983677602E-002
   137.599996151093       7.284197385843966E-002
   137.699996145156       7.281064245112584E-002
   137.799996139220       7.278240626719910E-002
   137.899996133283       7.275717884746317E-002
   137.999996127346       7.273486746362517E-002
   138.099996121409       7.271537391993797E-002
   138.199996115472       7.269859531441959E-002
   138.299996109536       7.268442476039495E-002
   138.399996103599       7.267275206894451E-002
   138.499996097662       7.266346439326678E-002
   138.599996091725       7.265644683587261E-002
   138.699996085788       7.265158301964414E-002
   138.799996079851       7.264875562380049E-002
   138.899996073915       7.264784688588467E-002
   138.999996067978       7.264873907081681E-002
   139.099996062041       7.265131490807054E-002
   139.199996056104       7.265545799811134E-002
   139.299996050167       7.266105318907697E-002
   139.399996044231       7.266798692475816E-002
   139.499996038294       7.267614756487403E-002
   139.599996032357       7.268542567862697E-002
   139.699996026420       7.269571431238683E-002
   139.799996020483       7.270690923252392E-002
   139.899996014546       7.271890914418669E-002
   139.999996008610       7.273161588694725E-002
   140.099996002673       7.274493460811063E-002
   140.199995996736       7.275877391449720E-002
   140.299995990799       7.277304600354333E-002
   140.399995984862       7.278766677446713E-002
   140.499995978926       7.280255592025020E-002
   140.599995972989       7.281763700123176E-002
   140.699995967052       7.283283750108617E-002
   140.799995961115       7.284808886585885E-002
   140.899995955178       7.286332652711319E-002
   140.999995949241       7.287848990924219E-002
   141.099995943305       7.289352242261588E-002
   141.199995937368       7.290837144265536E-002
   141.299995931431       7.292298827585685E-002
   141.399995925494       7.293732811345950E-002
   141.499995919557       7.295134997354427E-002
   141.599995913621       7.296501663233004E-002
   141.699995907684       7.297829454544422E-002
   141.799995901747       7.299115375992866E-002
   141.899995895810       7.300356781775598E-002
   141.999995889873       7.301551365159571E-002
   142.099995883936       7.302697147365605E-002
   142.199995878000       7.303792465825477E-002
   142.299995872063       7.304835961899150E-002
   142.399995866126       7.305826568111666E-002
   142.499995860189       7.306763494992941E-002
   142.599995854252       7.307646217589343E-002
   142.699995848316       7.308474461710089E-002
   142.799995842379       7.309248189977359E-002
   142.899995836442       7.309967587747920E-002
   142.999995830505       7.310633048966809E-002
   143.099995824568       7.311245162011175E-002
   143.199995818631       7.311804695583063E-002
   143.299995812695       7.312312584703733E-002
   143.399995806758       7.312769916860240E-002
   143.499995800821       7.313177918353618E-002
   143.599995794884       7.313537940891589E-002
   143.699995788947       7.313851448467090E-002
   143.799995783011       7.314120004562460E-002
   143.899995777074       7.314345259707326E-002
   143.999995771137       7.314528939432176E-002
   144.099995765200       7.314672832634236E-002
   144.199995759263       7.314778780384489E-002
   144.299995753326       7.314848665201901E-002
   144.399995747390       7.314884400804723E-002
   144.499995741453       7.314887922351924E-002
   144.599995735516       7.314861177201389E-002
   144.699995729579       7.314806116174868E-002
   144.799995723642       7.314724685344523E-002
   144.899995717706       7.314618818352014E-002
   144.999995711769       7.314490429237754E-002
   145.099995705832       7.314341405810430E-002
   145.199995699895       7.314173603520482E-002
   145.299995693958       7.313988839859255E-002
   145.399995688021       7.313788889254902E-002
   145.499995682085       7.313575478470107E-002
   145.599995676148       7.313350282476255E-002
   145.699995670211       7.313114920809628E-002
   145.799995664274       7.312870954372146E-002
   145.899995658337       7.312619882690849E-002
   145.999995652401       7.312363141584370E-002
   146.099995646464       7.312102101257109E-002
   146.199995640527       7.311838064772221E-002
   146.299995634590       7.311572266898546E-002
   146.399995628653       7.311305873317281E-002
   146.499995622716       7.311039980174447E-002
   146.599995616780       7.310775613906573E-002
   146.699995610843       7.310513731415186E-002
   146.799995604906       7.310255220488074E-002
   146.899995598969       7.310000900483242E-002
   146.999995593032       7.309751523251903E-002
   147.099995587096       7.309507774283211E-002
   147.199995581159       7.309270274046091E-002
   147.299995575222       7.309039579513774E-002
   147.399995569285       7.308816185852664E-002
   147.499995563348       7.308600528257633E-002
   147.599995557411       7.308392983917752E-002
   147.699995551475       7.308193874094908E-002
   147.799995545538       7.308003466299763E-002
   147.899995539601       7.307821976550888E-002
   147.999995533664       7.307649571700528E-002
   148.099995527727       7.307486371816301E-002
   148.199995521791       7.307332452602097E-002
   148.299995515854       7.307187847848408E-002
   148.399995509917       7.307052551898545E-002
   148.499995503980       7.306926522121125E-002
   148.599995498043       7.306809681377539E-002
   148.699995492106       7.306701920476327E-002
   148.799995486170       7.306603100601707E-002
   148.899995480233       7.306513055706600E-002
   148.999995474296       7.306431594871861E-002
   149.099995468359       7.306358504621860E-002
   149.199995462422       7.306293551189605E-002
   149.299995456486       7.306236482693060E-002
   149.399995450549       7.306187031290846E-002
   149.499995444612       7.306144915242960E-002
   149.599995438675       7.306109840893038E-002
   149.699995432738       7.306081504613202E-002
   149.799995426802       7.306059594611228E-002
   149.899995420865       7.306043792714222E-002
   149.999995414928       7.306033776029132E-002
