   95.0999986742407        7638.69767106276     
   95.1999986683039        7638.69767100912     
   95.2999986623671        7638.69767095565     
   95.3999986564303        7638.69767090211     
   95.4999986504935        7638.69767084853     
   95.5999986445566        7638.69767079505     
   95.6999986386198        7638.69767074141     
   95.7999986326830        7638.69767068793     
   95.8999986267462        7638.69767063428     
   95.9999986208094        7638.69767058080     
   96.0999986148725        7638.69767052713     
   96.1999986089357        7638.69767047357     
   96.2999986029989        7638.69767042001     
   96.3999985970621        7638.69767036635     
   96.4999985911253        7638.69767031286     
   96.5999985851885        7638.69767025922     
   96.6999985792516        7638.69767020566     
   96.7999985733148        7638.69767015207     
   96.8999985673780        7638.69767009840     
   96.9999985614412        7638.69767004492     
   97.0999985555044        7638.69766999125     
   97.1999985495676        7638.69766993758     
   97.2999985436307        7638.69766988401     
   97.3999985376939        7638.69766983042     
   97.4999985317571        7638.69766977675     
   97.5999985258203        7638.69766972309     
   97.6999985198835        7638.69766966956     
   97.7999985139466        7638.69766961593     
   97.8999985080098        7638.69766956225     
   97.9999985020730        7638.69766950858     
   98.0999984961362        7638.69766945490     
   98.1999984901994        7638.69766940132     
   98.2999984842626        7638.69766934772     
   98.3999984783257        7638.69766929405     
   98.4999984723889        7638.69766924038     
   98.5999984664521        7638.69766918669     
   98.6999984605153        7638.69766913301     
   98.7999984545785        7638.69766907932     
   98.8999984486417        7638.69766902565     
   98.9999984427048        7638.69766897195     
   99.0999984367680        7638.69766891828     
   99.1999984308312        7638.69766886459     
   99.2999984248944        7638.69766881090     
   99.3999984189576        7638.69766875721     
   99.4999984130207        7638.69766870353     
   99.5999984070839        7638.69766864984     
   99.6999984011471        7638.69766859615     
   99.7999983952103        7638.69766854245     
   99.8999983892735        7638.69766848876     
   99.9999983833367        7638.69766843506     
   100.099998377400        7674.98485459306     
   100.199998371463        7710.29396369617     
   100.299998365526        7742.43251571985     
   100.399998359589        7772.63622684534     
   100.499998353653        7801.78197321047     
   100.599998347716        7830.63239464757     
   100.699998341779        7859.85823764427     
   100.799998335842        7889.90646342108     
   100.899998329905        7920.84376055684     
   100.999998323968        7952.39582747924     
   101.099998318032        7984.15569316644     
   101.199998312095        8015.76698829656     
   101.299998306158        8046.99896638493     
   101.399998300221        8077.74318360477     
   101.499998294284        8107.97962475197     
   101.599998288348        8137.74070873639     
   101.699998282411        8167.08376732127     
   101.799998276474        8196.07322933806     
   101.899998270537        8224.77040559358     
   101.999998264600        8253.22837577432     
   102.099998258663        8281.49007833587     
   102.199998252727        8309.58839640334     
   102.299998246790        8337.54751471630     
   102.399998240853        8365.38504885049     
   102.499998234916        8393.11447594971     
   102.599998228979        8420.74734803694     
   102.699998223043        8448.29479878060     
   102.799998217106        8475.76806069423     
   102.899998211169        8503.17804523672     
   102.999998205232        8530.53433552496     
   103.099998199295        8557.84405311704     
   103.199998193358        8585.11097234818     
   103.299998187422        8612.33506653698     
   103.399998181485        8639.51249293586     
   103.499998175548        8666.63591674002     
   103.599998169611        8693.69504080533     
   103.699998163674        8720.67722117999     
   103.799998157738        8747.56808153292     
   103.899998151801        8774.35207388523     
   103.999998145864        8801.01296039790     
   104.099998139927        8827.53420946753     
   104.199998133990        8853.89931024816     
   104.299998128054        8880.09201507242     
   104.399998122117        8906.09652109222     
   104.499998116180        8931.89760230199     
   104.599998110243        8957.48070197306     
   104.699998104306        8982.83199402859     
   104.799998098369        9007.93842036340     
   104.899998092433        9032.78770972496     
   104.999998086496        9057.36838260088     
   105.099998080559        9081.66974558949     
   105.199998074622        9105.68187794793     
   105.299998068685        9129.39561241787     
   105.399998062749        9152.80251194005     
   105.499998056812        9175.89484351241     
   105.599998050875        9198.66555014846     
   105.699998044938        9221.10822168578     
   105.799998039001        9243.21706501358     
   105.899998033064        9264.98687416145     
   105.999998027128        9286.41300058462     
   106.099998021191        9307.49132390196     
   106.199998015254        9328.21822327898     
   106.299998009317        9348.59054959856     
   106.399998003380        9368.60559852248     
   106.499997997444        9388.26108451487     
   106.599997991507        9407.55511587522     
   106.699997985570        9426.48617080652     
   106.799997979633        9445.05307454294     
   106.899997973696        9463.25497750848     
   106.999997967759        9481.09133453544     
   107.099997961823        9498.56188509862     
   107.199997955886        9515.66663455505     
   107.299997949949        9532.40583636032     
   107.399997944012        9548.77997523417     
   107.499997938075        9564.78975124223     
   107.599997932139        9580.43606477187     
   107.699997926202        9595.72000234195     
   107.799997920265        9610.64282325062     
   107.899997914328        9625.20594699856     
   107.999997908391        9639.41094146689     
   108.099997902454        9653.25951181401     
   108.199997896518        9666.75349006108     
   108.299997890581        9679.89482533376     
   108.399997884644        9692.68557472897     
   108.499997878707        9705.12789478050     
   108.599997872770        9717.22403349078     
   108.699997866834        9728.97632290660     
   108.799997860897        9740.38717220675     
   108.899997854960        9751.45906128129     
   108.999997849023        9762.19453477402     
   109.099997843086        9772.59619656776     
   109.199997837149        9782.66670468802     
   109.299997831213        9792.40876660508     
   109.399997825276        9801.82513491020     
   109.499997819339        9810.91860335199     
   109.599997813402        9819.69200320637     
   109.699997807465        9828.14819996964     
   109.799997801529        9836.29009035042     
   109.899997795592        9844.12059954593     
   109.999997789655        9851.64267878709     
   110.099997783718        9858.85930313578     
   110.199997777781        9865.77346951876     
   110.299997771844        9872.38819498338     
   110.399997765908        9878.70651516271     
   110.499997759971        9884.73148293381     
   110.599997754034        9890.46616725854     
   110.699997748097        9895.91365219201     
   110.799997742160        9901.07703604788     
   110.899997736224        9905.95943070676     
   110.999997730287        9910.56396105927     
   111.099997724350        9914.89376456920     
   111.199997718413        9918.95199094650     
   111.299997712476        9922.74180192372     
   111.399997706539        9926.26637111941     
   111.499997700603        9929.52888398283     
   111.599997694666        9932.53253780955     
   111.699997688729        9935.28054181797     
   111.799997682792        9937.77611727928     
   111.899997676855        9940.02249769030     
   111.999997670919        9942.02292898287     
   112.099997664982        9943.78066976056     
   112.199997659045        9945.29899155397     
   112.299997653108        9946.58117909164     
   112.399997647171        9947.63053057280     
   112.499997641234        9948.45035794096     
   112.599997635298        9949.04398714853     
   112.699997629361        9949.41475840741     
   112.799997623424        9949.56602641962     
   112.899997617487        9949.50116058154     
   112.999997611550        9949.22354515928     
   113.099997605614        9948.73657942525     
   113.199997599677        9948.04367775606     
   113.299997593740        9947.14826968523     
   113.399997587803        9946.05379990810     
   113.499997581866        9944.76372823191     
   113.599997575929        9943.28152947302     
   113.699997569993        9941.61069329412     
   113.799997564056        9939.75472398124     
   113.899997558119        9937.71714015499     
   113.999997552182        9935.50147442134     
   114.099997546245        9933.11127295128     
   114.199997540309        9930.55009499320     
   114.299997534372        9927.82151232018     
   114.399997528435        9924.92910860155     
   114.499997522498        9921.87647871172     
   114.599997516561        9918.66722796533     
   114.699997510624        9915.30497128427     
   114.799997504688        9911.79333229837     
   114.899997498751        9908.13594237627     
   114.999997492814        9904.33643959397     
   115.099997486877        9900.39846763562     
   115.199997480940        9896.32567463688     
   115.299997475004        9892.12171196424     
   115.399997469067        9887.79023293872     
   115.499997463130        9883.33489150613     
   115.599997457193        9878.75934085392     
   115.699997451256        9874.06723197951     
   115.799997445319        9869.26221221341     
   115.899997439383        9864.34792370155     
   115.999997433446        9859.32800184787     
   116.099997427509        9854.20607372355     
   116.199997421572        9848.98575644369     
   116.299997415635        9843.67065552039     
   116.399997409699        9838.26436319079     
   116.499997403762        9832.77045672697     
   116.599997397825        9827.19249673259     
   116.699997391888        9821.53402542883     
   116.799997385951        9815.79856493376     
   116.899997380014        9809.98961554110     
   116.999997374078        9804.11065400049     
   117.099997368141        9798.16513180542     
   117.199997362204        9792.15647349124     
   117.299997356267        9786.08807494734     
   117.399997350330        9779.96330174911     
   117.499997344394        9773.78548751189     
   117.599997338457        9767.55793227057     
   117.699997332520        9761.28390088995     
   117.799997326583        9754.96662150738     
   117.899997320646        9748.60928401270     
   117.999997314709        9742.21503856820     
   118.099997308773        9735.78699416980     
   118.199997302836        9729.32821725558     
   118.299997296899        9722.84173036144     
   118.399997290962        9716.33051082751     
   118.499997285025        9709.79748955816     
   118.599997279089        9703.24554983624     
   118.699997273152        9696.67752619525     
   118.799997267215        9690.09620334935     
   118.899997261278        9683.50431518404     
   118.999997255341        9676.90454380805     
   119.099997249404        9670.29951866810     
   119.199997243468        9663.69181572820     
   119.299997237531        9657.08395670307     
   119.399997231594        9650.47840839166     
   119.499997225657        9643.87758201536     
   119.599997219720        9637.28383267771     
   119.699997213784        9630.69945886213     
   119.799997207847        9624.12670200096     
   119.899997201910        9617.56774610915     
   119.999997195973        9611.02471748202     
   120.099997190036        9568.55337432589     
   120.199997184100        9518.07214286173     
   120.299997178163        9463.27084622221     
   120.399997172226        9404.08008035119     
   120.499997166289        9340.71088497388     
   120.599997160352        9273.59570500158     
   120.699997154415        9203.32320588527     
   120.799997148479        9130.58545582361     
   120.899997142542        9056.13819050614     
   120.999997136605        8980.77826373560     
   121.099997130668        8905.33881536211     
   121.199997124731        8830.66591598748     
   121.299997118795        8757.51947702647     
   121.399997112858        8686.47505196897     
   121.499997106921        8617.93956242530     
   121.599997100984        8552.21799199994     
   121.699997095047        8489.55268890378     
   121.799997089110        8430.13151616668     
   121.899997083174        8374.08217454974     
   121.999997077237        8321.46594216001     
   122.099997071300        8272.27746347555     
   122.199997065363        8226.45134713108     
   122.299997059426        8183.87327696332     
   122.399997053490        8144.39286392645     
   122.499997047553        8107.83610958078     
   122.599997041616        8074.01621958238     
   122.699997035679        8042.74224253536     
   122.799997029742        8013.82550531702     
   122.899997023805        7987.08408595438     
   122.999997017869        7962.34567460827     
   123.099997011932        7939.44918715568     
   123.199997005995        7918.24546109403     
   123.299997000058        7898.59730896581     
   123.399996994121        7880.37914649208     
   123.499996988185        7863.47635931004     
   123.599996982248        7847.78452719708     
   123.699996976311        7833.20858865379     
   123.799996970374        7819.66200116300     
   123.899996964437        7807.06593206939     
   123.999996958500        7795.34850047859     
   124.099996952564        7784.44408049539     
   124.199996946627        7774.29266940718     
   124.299996940690        7764.83932012823     
   124.399996934753        7756.03363463866     
   124.499996928816        7747.82931375176     
   124.599996922880        7740.18375792334     
   124.699996916943        7733.05771369143     
   124.799996911006        7726.41496052931     
   124.899996905069        7720.22203324658     
   124.999996899132        7714.44797553079     
   125.099996893195        7709.06412067599     
   125.199996887259        7704.04389603001     
   125.299996881322        7699.36264811623     
   125.399996875385        7694.99748579468     
   125.499996869448        7690.92713917906     
   125.599996863511        7687.13183234820     
   125.699996857575        7683.59316815678     
   125.799996851638        7680.29402369873     
   125.899996845701        7677.21845516961     
   125.999996839764        7674.35161105791     
   126.099996833827        7671.67965273679     
   126.199996827890        7669.18968166051     
   126.299996821954        7666.86967247190     
   126.399996816017        7664.70841142117     
   126.499996810080        7662.69543957649     
   126.599996804143        7660.82100036199     
   126.699996798206        7659.07599103060     
   126.799996792270        7657.45191771373     
   126.899996786333        7655.94085373548     
   126.999996780396        7654.53540091491     
   127.099996774459        7653.22865360969     
   127.199996768522        7652.01416527637     
   127.299996762585        7650.88591735144     
   127.399996756649        7649.83829027269     
   127.499996750712        7648.86603647551     
   127.599996744775        7647.96425522134     
   127.699996738838        7647.12836912005     
   127.799996732901        7646.35410222386     
   127.899996726965        7645.63745958389     
   127.999996721028        7644.97470816156     
   128.099996715091        7644.36235900463     
   128.199996709154        7643.79715059613     
   128.299996703217        7643.27603330341     
   128.399996697280        7642.79615484451     
   128.499996691344        7642.35484671157     
   128.599996685407        7641.94961148433     
   128.699996679470        7641.57811097612     
   128.799996673533        7641.23815515713     
   128.899996667596        7640.92769181896     
   128.999996661660        7640.64479690479     
   129.099996655723        7640.38766550650     
   129.199996649786        7640.15460343935     
   129.299996643849        7639.94401941503     
   129.399996637912        7639.75441772301     
   129.499996631975        7639.58439143369     
   129.599996626039        7639.43261608080     
   129.699996620102        7639.29784378209     
   129.799996614165        7639.17889780077     
   129.899996608228        7639.07466751276     
   129.999996602291        7638.98410375160     
   130.099996596355        7638.90621452338     
   130.199996590418        7638.84006107116     
   130.299996584481        7638.78475426928     
   130.399996578544        7638.73945133113     
   130.499996572607        7638.70335281059     
   130.599996566670        7638.67569988988     
   130.699996560734        7638.65577193129     
   130.799996554797        7638.64288427992     
   130.899996548860        7638.63638630026     
   130.999996542923        7638.63565963209     
   131.099996536986        7638.64011664885     
   131.199996531050        7638.64919910289     
   131.299996525113        7638.66237694093     
   131.399996519176        7638.67914727308     
   131.499996513239        7638.69903347903     
   131.599996507302        7638.72158443449     
   131.699996501365        7638.74637384131     
   131.799996495429        7638.77299964456     
   131.899996489492        7638.80108352001     
   131.999996483555        7638.83027041434     
   132.099996477618        7638.86022813616     
   132.199996471681        7638.89064696229     
   132.299996465745        7638.92123924438     
   132.399996459808        7638.95173912975     
   132.499996453871        7638.98190203202     
   132.599996447934        7639.01150431959     
   132.699996441997        7639.04034287886     
   132.799996436060        7639.06823465574     
   132.899996430124        7639.09501614342     
   132.999996424187        7639.12054287100     
   133.099996418250        7639.14468880185     
   133.199996412313        7639.16734571927     
   133.299996406376        7639.18842257948     
   133.399996400440        7639.20784475780     
   133.499996394503        7639.22555336758     
   133.599996388566        7639.24150443910     
   133.699996382629        7639.25566810021     
   133.799996376692        7639.26802778771     
   133.899996370756        7639.27857936464     
   133.999996364819        7639.28733024360     
   134.099996358882        7639.29429850495     
   134.199996352945        7639.29951205826     
   134.299996347008        7639.30300772892     
   134.399996341071        7639.30483038972     
   134.499996335135        7639.30503210787     
   134.599996329198        7639.30367129818     
   134.699996323261        7639.30081194736     
   134.799996317324        7639.29652279040     
   134.899996311387        7639.29087655471     
   134.999996305451        7639.28394924095     
   135.099996299514        7639.27581943081     
   135.199996293577        7639.26656762866     
   135.299996287640        7639.25627568661     
   135.399996281703        7639.24502619745     
   135.499996275766        7639.23290196748     
   135.599996269830        7639.21998553161     
   135.699996263893        7639.20635870420     
   135.799996257956        7639.19210216022     
   135.899996252019        7639.17729509672     
   135.999996246082        7639.16201489037     
   136.099996240146        7639.14633679060     
   136.199996234209        7639.13033367361     
   136.299996228272        7639.11407582015     
   136.399996222335        7639.09763071762     
   136.499996216398        7639.08106292647     
   136.599996210461        7639.06443394602     
   136.699996204525        7639.04780208475     
   136.799996198588        7639.03122246004     
   136.899996192651        7639.01474683052     
   136.999996186714        7638.99842363461     
   137.099996180777        7638.98229800343     
   137.199996174841        7638.96641173650     
   137.299996168904        7638.95080332328     
   137.399996162967        7638.93550799053     
   137.499996157030        7638.92055774910     
   137.599996151093        7638.90598145833     
   137.699996145156        7638.89180493575     
   137.799996139220        7638.87805099796     
   137.899996133283        7638.86473956623     
   137.999996127346        7638.85188776616     
   138.099996121409        7638.83951002496     
   138.199996115472        7638.82761819001     
   138.299996109536        7638.81622166277     
   138.399996103599        7638.80532747567     
   138.499996097662        7638.79494042478     
   138.599996091725        7638.78506319022     
   138.699996085788        7638.77569644795     
   138.799996079851        7638.76683899735     
   138.899996073915        7638.75848790423     
   138.999996067978        7638.75063858106     
   139.099996062041        7638.74328491825     
   139.199996056104        7638.73641940105     
   139.299996050167        7638.73003322191     
   139.399996044231        7638.72411638171     
   139.499996038294        7638.71865782801     
   139.599996032357        7638.71364554732     
   139.699996026420        7638.70906665433     
   139.799996020483        7638.70490749998     
   139.899996014546        7638.70115377008     
   139.999996008610        7638.69779057576     
   140.099996002673        7638.69480253979     
   140.199995996736        7638.69217388054     
   140.299995990799        7638.68988852485     
   140.399995984862        7638.68793014977     
   140.499995978926        7638.68628226641     
   140.599995972989        7638.68492829022     
   140.699995967052        7638.68385161040     
   140.799995961115        7638.68303565254     
   140.899995955178        7638.68246393477     
   140.999995949241        7638.68212012415     
   141.099995943305        7638.68198807985     
   141.199995937368        7638.68205192300     
   141.299995931431        7638.68229607338     
   141.399995925494        7638.68270527287     
   141.499995919557        7638.68326463220     
   141.599995913621        7638.68395966354     
   141.699995907684        7638.68477631206     
   141.799995901747        7638.68570097879     
   141.899995895810        7638.68672054675     
   141.999995889873        7638.68782240254     
   142.099995883936        7638.68899444738     
   142.199995878000        7638.69022511486     
   142.299995872063        7638.69150338371     
   142.399995866126        7638.69281877777     
   142.499995860189        7638.69416137804     
   142.599995854252        7638.69552184680     
   142.699995848316        7638.69689143048     
   142.799995842379        7638.69826190347     
   142.899995836442        7638.69962549878     
   142.999995830505        7638.70097517962     
   143.099995824568        7638.70230437074     
   143.199995818631        7638.70360704525     
   143.299995812695        7638.70487769905     
   143.399995806758        7638.70611134844     
   143.499995800821        7638.70730351323     
   143.599995794884        7638.70845019999     
   143.699995788947        7638.70954789137     
   143.799995783011        7638.71059353049     
   143.899995777074        7638.71158449854     
   143.999995771137        7638.71251859947     
   144.099995765200        7638.71339404721     
   144.199995759263        7638.71420943750     
   144.299995753326        7638.71496373836     
   144.399995747390        7638.71565626009     
   144.499995741453        7638.71628664694     
   144.599995735516        7638.71685485188     
   144.699995729579        7638.71736111272     
   144.799995723642        7638.71780594102     
   144.899995717706        7638.71819009471     
   144.999995711769        7638.71851456158     
   145.099995705832        7638.71878054145     
   145.199995699895        7638.71898942683     
   145.299995693958        7638.71914279190     
   145.399995688021        7638.71924236675     
   145.499995682085        7638.71929001576     
   145.599995676148        7638.71928772372     
   145.699995670211        7638.71923758790     
   145.799995664274        7638.71914178668     
   145.899995658337        7638.71900257843     
   145.999995652401        7638.71882228250     
   146.099995646464        7638.71860326364     
   146.199995640527        7638.71834791945     
   146.299995634590        7638.71805866923     
   146.399995628653        7638.71773794146     
   146.499995622716        7638.71738816704     
   146.599995616780        7638.71701175659     
   146.699995610843        7638.71661110252     
   146.799995604906        7638.71618857535     
   146.899995598969        7638.71574649330     
   146.999995593032        7638.71528714011     
   147.099995587096        7638.71481273446     
   147.199995581159        7638.71432544764     
   147.299995575222        7638.71382738060     
   147.399995569285        7638.71332056714     
   147.499995563348        7638.71280695265     
   147.599995557411        7638.71228842374     
   147.699995551475        7638.71176680589     
   147.799995545538        7638.71124384644     
   147.899995539601        7638.71072106860     
   147.999995533664        7638.71020000201     
   148.099995527727        7638.70968219443     
   148.199995521791        7638.70916894907     
   148.299995515854        7638.70866157429     
   148.399995509917        7638.70816123920     
   148.499995503980        7638.70766903592     
   148.599995498043        7638.70718598127     
   148.699995492106        7638.70671298710     
   148.799995486170        7638.70625088877     
   148.899995480233        7638.70580042948     
   148.999995474296        7638.70536228453     
   149.099995468359        7638.70493703217     
   149.199995462422        7638.70452518583     
   149.299995456486        7638.70412717670     
   149.399995450549        7638.70374336258     
   149.499995444612        7638.70337403750     
   149.599995438675        7638.70301941821     
   149.699995432738        7638.70267967221     
   149.799995426802        7638.70235489683     
   149.899995420865        7638.70204512652     
   149.999995414928        7638.70175035762     
