   95.0999986742407       0.630709620777320     
   95.1999986683039       0.630709618476104     
   95.2999986623671       0.630709616174737     
   95.3999986564303       0.630709613873217     
   95.4999986504935       0.630709611571546     
   95.5999986445566       0.630709609269723     
   95.6999986386198       0.630709606967748     
   95.7999986326830       0.630709604665621     
   95.8999986267462       0.630709602363342     
   95.9999986208094       0.630709600060911     
   96.0999986148725       0.630709597758329     
   96.1999986089357       0.630709595455594     
   96.2999986029989       0.630709593152708     
   96.3999985970621       0.630709590849671     
   96.4999985911253       0.630709588546481     
   96.5999985851885       0.630709586243139     
   96.6999985792516       0.630709583939643     
   96.7999985733148       0.630709581635998     
   96.8999985673780       0.630709579332200     
   96.9999985614412       0.630709577028249     
   97.0999985555044       0.630709574724147     
   97.1999985495676       0.630709572419892     
   97.2999985436307       0.630709570115485     
   97.3999985376939       0.630709567810928     
   97.4999985317571       0.630709565506217     
   97.5999985258203       0.630709563201354     
   97.6999985198835       0.630709560896339     
   97.7999985139466       0.630709558591172     
   97.8999985080098       0.630709556285853     
   97.9999985020730       0.630709553980381     
   98.0999984961362       0.630709551674758     
   98.1999984901994       0.630709549368982     
   98.2999984842626       0.630709547063053     
   98.3999984783257       0.630709544756973     
   98.4999984723889       0.630709542450741     
   98.5999984664521       0.630709540144355     
   98.6999984605153       0.630709537837819     
   98.7999984545785       0.630709535531129     
   98.8999984486417       0.630709533224288     
   98.9999984427048       0.630709530917294     
   99.0999984367680       0.630709528610147     
   99.1999984308312       0.630709526302848     
   99.2999984248944       0.630709523995397     
   99.3999984189576       0.630709521687793     
   99.4999984130207       0.630709519380037     
   99.5999984070839       0.630709517072130     
   99.6999984011471       0.630709514764067     
   99.7999983952103       0.630709512455854     
   99.8999983892735       0.630709510147488     
   99.9999983833367       0.630709507838969     
   100.099998377400       0.638353858476411     
   100.199998371463       0.678586072353696     
   100.299998365526       0.771964206133805     
   100.399998359589       0.942921128209989     
   100.499998353653        1.22907500040723     
   100.599998347716        1.68472869331862     
   100.699998341779        2.36244045017164     
   100.799998335842        3.25948933313451     
   100.899998329905        4.27691385621933     
   100.999998323968        5.26138946186375     
   101.099998318032        6.09074918838727     
   101.199998312095        6.71753300124638     
   101.299998306158        7.15806624399398     
   101.399998300221        7.46119853145780     
   101.499998294284        7.68233510399973     
   101.599998288348        7.86943973815856     
   101.699998282411        8.05832744174233     
   101.799998276474        8.27297563270462     
   101.899998270537        8.52778644540741     
   101.999998264600        8.83016623081025     
   102.099998258663        9.18274687933734     
   102.199998252727        9.58507538182537     
   102.299998246790        10.0348121097241     
   102.399998240853        10.5285441155658     
   102.499998234916        11.0623209571903     
   102.599998228979        11.6319996098641     
   102.699998223043        12.2334608821976     
   102.799998217106        12.8627396534644     
   102.899998211169        13.5160970744822     
   102.999998205232        14.1900539615372     
   103.099998199295        14.8813992223274     
   103.199998193358        15.5871835325463     
   103.299998187422        16.3047055521513     
   103.399998181485        17.0314954106412     
   103.499998175548        17.7652980955435     
   103.599998169611        18.5040578830927     
   103.699998163674        19.2459040564388     
   103.799998157738        19.9891377401532     
   103.899998151801        20.7322195703559     
   103.999998145864        21.4737579658994     
   104.099998139927        22.2124978635155     
   104.199998133990        22.9473098718870     
   104.299998128054        23.6771798631871     
   104.399998122117        24.4011990531081     
   104.499998116180        25.1185546279895     
   104.599998110243        25.8285209691148     
   104.699998104306        26.5304515074429     
   104.799998098369        27.2237712228331     
   104.899998092433        27.9079697836240     
   104.999998086496        28.5825953074666     
   105.099998080559        29.2472487130152     
   105.199998074622        29.9015786244437     
   105.299998068685        30.5452767864657     
   105.399998062749        31.1780739457421     
   105.499998056812        31.7997361548165     
   105.599998050875        32.4100614562769     
   105.699998044938        33.0088769074071     
   105.799998039001        33.5960359085789     
   105.899998033064        34.1714158019475     
   105.999998027128        34.7349157102790     
   106.099998021191        35.2864545889951     
   106.199998015254        35.8259694675186     
   106.299998009317        36.3534138587795     
   106.399998003380        36.8687563183032     
   106.499997997444        37.3719791365460     
   106.599997991507        37.8630771501516     
   106.699997985570        38.3420566596081     
   106.799997979633        38.8089344423039     
   106.899997973696        39.2637368513682     
   106.999997967759        39.7064989918334     
   107.099997961823        40.1372639667221     
   107.199997955886        40.5560821865032     
   107.299997949949        40.9630107361532     
   107.399997944012        41.3581127947321     
   107.499997938075        41.7414571029385     
   107.599997932139        42.1131174745975     
   107.699997926202        42.4731723484987     
   107.799997920265        42.8217043773296     
   107.899997914328        43.1588000508295     
   107.999997908391        43.4845493505066     
   108.099997902454        43.7990454335303     
   108.199997896518        44.1023843436805     
   108.299997890581        44.3946647472976     
   108.399997884644        44.6759876924842     
   108.499997878707        44.9464563898408     
   108.599997872770        45.2061760132109     
   108.699997866834        45.4552535190122     
   108.799997860897        45.6937974827650     
   108.899997854960        45.9219179516807     
   108.999997849023        46.1397263120472     
   109.099997843086        46.3473351703917     
   109.199997837149        46.5448582473516     
   109.299997831213        46.7324102833352     
   109.399997825276        46.9101069550237     
   109.499997819339        47.0780648018753     
   109.599997813402        47.2364011618223     
   109.699997807465        47.3852341153660     
   109.799997801529        47.5246824373575     
   109.899997795592        47.6548655557650     
   109.999997789655        47.7759035167372     
   110.099997783718        47.8879169553726     
   110.199997777781        47.9910270715629     
   110.299997771844        48.0853556103258     
   110.399997765908        48.1710248461102     
   110.499997759971        48.2481575705383     
   110.599997754034        48.3168770830848     
   110.699997748097        48.3773071842125     
   110.799997742160        48.4295721705159     
   110.899997736224        48.4737968314719     
   110.999997730287        48.5101064473372     
   111.099997724350        48.5386267878499     
   111.199997718413        48.5594841113604     
   111.299997712476        48.5728051640367     
   111.399997706539        48.5787171788248     
   111.499997700603        48.5773478738682     
   111.599997694666        48.5688254501073     
   111.699997688729        48.5532785877123     
   111.799997682792        48.5308364413406     
   111.899997676855        48.5016286336504     
   111.999997670919        48.4657852471481     
   112.099997664982        48.4234368140648     
   112.199997659045        48.3747143041080     
   112.299997653108        48.3197491099555     
   112.399997647171        48.2586730303555     
   112.499997641234        48.1916182507346     
   112.599997635298        48.1187173211991     
   112.699997629361        48.0401031318993     
   112.799997623424        47.9559088856734     
   112.899997617487        47.8662680679434     
   112.999997611550        47.7713144138597     
   113.099997605614        47.6711818726782     
   113.199997599677        47.5660045694033     
   113.299997593740        47.4559167637176     
   113.399997587803        47.3410528062675     
   113.499997581866        47.2215470923518     
   113.599997575929        47.0975340131009     
   113.699997569993        46.9691479042480     
   113.799997564056        46.8365229926015     
   113.899997558119        46.6997933403162     
   113.999997552182        46.5590927871303     
   114.099997546245        46.4145548906890     
   114.199997540309        46.2663128651096     
   114.299997534372        46.1144995179648     
   114.399997528435        45.9592471858200     
   114.499997522498        45.8006876685794     
   114.599997516561        45.6389521627074     
   114.699997510624        45.4741711936161     
   114.799997504688        45.3064745473684     
   114.899997498751        45.1359912018890     
   114.999997492814        44.9628492578942     
   115.099997486877        44.7871758697362     
   115.199997480940        44.6090971763528     
   115.299997475004        44.4287382325288     
   115.399997469067        44.2462229406545     
   115.499997463130        44.0616739831859     
   115.599997457193        43.8752127559910     
   115.699997451256        43.6869593027578     
   115.799997445319        43.4970322506531     
   115.899997439383        43.3055487474035     
   115.999997433446        43.1126243999602     
   116.099997427509        42.9183732149039     
   116.199997421572        42.7229075407512     
   116.299997415635        42.5263380122895     
   116.399997409699        42.3287734970774     
   116.499997403762        42.1303210442538     
   116.599997397825        41.9310858357236     
   116.699997391888        41.7311711398755     
   116.799997385951        41.5306782678799     
   116.899997380014        41.3297065326822     
   116.999997374078        41.1283532107453     
   117.099997368141        40.9267135065985     
   117.199997362204        40.7248805202626     
   117.299997356267        40.5229452175792     
   117.399997350330        40.3209964034886     
   117.499997344394        40.1191206981828     
   117.599997338457        39.9174025163651     
   117.699997332520        39.7159240493368     
   117.799997326583        39.5147652501074     
   117.899997320646        39.3140038214316     
   117.999997314709        39.1137152067420     
   118.099997308773        38.9139725839632     
   118.199997302836        38.7148468621494     
   118.299997296899        38.5164066808986     
   118.399997290962        38.3187184124946     
   118.499997285025        38.1218461667013     
   118.599997279089        37.9258517981392     
   118.699997273152        37.7307949161740     
   118.799997267215        37.5367328972393     
   118.899997261278        37.3437208995029     
   118.999997255341        37.1518118797835     
   119.099997249404        36.9610566126393     
   119.199997243468        36.7715037115180     
   119.299997237531        36.5831996518814     
   119.399997231594        36.3961887962058     
   119.499997225657        36.2105134207393     
   119.599997219720        36.0262137439384     
   119.699997213784        35.8433279564661     
   119.799997207847        35.6618922526529     
   119.899997201910        35.4819408633039     
   119.999997195973        35.3035060897756     
   120.099997190036        34.8891435895464     
   120.199997184100        33.8692772538204     
   120.299997178163        32.2870584313925     
   120.399997172226        30.2752444315044     
   120.499997166289        27.9794473040345     
   120.599997160352        25.5305035225916     
   120.699997154415        23.0353593293376     
   120.799997148479        20.5761975099977     
   120.899997142542        18.2129416878486     
   120.999997136605        15.9868752046988     
   121.099997130668        13.9243568700299     
   121.199997124731        12.0401766797448     
   121.299997118795        10.3403458541287     
   121.399997112858        8.82436146013303     
   121.499997106921        7.48711764900361     
   121.599997100984        6.32044854784805     
   121.699997095047        5.31418187691257     
   121.799997089110        4.45669313498722     
   121.899997083174        3.73509120609888     
   121.999997077237        3.13528438787840     
   122.099997071300        2.64221604151876     
   122.199997065363        2.24042951252354     
   122.299997059426        1.91487248411046     
   122.399997053490        1.65168308272912     
   122.499997047553        1.43873151914667     
   122.599997041616        1.26584092023130     
   122.699997035679        1.12474078943138     
   122.799997029742        1.00885785519365     
   122.899997023805       0.913040231190182     
   122.999997017869       0.833278964452629     
   123.099997011932       0.766460242842934     
   123.199997005995       0.710160209674357     
   123.299997000058       0.662482385615931     
   123.399996994121       0.621932314102388     
   123.499996988185       0.587322460930995     
   123.599996982248       0.557700679268994     
   123.699996976311       0.532296564013879     
   123.799996970374       0.510481183052931     
   123.899996964437       0.491736732013020     
   123.999996958500       0.475633529111028     
   124.099996952564       0.461812442957888     
   124.199996946627       0.449971355031163     
   124.299996940690       0.439854634128974     
   124.399996934753       0.431244874312381     
   124.499996928816       0.423956346908116     
   124.599996922880       0.417829761414698     
   124.699996916943       0.412728034813948     
   124.799996911006       0.408532844926138     
   124.899996905069       0.405141799062338     
   124.999996899132       0.402466090062138     
   125.099996893195       0.400428541956233     
   125.199996887259       0.398961969898968     
   125.299996881322       0.398007795773233     
   125.399996875385       0.397514873493038     
   125.499996869448       0.397438487606890     
   125.599996863511       0.397739496126673     
   125.699996857575       0.398383594149430     
   125.799996851638       0.399340679224940     
   125.899996845701       0.400584302857176     
   125.999996839764       0.402091195244486     
   126.099996833827       0.403840852529841     
   126.199996827890       0.405815177575741     
   126.299996821954       0.407998166693475     
   126.399996816017       0.410375635915092     
   126.499996810080       0.412934981352197     
   126.599996804143       0.415664968981521     
   126.699996798206       0.418555549863003     
   126.799996792270       0.421597697358617     
   126.899996786333       0.424783263396142     
   126.999996780396       0.428104851229819     
   127.099996774459       0.431555702498346     
   127.199996768522       0.435129596681438     
   127.299996762585       0.438820761316750     
   127.399996756649       0.442623791565474     
   127.499996750712       0.446533577912750     
   127.599996744775       0.450545240962162     
   127.699996738838       0.454654072437260     
   127.799996732901       0.458855481637636     
   127.899996726965       0.463144946717640     
   127.999996721028       0.467517970263603     
   128.099996715091       0.471970038741356     
   128.199996709154       0.476496585472762     
   128.299996703217       0.481092956878804     
   128.399996697280       0.485754381797347     
   128.499996691344       0.490475943747867     
   128.599996685407       0.495252556074170     
   128.699996679470       0.500078939947275     
   128.799996673533       0.504949605258317     
   128.899996667596       0.509858834470669     
   128.999996661660       0.514800669536124     
   129.099996655723       0.519768902007717     
   129.199996649786       0.524757066503804     
   129.299996643849       0.529758437692951     
   129.399996637912       0.534766030974727     
   129.499996631975       0.539772607032425     
   129.599996626039       0.544770680421153     
   129.699996620102       0.549752532338350     
   129.799996614165       0.554710227693269     
   129.899996608228       0.559635636554934     
   129.999996602291       0.564520460010853     
   130.099996596355       0.569356260412617     
   130.199996590418       0.574134495919625     
   130.299996584481       0.578846559180409     
   130.399996578544       0.583483819914711     
   130.499996572607       0.588037671076106     
   130.599996566670       0.592499578192821     
   130.699996560734       0.596861131400089     
   130.799996554797       0.601114099597903     
   130.899996548860       0.605250486092464     
   130.999996542923       0.609262585015147     
   131.099996536986       0.613143037755079     
   131.199996531050       0.616884888603278     
   131.299996525113       0.620481638779413     
   131.399996519176       0.623927298004981     
   131.499996513239       0.627216432799525     
   131.599996507302       0.630344210706594     
   131.699996501365       0.633306439708832     
   131.799996495429       0.636099602160838     
   131.899996489492       0.638720882656597     
   131.999996483555       0.641168189351117     
   132.099996477618       0.643440168371773     
   132.199996471681       0.645536211079565     
   132.299996465745       0.647456454072375     
   132.399996459808       0.649201771952879     
   132.499996453871       0.650773763016184     
   132.599996447934       0.652174728138224     
   132.699996441997       0.653407643261001     
   132.799996436060       0.654476125974946     
   132.899996430124       0.655384396788927     
   132.999996424187       0.656137235751478     
   133.099996418250       0.656739935141935     
   133.199996412313       0.657198248987039     
   133.299996406376       0.657518340177373     
   133.399996400440       0.657706725958804     
   133.499996394503       0.657770222558316     
   133.599996388566       0.657715889672699     
   133.699996382629       0.657550975505527     
   133.799996376692       0.657282862981477     
   133.899996370756       0.656919017707102     
   133.999996364819       0.656466938173896     
   134.099996358882       0.655934108629874     
   134.199996352945       0.655327954968138     
   134.299996347008       0.654655803908531     
   134.399996341071       0.653924845674390     
   134.499996335135       0.653142100297594     
   134.599996329198       0.652314387620909     
   134.699996323261       0.651448301007507     
   134.799996317324       0.650550184715812     
   134.899996311387       0.649626114850220     
   134.999996305451       0.648681883760647     
   135.099996299514       0.647722987730981     
   135.199996293577       0.646754617770758     
   135.299996287640       0.645781653304694     
   135.399996281703       0.644808658541449     
   135.499996275766       0.643839881294246     
   135.599996269830       0.642879254021205     
   135.699996263893       0.641930396855663     
   135.799996257956       0.640996622398551     
   135.899996252019       0.640080942052602     
   135.999996246082       0.639186073687149     
   136.099996240146       0.638314450433114     
   136.199996234209       0.637468230419483     
   136.299996228272       0.636649307277086     
   136.399996222335       0.635859321248255     
   136.499996216398       0.635099670755077     
   136.599996210461       0.634371524293913     
   136.699996204525       0.633675832536352     
   136.799996198588       0.633013340530606     
   136.899996192651       0.632384599910546     
   136.999996186714       0.631789981030711     
   137.099996180777       0.631229684957675     
   137.199996174841       0.630703755258149     
   137.299996168904       0.630212089533848     
   137.399996162967       0.629754450661529     
   137.499996157030       0.629330477705242     
   137.599996151093       0.628939696473932     
   137.699996145156       0.628581529704647     
   137.799996139220       0.628255306856425     
   137.899996133283       0.627960273505043     
   137.999996127346       0.627695600332441     
   138.099996121409       0.627460391709049     
   138.199996115472       0.627253693869387     
   138.299996109536       0.627074502684084     
   138.399996103599       0.626921771033868     
   138.499996097662       0.626794415791518     
   138.599996091725       0.626691324420529     
   138.699996085788       0.626611361199146     
   138.799996079851       0.626553373079816     
   138.899996073915       0.626516195193721     
   138.999996067978       0.626498656011909     
   139.099996062041       0.626499582172831     
   139.199996056104       0.626517802986968     
   139.299996050167       0.626552154629969     
   139.399996044231       0.626601484033865     
   139.499996038294       0.626664652487313     
   139.599996032357       0.626740538954635     
   139.699996026420       0.626828043123395     
   139.799996020483       0.626926088189881     
   139.899996014546       0.627033623391865     
   139.999996008610       0.627149626297603     
   140.099996002673       0.627273104859516     
   140.199995996736       0.627403099241289     
   140.299995990799       0.627538683426423     
   140.399995984862       0.627678966616652     
   140.499995978926       0.627823094427559     
   140.599995972989       0.627970249889689     
   140.699995967052       0.628119654262541     
   140.799995961115       0.628270567669258     
   140.899995955178       0.628422289559592     
   140.999995949241       0.628574159009041     
   141.099995943305       0.628725554859837     
   141.199995937368       0.628875895714961     
   141.299995931431       0.629024639789018     
   141.399995925494       0.629171284625907     
   141.499995919557       0.629315366690005     
   141.599995913621       0.629456460838613     
   141.699995907684       0.629594179683424     
   141.799995901747       0.629728172848776     
   141.899995895810       0.629858126134170     
   141.999995889873       0.629983760588948     
   142.099995883936       0.630104831506632     
   142.199995878000       0.630221127346601     
   142.299995872063       0.630332468590731     
   142.399995866126       0.630438706542259     
   142.499995860189       0.630539722074468     
   142.599995854252       0.630635424336333     
   142.699995848316       0.630725749422422     
   142.799995842379       0.630810659013514     
   142.899995836442       0.630890138995106     
   142.999995830505       0.630964198060122     
   143.099995824568       0.631032866302172     
   143.199995818631       0.631096193805536     
   143.299995812695       0.631154249237313     
   143.399995806758       0.631207118447642     
   143.499995800821       0.631254903082850     
   143.599995794884       0.631297719216515     
   143.699995788947       0.631335696003049     
   143.799995783011       0.631368974358233     
   143.899995777074       0.631397705670050     
   143.999995771137       0.631422050543926     
   144.099995765200       0.631442177585351     
   144.199995759263       0.631458262222836     
   144.299995753326       0.631470485573879     
   144.399995747390       0.631479033355943     
   144.499995741453       0.631484094844545     
   144.599995735516       0.631485861879987     
   144.699995729579       0.631484527924018     
   144.799995723642       0.631480287167388     
   144.899995717706       0.631473333689096     
   144.999995711769       0.631463860667621     
   145.099995705832       0.631452059644492     
   145.199995699895       0.631438119839962     
   145.299995693958       0.631422227520656     
   145.399995688021       0.631404565418557     
   145.499995682085       0.631385312200737     
   145.599995676148       0.631364641988721     
   145.699995670211       0.631342723926693     
   145.799995664274       0.631319721797153     
   145.899995658337       0.631295793682835     
   145.999995652401       0.631271091673301     
   146.099995646464       0.631245761614648     
   146.199995640527       0.631219942900849     
   146.299995634590       0.631193768304655     
   146.399995628653       0.631167363846482     
   146.499995622716       0.631140848699030     
   146.599995616780       0.631114335130161     
   146.699995610843       0.631087928467279     
   146.799995604906       0.631061727105657     
   146.899995598969       0.631035822536351     
   146.999995593032       0.631010299403311     
   147.099995587096       0.630985235584869     
   147.199995581159       0.630960702297851     
   147.299995575222       0.630936764222462     
   147.399995569285       0.630913479646149     
   147.499995563348       0.630890900624570     
   147.599995557411       0.630869073157945     
   147.699995551475       0.630848037381114     
   147.799995545538       0.630827827765582     
   147.899995539601       0.630808473331999     
   147.999995533664       0.630789997871492     
   148.099995527727       0.630772420174454     
   148.199995521791       0.630755754265317     
   148.299995515854       0.630740009641987     
   148.399995509917       0.630725191518652     
   148.499995503980       0.630711301070790     
   148.599995498043       0.630698335681213     
   148.699995492106       0.630686289186117     
   148.799995486170       0.630675152120003     
   148.899995480233       0.630664911958773     
   148.999995474296       0.630655553360006     
   149.099995468359       0.630647058399369     
   149.199995462422       0.630639406803349     
   149.299995456486       0.630632576176405     
   149.399995450549       0.630626542222646     
   149.499995444612       0.630621278961084     
   149.599995438675       0.630616758934902     
   149.699995432738       0.630612953413273     
   149.799995426802       0.630609832585494     
   149.899995420865       0.630607365748334     
   149.999995414928       0.630605521483906     
