   95.0999986742407        9087.00000000000     
   95.1999986683039        9087.00000000000     
   95.2999986623671        9087.00000000000     
   95.3999986564303        9087.00000000000     
   95.4999986504935        9087.00000000000     
   95.5999986445566        9087.00000000000     
   95.6999986386198        9087.00000000000     
   95.7999986326830        9087.00000000000     
   95.8999986267462        9087.00000000000     
   95.9999986208094        9087.00000000000     
   96.0999986148725        9087.00000000000     
   96.1999986089357        9087.00000000000     
   96.2999986029989        9087.00000000000     
   96.3999985970621        9087.00000000000     
   96.4999985911253        9087.00000000000     
   96.5999985851885        9087.00000000000     
   96.6999985792516        9087.00000000000     
   96.7999985733148        9087.00000000000     
   96.8999985673780        9087.00000000000     
   96.9999985614412        9087.00000000000     
   97.0999985555044        9087.00000000000     
   97.1999985495676        9087.00000000000     
   97.2999985436307        9087.00000000000     
   97.3999985376939        9087.00000000000     
   97.4999985317571        9087.00000000000     
   97.5999985258203        9087.00000000000     
   97.6999985198835        9087.00000000000     
   97.7999985139466        9087.00000000000     
   97.8999985080098        9087.00000000000     
   97.9999985020730        9087.00000000000     
   98.0999984961362        9087.00000000000     
   98.1999984901994        9087.00000000000     
   98.2999984842626        9087.00000000000     
   98.3999984783257        9087.00000000000     
   98.4999984723889        9087.00000000000     
   98.5999984664521        9087.00000000000     
   98.6999984605153        9087.00000000000     
   98.7999984545785        9087.00000000000     
   98.8999984486417        9087.00000000000     
   98.9999984427048        9087.00000000000     
   99.0999984367680        9087.00000000000     
   99.1999984308312        9087.00000000000     
   99.2999984248944        9087.00000000000     
   99.3999984189576        9087.00000000000     
   99.4999984130207        9087.00000000000     
   99.5999984070839        9087.00000000000     
   99.6999984011471        9087.00000000000     
   99.7999983952103        9087.00000000000     
   99.8999983892735        9087.00000000000     
   99.9999983833367        9087.00000000000     
   100.099998377400        9087.00000000000     
   100.199998371463        9087.00000000000     
   100.299998365526        9087.00000000000     
   100.399998359589        9087.00000000000     
   100.499998353653        9087.00000000000     
   100.599998347716        9087.00000000000     
   100.699998341779        9087.00000000000     
   100.799998335842        9087.00000000000     
   100.899998329905        9087.00000000000     
   100.999998323968        9087.00000000000     
   101.099998318032        9087.00000000000     
   101.199998312095        9087.00000000000     
   101.299998306158        9087.00000000000     
   101.399998300221        9087.00000000000     
   101.499998294284        9087.00000000000     
   101.599998288348        9087.00000000000     
   101.699998282411        9087.00000000000     
   101.799998276474        9087.00000000000     
   101.899998270537        9087.00000000000     
   101.999998264600        9087.00000000000     
   102.099998258663        9087.00000000000     
   102.199998252727        9087.00000000000     
   102.299998246790        9087.00000000000     
   102.399998240853        9087.00000000000     
   102.499998234916        9087.00000000000     
   102.599998228979        9087.00000000000     
   102.699998223043        9087.00000000000     
   102.799998217106        9087.00000000000     
   102.899998211169        9087.00000000000     
   102.999998205232        9087.00000000000     
   103.099998199295        9087.00000000000     
   103.199998193358        9087.00000000000     
   103.299998187422        9087.00000000000     
   103.399998181485        9087.00000000000     
   103.499998175548        9087.00000000000     
   103.599998169611        9087.00000000000     
   103.699998163674        9087.00000000000     
   103.799998157738        9087.00000000000     
   103.899998151801        9087.00000000000     
   103.999998145864        9087.00000000000     
   104.099998139927        9087.00000000000     
   104.199998133990        9087.00000000000     
   104.299998128054        9087.00000000000     
   104.399998122117        9087.00000000000     
   104.499998116180        9087.00000000000     
   104.599998110243        9087.00000000000     
   104.699998104306        9087.00000000000     
   104.799998098369        9087.00000000000     
   104.899998092433        9087.00000000000     
   104.999998086496        9087.00000000000     
   105.099998080559        9087.00000000000     
   105.199998074622        9087.00000000000     
   105.299998068685        9087.00000000000     
   105.399998062749        9087.00000000000     
   105.499998056812        9087.00000000000     
   105.599998050875        9087.00000000000     
   105.699998044938        9087.00000000000     
   105.799998039001        9087.00000000000     
   105.899998033064        9087.00000000000     
   105.999998027128        9087.00000000000     
   106.099998021191        9087.00000000000     
   106.199998015254        9087.00000000000     
   106.299998009317        9087.00000000000     
   106.399998003380        9087.00000000000     
   106.499997997444        9087.00000000000     
   106.599997991507        9087.00000000000     
   106.699997985570        9087.00000000000     
   106.799997979633        9087.00000000000     
   106.899997973696        9087.00000000000     
   106.999997967759        9087.00000000000     
   107.099997961823        9087.00000000000     
   107.199997955886        9087.00000000000     
   107.299997949949        9087.00000000000     
   107.399997944012        9087.00000000000     
   107.499997938075        9087.00000000000     
   107.599997932139        9087.00000000000     
   107.699997926202        9087.00000000000     
   107.799997920265        9087.00000000000     
   107.899997914328        9087.00000000000     
   107.999997908391        9087.00000000000     
   108.099997902454        9087.00000000000     
   108.199997896518        9087.00000000000     
   108.299997890581        9087.00000000000     
   108.399997884644        9087.00000000000     
   108.499997878707        9087.00000000000     
   108.599997872770        9087.00000000000     
   108.699997866834        9087.00000000000     
   108.799997860897        9087.00000000000     
   108.899997854960        9087.00000000000     
   108.999997849023        9087.00000000000     
   109.099997843086        9087.00000000000     
   109.199997837149        9087.00000000000     
   109.299997831213        9087.00000000000     
   109.399997825276        9087.00000000000     
   109.499997819339        9087.00000000000     
   109.599997813402        9087.00000000000     
   109.699997807465        9087.00000000000     
   109.799997801529        9087.00000000000     
   109.899997795592        9087.00000000000     
   109.999997789655        9087.00000000000     
   110.099997783718        9087.00000000000     
   110.199997777781        9087.00000000000     
   110.299997771844        9087.00000000000     
   110.399997765908        9087.00000000000     
   110.499997759971        9087.00000000000     
   110.599997754034        9087.00000000000     
   110.699997748097        9087.00000000000     
   110.799997742160        9087.00000000000     
   110.899997736224        9087.00000000000     
   110.999997730287        9087.00000000000     
   111.099997724350        9087.00000000000     
   111.199997718413        9087.00000000000     
   111.299997712476        9087.00000000000     
   111.399997706539        9087.00000000000     
   111.499997700603        9087.00000000000     
   111.599997694666        9087.00000000000     
   111.699997688729        9087.00000000000     
   111.799997682792        9087.00000000000     
   111.899997676855        9087.00000000000     
   111.999997670919        9087.00000000000     
   112.099997664982        9087.00000000000     
   112.199997659045        9087.00000000000     
   112.299997653108        9087.00000000000     
   112.399997647171        9087.00000000000     
   112.499997641234        9087.00000000000     
   112.599997635298        9087.00000000000     
   112.699997629361        9087.00000000000     
   112.799997623424        9087.00000000000     
   112.899997617487        9087.00000000000     
   112.999997611550        9087.00000000000     
   113.099997605614        9087.00000000000     
   113.199997599677        9087.00000000000     
   113.299997593740        9087.00000000000     
   113.399997587803        9087.00000000000     
   113.499997581866        9087.00000000000     
   113.599997575929        9087.00000000000     
   113.699997569993        9087.00000000000     
   113.799997564056        9087.00000000000     
   113.899997558119        9087.00000000000     
   113.999997552182        9087.00000000000     
   114.099997546245        9087.00000000000     
   114.199997540309        9087.00000000000     
   114.299997534372        9087.00000000000     
   114.399997528435        9087.00000000000     
   114.499997522498        9087.00000000000     
   114.599997516561        9087.00000000000     
   114.699997510624        9087.00000000000     
   114.799997504688        9087.00000000000     
   114.899997498751        9087.00000000000     
   114.999997492814        9087.00000000000     
   115.099997486877        9087.00000000000     
   115.199997480940        9087.00000000000     
   115.299997475004        9087.00000000000     
   115.399997469067        9087.00000000000     
   115.499997463130        9087.00000000000     
   115.599997457193        9087.00000000000     
   115.699997451256        9087.00000000000     
   115.799997445319        9087.00000000000     
   115.899997439383        9087.00000000000     
   115.999997433446        9087.00000000000     
   116.099997427509        9087.00000000000     
   116.199997421572        9087.00000000000     
   116.299997415635        9087.00000000000     
   116.399997409699        9087.00000000000     
   116.499997403762        9087.00000000000     
   116.599997397825        9087.00000000000     
   116.699997391888        9087.00000000000     
   116.799997385951        9087.00000000000     
   116.899997380014        9087.00000000000     
   116.999997374078        9087.00000000000     
   117.099997368141        9087.00000000000     
   117.199997362204        9087.00000000000     
   117.299997356267        9087.00000000000     
   117.399997350330        9087.00000000000     
   117.499997344394        9087.00000000000     
   117.599997338457        9087.00000000000     
   117.699997332520        9087.00000000000     
   117.799997326583        9087.00000000000     
   117.899997320646        9087.00000000000     
   117.999997314709        9087.00000000000     
   118.099997308773        9087.00000000000     
   118.199997302836        9087.00000000000     
   118.299997296899        9087.00000000000     
   118.399997290962        9087.00000000000     
   118.499997285025        9087.00000000000     
   118.599997279089        9087.00000000000     
   118.699997273152        9087.00000000000     
   118.799997267215        9087.00000000000     
   118.899997261278        9087.00000000000     
   118.999997255341        9087.00000000000     
   119.099997249404        9087.00000000000     
   119.199997243468        9087.00000000000     
   119.299997237531        9087.00000000000     
   119.399997231594        9087.00000000000     
   119.499997225657        9087.00000000000     
   119.599997219720        9087.00000000000     
   119.699997213784        9087.00000000000     
   119.799997207847        9087.00000000000     
   119.899997201910        9087.00000000000     
   119.999997195973        9087.00000000000     
   120.099997190036        9087.00000000000     
   120.199997184100        9087.00000000000     
   120.299997178163        9087.00000000000     
   120.399997172226        9087.00000000000     
   120.499997166289        9087.00000000000     
   120.599997160352        9087.00000000000     
   120.699997154415        9087.00000000000     
   120.799997148479        9087.00000000000     
   120.899997142542        9087.00000000000     
   120.999997136605        9087.00000000000     
   121.099997130668        9087.00000000000     
   121.199997124731        9087.00000000000     
   121.299997118795        9087.00000000000     
   121.399997112858        9087.00000000000     
   121.499997106921        9087.00000000000     
   121.599997100984        9087.00000000000     
   121.699997095047        9087.00000000000     
   121.799997089110        9087.00000000000     
   121.899997083174        9087.00000000000     
   121.999997077237        9087.00000000000     
   122.099997071300        9087.00000000000     
   122.199997065363        9087.00000000000     
   122.299997059426        9087.00000000000     
   122.399997053490        9087.00000000000     
   122.499997047553        9087.00000000000     
   122.599997041616        9087.00000000000     
   122.699997035679        9087.00000000000     
   122.799997029742        9087.00000000000     
   122.899997023805        9087.00000000000     
   122.999997017869        9087.00000000000     
   123.099997011932        9087.00000000000     
   123.199997005995        9087.00000000000     
   123.299997000058        9087.00000000000     
   123.399996994121        9087.00000000000     
   123.499996988185        9087.00000000000     
   123.599996982248        9087.00000000000     
   123.699996976311        9087.00000000000     
   123.799996970374        9087.00000000000     
   123.899996964437        9087.00000000000     
   123.999996958500        9087.00000000000     
   124.099996952564        9087.00000000000     
   124.199996946627        9087.00000000000     
   124.299996940690        9087.00000000000     
   124.399996934753        9087.00000000000     
   124.499996928816        9087.00000000000     
   124.599996922880        9087.00000000000     
   124.699996916943        9087.00000000000     
   124.799996911006        9087.00000000000     
   124.899996905069        9087.00000000000     
   124.999996899132        9087.00000000000     
   125.099996893195        9087.00000000000     
   125.199996887259        9087.00000000000     
   125.299996881322        9087.00000000000     
   125.399996875385        9087.00000000000     
   125.499996869448        9087.00000000000     
   125.599996863511        9087.00000000000     
   125.699996857575        9087.00000000000     
   125.799996851638        9087.00000000000     
   125.899996845701        9087.00000000000     
   125.999996839764        9087.00000000000     
   126.099996833827        9087.00000000000     
   126.199996827890        9087.00000000000     
   126.299996821954        9087.00000000000     
   126.399996816017        9087.00000000000     
   126.499996810080        9087.00000000000     
   126.599996804143        9087.00000000000     
   126.699996798206        9087.00000000000     
   126.799996792270        9087.00000000000     
   126.899996786333        9087.00000000000     
   126.999996780396        9087.00000000000     
   127.099996774459        9087.00000000000     
   127.199996768522        9087.00000000000     
   127.299996762585        9087.00000000000     
   127.399996756649        9087.00000000000     
   127.499996750712        9087.00000000000     
   127.599996744775        9087.00000000000     
   127.699996738838        9087.00000000000     
   127.799996732901        9087.00000000000     
   127.899996726965        9087.00000000000     
   127.999996721028        9087.00000000000     
   128.099996715091        9087.00000000000     
   128.199996709154        9087.00000000000     
   128.299996703217        9087.00000000000     
   128.399996697280        9087.00000000000     
   128.499996691344        9087.00000000000     
   128.599996685407        9087.00000000000     
   128.699996679470        9087.00000000000     
   128.799996673533        9087.00000000000     
   128.899996667596        9087.00000000000     
   128.999996661660        9087.00000000000     
   129.099996655723        9087.00000000000     
   129.199996649786        9087.00000000000     
   129.299996643849        9087.00000000000     
   129.399996637912        9087.00000000000     
   129.499996631975        9087.00000000000     
   129.599996626039        9087.00000000000     
   129.699996620102        9087.00000000000     
   129.799996614165        9087.00000000000     
   129.899996608228        9087.00000000000     
   129.999996602291        9087.00000000000     
   130.099996596355        9087.00000000000     
   130.199996590418        9087.00000000000     
   130.299996584481        9087.00000000000     
   130.399996578544        9087.00000000000     
   130.499996572607        9087.00000000000     
   130.599996566670        9087.00000000000     
   130.699996560734        9087.00000000000     
   130.799996554797        9087.00000000000     
   130.899996548860        9087.00000000000     
   130.999996542923        9087.00000000000     
   131.099996536986        9087.00000000000     
   131.199996531050        9087.00000000000     
   131.299996525113        9087.00000000000     
   131.399996519176        9087.00000000000     
   131.499996513239        9087.00000000000     
   131.599996507302        9087.00000000000     
   131.699996501365        9087.00000000000     
   131.799996495429        9087.00000000000     
   131.899996489492        9087.00000000000     
   131.999996483555        9087.00000000000     
   132.099996477618        9087.00000000000     
   132.199996471681        9087.00000000000     
   132.299996465745        9087.00000000000     
   132.399996459808        9087.00000000000     
   132.499996453871        9087.00000000000     
   132.599996447934        9087.00000000000     
   132.699996441997        9087.00000000000     
   132.799996436060        9087.00000000000     
   132.899996430124        9087.00000000000     
   132.999996424187        9087.00000000000     
   133.099996418250        9087.00000000000     
   133.199996412313        9087.00000000000     
   133.299996406376        9087.00000000000     
   133.399996400440        9087.00000000000     
   133.499996394503        9087.00000000000     
   133.599996388566        9087.00000000000     
   133.699996382629        9087.00000000000     
   133.799996376692        9087.00000000000     
   133.899996370756        9087.00000000000     
   133.999996364819        9087.00000000000     
   134.099996358882        9087.00000000000     
   134.199996352945        9087.00000000000     
   134.299996347008        9087.00000000000     
   134.399996341071        9087.00000000000     
   134.499996335135        9087.00000000000     
   134.599996329198        9087.00000000000     
   134.699996323261        9087.00000000000     
   134.799996317324        9087.00000000000     
   134.899996311387        9087.00000000000     
   134.999996305451        9087.00000000000     
   135.099996299514        9087.00000000000     
   135.199996293577        9087.00000000000     
   135.299996287640        9087.00000000000     
   135.399996281703        9087.00000000000     
   135.499996275766        9087.00000000000     
   135.599996269830        9087.00000000000     
   135.699996263893        9087.00000000000     
   135.799996257956        9087.00000000000     
   135.899996252019        9087.00000000000     
   135.999996246082        9087.00000000000     
   136.099996240146        9087.00000000000     
   136.199996234209        9087.00000000000     
   136.299996228272        9087.00000000000     
   136.399996222335        9087.00000000000     
   136.499996216398        9087.00000000000     
   136.599996210461        9087.00000000000     
   136.699996204525        9087.00000000000     
   136.799996198588        9087.00000000000     
   136.899996192651        9087.00000000000     
   136.999996186714        9087.00000000000     
   137.099996180777        9087.00000000000     
   137.199996174841        9087.00000000000     
   137.299996168904        9087.00000000000     
   137.399996162967        9087.00000000000     
   137.499996157030        9087.00000000000     
   137.599996151093        9087.00000000000     
   137.699996145156        9087.00000000000     
   137.799996139220        9087.00000000000     
   137.899996133283        9087.00000000000     
   137.999996127346        9087.00000000000     
   138.099996121409        9087.00000000000     
   138.199996115472        9087.00000000000     
   138.299996109536        9087.00000000000     
   138.399996103599        9087.00000000000     
   138.499996097662        9087.00000000000     
   138.599996091725        9087.00000000000     
   138.699996085788        9087.00000000000     
   138.799996079851        9087.00000000000     
   138.899996073915        9087.00000000000     
   138.999996067978        9087.00000000000     
   139.099996062041        9087.00000000000     
   139.199996056104        9087.00000000000     
   139.299996050167        9087.00000000000     
   139.399996044231        9087.00000000000     
   139.499996038294        9087.00000000000     
   139.599996032357        9087.00000000000     
   139.699996026420        9087.00000000000     
   139.799996020483        9087.00000000000     
   139.899996014546        9087.00000000000     
   139.999996008610        9087.00000000000     
   140.099996002673        9087.00000000000     
   140.199995996736        9087.00000000000     
   140.299995990799        9087.00000000000     
   140.399995984862        9087.00000000000     
   140.499995978926        9087.00000000000     
   140.599995972989        9087.00000000000     
   140.699995967052        9087.00000000000     
   140.799995961115        9087.00000000000     
   140.899995955178        9087.00000000000     
   140.999995949241        9087.00000000000     
   141.099995943305        9087.00000000000     
   141.199995937368        9087.00000000000     
   141.299995931431        9087.00000000000     
   141.399995925494        9087.00000000000     
   141.499995919557        9087.00000000000     
   141.599995913621        9087.00000000000     
   141.699995907684        9087.00000000000     
   141.799995901747        9087.00000000000     
   141.899995895810        9087.00000000000     
   141.999995889873        9087.00000000000     
   142.099995883936        9087.00000000000     
   142.199995878000        9087.00000000000     
   142.299995872063        9087.00000000000     
   142.399995866126        9087.00000000000     
   142.499995860189        9087.00000000000     
   142.599995854252        9087.00000000000     
   142.699995848316        9087.00000000000     
   142.799995842379        9087.00000000000     
   142.899995836442        9087.00000000000     
   142.999995830505        9087.00000000000     
   143.099995824568        9087.00000000000     
   143.199995818631        9087.00000000000     
   143.299995812695        9087.00000000000     
   143.399995806758        9087.00000000000     
   143.499995800821        9087.00000000000     
   143.599995794884        9087.00000000000     
   143.699995788947        9087.00000000000     
   143.799995783011        9087.00000000000     
   143.899995777074        9087.00000000000     
   143.999995771137        9087.00000000000     
   144.099995765200        9087.00000000000     
   144.199995759263        9087.00000000000     
   144.299995753326        9087.00000000000     
   144.399995747390        9087.00000000000     
   144.499995741453        9087.00000000000     
   144.599995735516        9087.00000000000     
   144.699995729579        9087.00000000000     
   144.799995723642        9087.00000000000     
   144.899995717706        9087.00000000000     
   144.999995711769        9087.00000000000     
   145.099995705832        9087.00000000000     
   145.199995699895        9087.00000000000     
   145.299995693958        9087.00000000000     
   145.399995688021        9087.00000000000     
   145.499995682085        9087.00000000000     
   145.599995676148        9087.00000000000     
   145.699995670211        9087.00000000000     
   145.799995664274        9087.00000000000     
   145.899995658337        9087.00000000000     
   145.999995652401        9087.00000000000     
   146.099995646464        9087.00000000000     
   146.199995640527        9087.00000000000     
   146.299995634590        9087.00000000000     
   146.399995628653        9087.00000000000     
   146.499995622716        9087.00000000000     
   146.599995616780        9087.00000000000     
   146.699995610843        9087.00000000000     
   146.799995604906        9087.00000000000     
   146.899995598969        9087.00000000000     
   146.999995593032        9087.00000000000     
   147.099995587096        9087.00000000000     
   147.199995581159        9087.00000000000     
   147.299995575222        9087.00000000000     
   147.399995569285        9087.00000000000     
   147.499995563348        9087.00000000000     
   147.599995557411        9087.00000000000     
   147.699995551475        9087.00000000000     
   147.799995545538        9087.00000000000     
   147.899995539601        9087.00000000000     
   147.999995533664        9087.00000000000     
   148.099995527727        9087.00000000000     
   148.199995521791        9087.00000000000     
   148.299995515854        9087.00000000000     
   148.399995509917        9087.00000000000     
   148.499995503980        9087.00000000000     
   148.599995498043        9087.00000000000     
   148.699995492106        9087.00000000000     
   148.799995486170        9087.00000000000     
   148.899995480233        9087.00000000000     
   148.999995474296        9087.00000000000     
   149.099995468359        9087.00000000000     
   149.199995462422        9087.00000000000     
   149.299995456486        9087.00000000000     
   149.399995450549        9087.00000000000     
   149.499995444612        9087.00000000000     
   149.599995438675        9087.00000000000     
   149.699995432738        9087.00000000000     
   149.799995426802        9087.00000000000     
   149.899995420865        9087.00000000000     
   149.999995414928        9087.00000000000     
