   95.0999986742407       0.577797658104579     
   95.1999986683039       0.577797658872840     
   95.2999986623671       0.577797659641152     
   95.3999986564303       0.577797660409515     
   95.4999986504935       0.577797661177928     
   95.5999986445566       0.577797661946392     
   95.6999986386198       0.577797662714907     
   95.7999986326830       0.577797663483472     
   95.8999986267462       0.577797664252089     
   95.9999986208094       0.577797665020755     
   96.0999986148725       0.577797665789473     
   96.1999986089357       0.577797666558241     
   96.2999986029989       0.577797667327060     
   96.3999985970621       0.577797668095929     
   96.4999985911253       0.577797668864850     
   96.5999985851885       0.577797669633821     
   96.6999985792516       0.577797670402843     
   96.7999985733148       0.577797671171915     
   96.8999985673780       0.577797671941039     
   96.9999985614412       0.577797672710213     
   97.0999985555044       0.577797673479438     
   97.1999985495676       0.577797674248714     
   97.2999985436307       0.577797675018040     
   97.3999985376939       0.577797675787417     
   97.4999985317571       0.577797676556846     
   97.5999985258203       0.577797677326325     
   97.6999985198835       0.577797678095854     
   97.7999985139466       0.577797678865434     
   97.8999985080098       0.577797679635066     
   97.9999985020730       0.577797680404748     
   98.0999984961362       0.577797681174481     
   98.1999984901994       0.577797681944264     
   98.2999984842626       0.577797682714099     
   98.3999984783257       0.577797683483984     
   98.4999984723889       0.577797684253920     
   98.5999984664521       0.577797685023908     
   98.6999984605153       0.577797685793945     
   98.7999984545785       0.577797686564034     
   98.8999984486417       0.577797687334173     
   98.9999984427048       0.577797688104364     
   99.0999984367680       0.577797688874605     
   99.1999984308312       0.577797689644897     
   99.2999984248944       0.577797690415240     
   99.3999984189576       0.577797691185634     
   99.4999984130207       0.577797691956079     
   99.5999984070839       0.577797692726574     
   99.6999984011471       0.577797693497121     
   99.7999983952103       0.577797694267719     
   99.8999983892735       0.577797695038367     
   99.9999983833367       0.577797695809066     
   100.099998377400       0.577652153736311     
   100.199998371463       0.576745652806366     
   100.299998365526       0.574298485091111     
   100.399998359589       0.569278003784628     
   100.499998353653       0.560215773612515     
   100.599998347716       0.545122926243603     
   100.699998341779       0.521938236622475     
   100.799998335842       0.489906269372970     
   100.899998329905       0.450864586468204     
   100.999998323968       0.408636791276620     
   101.099998318032       0.367082034391769     
   101.199998312095       0.328767445489824     
   101.299998306158       0.294821345510379     
   101.399998300221       0.265373209811621     
   101.499998294284       0.240033091453500     
   101.599998288348       0.218218197148395     
   101.699998282411       0.199329899115009     
   101.799998276474       0.182833159697123     
   101.899998270537       0.168282802677991     
   101.999998264600       0.155324163877058     
   102.099998258663       0.143682906742850     
   102.199998252727       0.133151284337124     
   102.299998246790       0.123574200208978     
   102.399998240853       0.114836508544407     
   102.499998234916       0.106852110291173     
   102.599998228979       9.955500389159307E-002
   102.699998223043       9.289226280889004E-002
   102.799998217106       8.681880985056085E-002
   102.899998211169       8.129378918211871E-002
   102.999998205232       7.627828712189644E-002
   103.099998199295       7.173412370949026E-002
   103.199998193358       6.762343213213287E-002
   103.299998187422       6.390876185491763E-002
   103.399998181485       6.055347854076269E-002
   103.499998175548       5.752228185413925E-002
   103.599998169611       5.478171324609049E-002
   103.699998163674       5.230057354118091E-002
   103.799998157738       5.005021041023141E-002
   103.899998151801       4.800466652160863E-002
   103.999998145864       4.614069998497954E-002
   104.099998139927       4.443770059171517E-002
   104.199998133990       4.287753005369138E-002
   104.299998128054       4.144431399100704E-002
   104.399998122117       4.012420979368701E-002
   104.499998116180       3.890516934236549E-002
   104.599998110243       3.777671014489793E-002
   104.699998104306       3.672970351638524E-002
   104.799998098369       3.575618440471834E-002
   104.899998092433       3.484918446413874E-002
   104.999998086496       3.400258794178384E-002
   105.099998080559       3.321100870701619E-002
   105.199998074622       3.246968612584028E-002
   105.299998068685       3.177439727825098E-002
   105.399998062749       3.112138307899422E-002
   105.499998056812       3.050728607368995E-002
   105.599998050875       2.992909796008056E-002
   105.699998044938       2.938411517552757E-002
   105.799998039001       2.886990116659599E-002
   105.899998033064       2.838425419993140E-002
   105.999998027128       2.792517978078262E-002
   106.099998021191       2.749086691738468E-002
   106.199998015254       2.707966760960853E-002
   106.299998009317       2.669007905351202E-002
   106.399998003380       2.632072814450839E-002
   106.499997997444       2.597035793501980E-002
   106.599997991507       2.563781576131817E-002
   106.699997985570       2.532204280186989E-002
   106.799997979633       2.502206486807755E-002
   106.899997973696       2.473698425985909E-002
   106.999997967759       2.446597254437655E-002
   107.099997961823       2.420826413759518E-002
   107.199997955886       2.396315058613302E-002
   107.299997949949       2.372997546159486E-002
   107.399997944012       2.350812979208134E-002
   107.499997938075       2.329704796593916E-002
   107.599997932139       2.309620405169250E-002
   107.699997926202       2.290510848558812E-002
   107.799997920265       2.272330508451822E-002
   107.899997914328       2.255036834760827E-002
   107.999997908391       2.238590101434660E-002
   108.099997902454       2.222953185121021E-002
   108.199997896518       2.208091364212917E-002
   108.299997890581       2.193972136116780E-002
   108.399997884644       2.180565050834428E-002
   108.499997878707       2.167841559176873E-002
   108.599997872770       2.155774874123867E-002
   108.699997866834       2.144339844008190E-002
   108.799997860897       2.133512836358082E-002
   108.899997854960       2.123271631356895E-002
   108.999997849023       2.113595323993786E-002
   109.099997843086       2.104464234079631E-002
   109.199997837149       2.095859823391300E-002
   109.299997831213       2.087764619282037E-002
   109.399997825276       2.080162144168150E-002
   109.499997819339       2.073036850359987E-002
   109.599997813402       2.066374059759023E-002
   109.699997807465       2.060159907994610E-002
   109.799997801529       2.054381292609469E-002
   109.899997795592       2.049025824947410E-002
   109.999997789655       2.044081785427132E-002
   110.099997783718       2.039538081915532E-002
   110.199997777781       2.035384210943807E-002
   110.299997771844       2.031610221531896E-002
   110.399997765908       2.028206681406864E-002
   110.499997759971       2.025164645424049E-002
   110.599997754034       2.022475626014721E-002
   110.699997748097       2.020131565498014E-002
   110.799997742160       2.018124810119204E-002
   110.899997736224       2.016448085669234E-002
   110.999997730287       2.015094474575582E-002
   111.099997724350       2.014057394347589E-002
   111.199997718413       2.013330577277189E-002
   111.299997712476       2.012908051301942E-002
   111.399997706539       2.012784121945657E-002
   111.499997700603       2.012953355259591E-002
   111.599997694666       2.013410561692953E-002
   111.699997688729       2.014150780826924E-002
   111.799997682792       2.015169266914068E-002
   111.899997676855       2.016461475166819E-002
   111.999997670919       2.018023048745917E-002
   112.099997664982       2.019849806402307E-002
   112.199997659045       2.021937730730125E-002
   112.299997653108       2.024282956992351E-002
   112.399997647171       2.026881762482865E-002
   112.499997641234       2.029730556392964E-002
   112.599997635298       2.032825870152013E-002
   112.699997629361       2.036164348214789E-002
   112.799997623424       2.039742739269816E-002
   112.899997617487       2.043557887846258E-002
   112.999997611550       2.047606726297456E-002
   113.099997605614       2.051886267143760E-002
   113.199997599677       2.056393595751272E-002
   113.299997593740       2.061125863338572E-002
   113.399997587803       2.066080280289118E-002
   113.499997581866       2.071254109759916E-002
   113.599997575929       2.076644661571818E-002
   113.699997569993       2.082249286372102E-002
   113.799997564056       2.088065370056831E-002
   113.899997558119       2.094090328445302E-002
   113.999997552182       2.100321602197179E-002
   114.099997546245       2.106756651964182E-002
   114.199997540309       2.113392953770169E-002
   114.299997534372       2.120227994612395E-002
   114.399997528435       2.127259268278159E-002
   114.499997522498       2.134484271371338E-002
   114.599997516561       2.141900499544945E-002
   114.699997510624       2.149505443933535E-002
   114.799997504688       2.157296587783024E-002
   114.899997498751       2.165271403273012E-002
   114.999997492814       2.173427348528995E-002
   115.099997486877       2.181761864820792E-002
   115.199997480940       2.190272373944208E-002
   115.299997475004       2.198956275785452E-002
   115.399997469067       2.207810946059007E-002
   115.499997463130       2.216833734226878E-002
   115.599997457193       2.226021961587889E-002
   115.699997451256       2.235372919538922E-002
   115.799997445319       2.244883868005251E-002
   115.899997439383       2.254552034037796E-002
   115.999997433446       2.264374610574917E-002
   116.099997427509       2.274348755366518E-002
   116.199997421572       2.284471590059195E-002
   116.299997415635       2.294740199438714E-002
   116.399997409699       2.305151630828572E-002
   116.499997403762       2.315702893642015E-002
   116.599997397825       2.326390959085275E-002
   116.699997391888       2.337212760008313E-002
   116.799997385951       2.348165190902212E-002
   116.899997380014       2.359245108038860E-002
   116.999997374078       2.370449329751118E-002
   117.099997368141       2.381774636849020E-002
   117.199997362204       2.393217773170732E-002
   117.299997356267       2.404775446262715E-002
   117.399997350330       2.416444328186474E-002
   117.499997344394       2.428221056450902E-002
   117.599997338457       2.440102235061057E-002
   117.699997332520       2.452084435683854E-002
   117.799997326583       2.464164198924198E-002
   117.899997320646       2.476338035708832E-002
   117.999997314709       2.488602428772155E-002
   118.099997308773       2.500953834240753E-002
   118.199997302836       2.513388683311001E-002
   118.299997296899       2.525903384015330E-002
   118.399997290962       2.538494323072233E-002
   118.499997285025       2.551157867815175E-002
   118.599997279089       2.563890368194609E-002
   118.699997273152       2.576688158849225E-002
   118.799997267215       2.589547561239658E-002
   118.899997261278       2.602464885840247E-002
   118.999997255341       2.615436434383009E-002
   119.099997249404       2.628458502149051E-002
   119.199997243468       2.641527380300703E-002
   119.299997237531       2.654639358250569E-002
   119.399997231594       2.667790726059923E-002
   119.499997225657       2.680977776862843E-002
   119.599997219720       2.694196809309574E-002
   119.699997213784       2.707444130024092E-002
   119.799997207847       2.720716056069616E-002
   119.899997201910       2.734008917418318E-002
   119.999997195973       2.747319059418222E-002
   120.099997190036       2.778895940652095E-002
   120.199997184100       2.858808371482036E-002
   120.299997178163       2.989264208039211E-002
   120.399997172226       3.168629458122316E-002
   120.499997166289       3.395672477625711E-002
   120.599997160352       3.670350121773971E-002
   120.699997154415       3.993729292988911E-002
   120.799997148479       4.367701617193176E-002
   120.899997142542       4.794681634068917E-002
   120.999997136605       5.277324272323736E-002
   121.099997130668       5.818253562506921E-002
   121.199997124731       6.419792380092110E-002
   121.299997118795       7.083698833215347E-002
   121.399997112858       7.810909888147029E-002
   121.499997106921       8.601268612706628E-002
   121.599997100984       9.453239655642169E-002
   121.699997095047       0.103636751095130     
   121.799997089110       0.113277250652113     
   121.899997083174       0.123389847663276     
   121.999997077237       0.133899136301714     
   122.099997071300       0.144724511398558     
   122.199997065363       0.155786589969364     
   122.299997059426       0.167012193130020     
   122.399997053490       0.178337100584142     
   122.499997047553       0.189706795576147     
   122.599997041616       0.201075906681253     
   122.699997035679       0.212407037908115     
   122.799997029742       0.223669451516983     
   122.899997023805       0.234837844015491     
   122.999997017869       0.245891307182918     
   123.099997011932       0.256812487216000     
   123.199997005995       0.267586921073504     
   123.299997000058       0.278202518736985     
   123.399996994121       0.288649160478437     
   123.499996988185       0.298918382585124     
   123.599996982248       0.309003130205577     
   123.699996976311       0.318897560782216     
   123.799996970374       0.328596885524219     
   123.899996964437       0.338097239524435     
   123.999996958500       0.347395573543030     
   124.099996952564       0.356489562306831     
   124.199996946627       0.365377525538399     
   124.299996940690       0.374058358940926     
   124.399996934753       0.382531473111287     
   124.499996928816       0.390796738899968     
   124.599996922880       0.398854438134708     
   124.699996916943       0.406705218912044     
   124.799996911006       0.414350054866903     
   124.899996905069       0.421790207976531     
   124.999996899132       0.429027194557479     
   125.099996893195       0.436062754185135     
   125.199996887259       0.442898821314257     
   125.299996881322       0.449537499411447     
   125.399996875385       0.455981037432837     
   125.499996869448       0.462231808495197     
   125.599996863511       0.468292290598609     
   125.699996857575       0.474165049267194     
   125.799996851638       0.479852721979168     
   125.899996845701       0.485358004263623     
   125.999996839764       0.490683637345750     
   126.099996833827       0.495832397227323     
   126.199996827890       0.500807085094486     
   126.299996821954       0.505610518949907     
   126.399996816017       0.510245526372319     
   126.499996810080       0.514714938311783     
   126.599996804143       0.519021583835064     
   126.699996798206       0.523168285741074     
   126.799996792270       0.527157856972278     
   126.899996786333       0.530993097752929     
   126.999996780396       0.534676793391200     
   127.099996774459       0.538211712686166     
   127.199996768522       0.541600606885913     
   127.299996762585       0.544846209147756     
   127.399996756649       0.547951234453899     
   127.499996750712       0.550918379941046     
   127.599996744775       0.553750325604761     
   127.699996738838       0.556449735341436     
   127.799996732901       0.559019258294314     
   127.899996726965       0.561461530470137     
   127.999996721028       0.563779176595679     
   128.099996715091       0.565974812183564     
   128.199996709154       0.568051045777481     
   128.299996703217       0.570010481347534     
   128.399996697280       0.571855720805549     
   128.499996691344       0.573589366610157     
   128.599996685407       0.575214024431826     
   128.699996679470       0.576732305843113     
   128.799996673533       0.578146831005064     
   128.899996667596       0.579460231312522     
   128.999996661660       0.580675151964169     
   129.099996655723       0.581794254420300     
   129.199996649786       0.582820218710411     
   129.299996643849       0.583755745551570     
   129.399996637912       0.584603558237991     
   129.499996631975       0.585366404261496     
   129.599996626039       0.586047056622824     
   129.699996620102       0.586648314794358     
   129.799996614165       0.587173005295505     
   129.899996608228       0.587623981843892     
   129.999996602291       0.588004125048917     
   130.099996596355       0.588316341616027     
   130.199996590418       0.588563563035772     
   130.299996584481       0.588748743735324     
   130.399996578544       0.588874858677313     
   130.499996572607       0.588944900396192     
   130.599996566670       0.588961875470573     
   130.699996560734       0.588928800437257     
   130.799996554797       0.588848697161608     
   130.899996548860       0.588724587687270     
   130.999996542923       0.588559488597101     
   131.099996536986       0.588356404926508     
   131.199996531050       0.588118323678000     
   131.299996525113       0.587848206994476     
   131.399996519176       0.587548985056153     
   131.499996513239       0.587223548771802     
   131.599996507302       0.586874742340571     
   131.699996501365       0.586505355764781     
   131.799996495429       0.586118117396602     
   131.899996489492       0.585715686601864     
   131.999996483555       0.585300646624829     
   132.099996477618       0.584875497734610     
   132.199996471681       0.584442650730914     
   132.299996465745       0.584004420881443     
   132.399996459808       0.583563022356888     
   132.499996453871       0.583120563221754     
   132.599996447934       0.582679041032176     
   132.699996441997       0.582240339078271     
   132.799996436060       0.581806223306313     
   132.899996430124       0.581378339938447     
   132.999996424187       0.580958213802283     
   133.099996418250       0.580547247371489     
   133.199996412313       0.580146720509046     
   133.299996406376       0.579757790896361     
   133.399996400440       0.579381495123342     
   133.499996394503       0.579018750406994     
   133.599996388566       0.578670356900440     
   133.699996382629       0.578337000548872     
   133.799996376692       0.578019256444389     
   133.899996370756       0.577717592629296     
   133.999996364819       0.577432374294858     
   134.099996358882       0.577163868321574     
   134.199996352945       0.576912248106689     
   134.299996347008       0.576677598625586     
   134.399996341071       0.576459921674640     
   134.499996335135       0.576259141245420     
   134.599996329198       0.576075108982386     
   134.699996323261       0.575907609679219     
   134.799996317324       0.575756366772378     
   134.899996311387       0.575621047793402     
   134.999996305451       0.575501269745710     
   135.099996299514       0.575396604375067     
   135.199996293577       0.575306583306456     
   135.299996287640       0.575230703023983     
   135.399996281703       0.575168429673752     
   135.499996275766       0.575119203673207     
   135.599996269830       0.575082444113485     
   135.699996263893       0.575057552944493     
   135.799996257956       0.575043918934675     
   135.899996252019       0.575040921400836     
   135.999996246082       0.575047933705067     
   136.099996240146       0.575064326517602     
   136.199996234209       0.575089470847161     
   136.299996228272       0.575122740841217     
   136.399996222335       0.575163516359996     
   136.499996216398       0.575211185329764     
   136.599996210461       0.575265145881310     
   136.699996204525       0.575324808280618     
   136.799996198588       0.575389596659470     
   136.899996192651       0.575458950554017     
   136.999996186714       0.575532326259782     
   137.099996180777       0.575609198011923     
   137.199996174841       0.575689058999582     
   137.299996168904       0.575771422223337     
   137.399996162967       0.575855821204681     
   137.499996157030       0.575941810556398     
   137.599996151093       0.576028966422557     
   137.699996145156       0.576116886796731     
   137.799996139220       0.576205191726752     
   137.899996133283       0.576293523413985     
   137.999996127346       0.576381546215398     
   138.099996121409       0.576468946555179     
   138.199996115472       0.576555432754020     
   138.299996109536       0.576640734782446     
   138.399996103599       0.576724603945061     
   138.499996097662       0.576806812502046     
   138.599996091725       0.576887153233885     
   138.699996085788       0.576965438955179     
   138.799996079851       0.577041501982926     
   138.899996073915       0.577115193564487     
   138.999996067978       0.577186383270188     
   139.099996062041       0.577254958355089     
   139.199996056104       0.577320823094480     
   139.299996050167       0.577383898097144     
   139.399996044231       0.577444119600357     
   139.499996038294       0.577501438750344     
   139.599996032357       0.577555820871563     
   139.699996026420       0.577607244728348     
   139.799996020483       0.577655701781673     
   139.899996014546       0.577701195444247     
   139.999996008610       0.577743740336443     
   140.099996002673       0.577783361545722     
   140.199995996736       0.577820093891874     
   140.299995990799       0.577853981200406     
   140.399995984862       0.577885075585943     
   140.499995978926       0.577913436747733     
   140.599995972989       0.577939131279014     
   140.699995967052       0.577962231991745     
   140.799995961115       0.577982817258337     
   140.899995955178       0.578000970371649     
   140.999995949241       0.578016778924526     
   141.099995943305       0.578030334209947     
   141.199995937368       0.578041730642814     
   141.299995931431       0.578051065204118     
   141.399995925494       0.578058436908416     
   141.499995919557       0.578063946295009     
   141.599995913621       0.578067694943553     
   141.699995907684       0.578069785014362     
   141.799995901747       0.578070318813741     
   141.899995895810       0.578069398384565     
   141.999995889873       0.578067125122187     
   142.099995883936       0.578063599415693     
   142.199995878000       0.578058920314383     
   142.299995872063       0.578053185219346     
   142.399995866126       0.578046489599855     
   142.499995860189       0.578038926734263     
   142.599995854252       0.578030587474955     
   142.699995848316       0.578021560036942     
   142.799995842379       0.578011929809496     
   142.899995836442       0.578001779190260     
   142.999995830505       0.577991187441219     
   143.099995824568       0.577980230565733     
   143.199995818631       0.577968981205958     
   143.299995812695       0.577957508559924     
   143.399995806758       0.577945878317267     
   143.499995800821       0.577934152612934     
   143.599995794884       0.577922389997398     
   143.699995788947       0.577910645426049     
   143.799995783011       0.577898970257571     
   143.899995777074       0.577887412272919     
   143.999995771137       0.577876015704732     
   144.099995765200       0.577864821279666     
   144.199995759263       0.577853866272378     
   144.299995753326       0.577843184570131     
   144.399995747390       0.577832806747165     
   144.499995741453       0.577822760147901     
   144.599995735516       0.577813068978134     
   144.699995729579       0.577803754403296     
   144.799995723642       0.577794834653069     
   144.899995717706       0.577786325131371     
   144.999995711769       0.577778238531092     
   145.099995705832       0.577770584952711     
   145.199995699895       0.577763372026120     
   145.299995693958       0.577756605034919     
   145.399995688021       0.577750287042585     
   145.499995682085       0.577744419019755     
   145.599995676148       0.577738999972195     
   145.699995670211       0.577734027068745     
   145.799995664274       0.577729495768784     
   145.899995658337       0.577725399948718     
   145.999995652401       0.577721732027015     
   146.099995646464       0.577718483087352     
   146.199995640527       0.577715642999514     
   146.299995634590       0.577713200537683     
   146.399995628653       0.577711143495786     
   146.499995622716       0.577709458799602     
   146.599995616780       0.577708132615393     
   146.699995610843       0.577707150454812     
   146.799995604906       0.577706497275908     
   146.899995598969       0.577706157580065     
   146.999995593032       0.577706115504698     
   147.099995587096       0.577706354911598     
   147.199995581159       0.577706859470911     
   147.299995575222       0.577707612740591     
   147.399995569285       0.577708598241296     
   147.499995563348       0.577709799526767     
   147.599995557411       0.577711200249671     
   147.699995551475       0.577712784222861     
   147.799995545538       0.577714535476163     
   147.899995539601       0.577716438308689     
   147.999995533664       0.577718477336836     
   148.099995527727       0.577720637537859     
   148.199995521791       0.577722904289376     
   148.299995515854       0.577725263404645     
   148.399995509917       0.577727701163981     
   148.499995503980       0.577730204342158     
   148.599995498043       0.577732760232145     
   148.699995492106       0.577735356665286     
   148.799995486170       0.577737982027973     
   148.899995480233       0.577740625275053     
   148.999995474296       0.577743275937157     
   149.099995468359       0.577745924139166     
   149.199995462422       0.577748560587964     
   149.299995456486       0.577751176585048     
   149.399995450549       0.577753764023268     
   149.499995444612       0.577756315383337     
   149.599995438675       0.577758823728677     
   149.699995432738       0.577761282697985     
   149.799995426802       0.577763686495920     
   149.899995420865       0.577766029882149     
   149.999995414928       0.577768308158722     
