   95.0999986742407       3.845698890692349E-002
   95.1999986683039       3.845698884067324E-002
   95.2999986623671       3.845698877441808E-002
   95.3999986564303       3.845698870815919E-002
   95.4999986504935       3.845698864189528E-002
   95.5999986445566       3.845698857562728E-002
   95.6999986386198       3.845698850935499E-002
   95.7999986326830       3.845698844307826E-002
   95.8999986267462       3.845698837679708E-002
   95.9999986208094       3.845698831051204E-002
   96.0999986148725       3.845698824422200E-002
   96.1999986089357       3.845698817792780E-002
   96.2999986029989       3.845698811162913E-002
   96.3999985970621       3.845698804532633E-002
   96.4999985911253       3.845698797901908E-002
   96.5999985851885       3.845698791270739E-002
   96.6999985792516       3.845698784639125E-002
   96.7999985733148       3.845698778007064E-002
   96.8999985673780       3.845698771374563E-002
   96.9999985614412       3.845698764741676E-002
   97.0999985555044       3.845698758108291E-002
   97.1999985495676       3.845698751474502E-002
   97.2999985436307       3.845698744840281E-002
   97.3999985376939       3.845698738205611E-002
   97.4999985317571       3.845698731570498E-002
   97.5999985258203       3.845698724934937E-002
   97.6999985198835       3.845698718298936E-002
   97.7999985139466       3.845698711662549E-002
   97.8999985080098       3.845698705025651E-002
   97.9999985020730       3.845698698388373E-002
   98.0999984961362       3.845698691750650E-002
   98.1999984901994       3.845698685112480E-002
   98.2999984842626       3.845698678473865E-002
   98.3999984783257       3.845698671834806E-002
   98.4999984723889       3.845698665195298E-002
   98.5999984664521       3.845698658555347E-002
   98.6999984605153       3.845698651915011E-002
   98.7999984545785       3.845698645274177E-002
   98.8999984486417       3.845698638632938E-002
   98.9999984427048       3.845698631991266E-002
   99.0999984367680       3.845698625349144E-002
   99.1999984308312       3.845698618706579E-002
   99.2999984248944       3.845698612063568E-002
   99.3999984189576       3.845698605420143E-002
   99.4999984130207       3.845698598776267E-002
   99.5999984070839       3.845698592131946E-002
   99.6999984011471       3.845698585487183E-002
   99.7999983952103       3.845698578842000E-002
   99.8999983892735       3.845698572196373E-002
   99.9999983833367       3.845698565550300E-002
   100.099998377400       7.163640841038678E-002
   100.199998371463       8.601862650342421E-002
   100.299998365526       9.911539268651712E-002
   100.399998359589       0.119320996724303     
   100.499998353653       0.157646488889430     
   100.599998347716       0.244630234484852     
   100.699998341779       0.484663056335688     
   100.799998335842        1.23016760799571     
   100.899998329905        3.37683237304995     
   100.999998323968        8.29003647372250     
   101.099998318032        16.9758939452504     
   101.199998312095        29.2257776220975     
   101.299998306158        43.6876187331706     
   101.399998300221        58.8070250084548     
   101.499998294284        73.6968289754223     
   101.599998288348        88.3729914830008     
   101.699998282411        103.530290428224     
   101.799998276474        120.210280562300     
   101.899998270537        139.539484214587     
   101.999998264600        162.550962790896     
   102.099998258663        190.042176800486     
   102.199998252727        222.431067861577     
   102.299998246790        259.610190607264     
   102.399998240853        300.841274700151     
   102.499998234916        344.757142298567     
   102.599998228979        389.520162417583     
   102.699998223043        433.122017908915     
   102.799998217106        473.734746496313     
   102.899998211169        509.993777349929     
   102.999998205232        541.132371893681     
   103.099998199295        566.960582570613     
   103.199998193358        587.739115519335     
   103.299998187422        604.014736526323     
   103.399998181485        616.468339629206     
   103.499998175548        625.801024061853     
   103.599998169611        632.662617765976     
   103.699998163674        637.615667554476     
   103.799998157738        641.124280104352     
   103.899998151801        643.557953788237     
   103.999998145864        645.202968517636     
   104.099998139927        646.276458264990     
   104.199998133990        646.940344331978     
   104.299998128054        647.313730360812     
   104.399998122117        647.483243766542     
   104.499998116180        647.511301553366     
   104.599998110243        647.442517894926     
   104.699998104306        647.308559239558     
   104.799998098369        647.131759301671     
   104.899998092433        646.927774074441     
   104.999998086496        646.707510666496     
   105.099998080559        646.478516361032     
   105.199998074622        646.245971875225     
   105.299998068685        646.013397499226     
   105.399998062749        645.783152735121     
   105.499998056812        645.556788444375     
   105.599998050875        645.335294238885     
   105.699998044938        645.119271806151     
   105.799998039001        644.909056060393     
   105.899998033064        644.704799650721     
   105.999998027128        644.506531795891     
   106.099998021191        644.314199166484     
   106.199998015254        644.127694233030     
   106.299998009317        643.946874874208     
   106.399998003380        643.771577897209     
   106.499997997444        643.601628321557     
   106.599997991507        643.436845717202     
   106.699997985570        643.277048496272     
   106.799997979633        643.122056785062     
   106.899997973696        642.971694312062     
   106.999997967759        642.825789615825     
   107.099997961823        642.684176783519     
   107.199997955886        642.546695867425     
   107.299997949949        642.413193081377     
   107.399997944012        642.283520848345     
   107.499997938075        642.157537748282     
   107.599997932139        642.035108400591     
   107.699997926202        641.916103305722     
   107.799997920265        641.800398659222     
   107.899997914328        641.687876155440     
   107.999997908391        641.578422781794     
   108.099997902454        641.471930611984     
   108.199997896518        641.368296603904     
   108.299997890581        641.267422399379     
   108.399997884644        641.169214133387     
   108.499997878707        641.073582243767     
   108.599997872770        640.980441296568     
   108.699997866834        640.889709807889     
   108.799997860897        640.801310082860     
   108.899997854960        640.715168066898     
   108.999997849023        640.631213181036     
   109.099997843086        640.549378178291     
   109.199997837149        640.469599019744     
   109.299997831213        640.391814738324     
   109.399997825276        640.315967283198     
   109.499997819339        640.242001472412     
   109.599997813402        640.169864791927     
   109.699997807465        640.099507345626     
   109.799997801529        640.030881689517     
   109.899997795592        639.963942838522     
   109.999997789655        639.898648049505     
   110.099997783718        639.834956706455     
   110.199997777781        639.772830436057     
   110.299997771844        639.712232810773     
   110.399997765908        639.653129333610     
   110.499997759971        639.595487355738     
   110.599997754034        639.539275996722     
   110.699997748097        639.484466053863     
   110.799997742160        639.431029931279     
   110.899997736224        639.378941630617     
   110.999997730287        639.328176594137     
   111.099997724350        639.278711667204     
   111.199997718413        639.230525031050     
   111.299997712476        639.183596137191     
   111.399997706539        639.137905643550     
   111.499997700603        639.093435353841     
   111.599997694666        639.050168153098     
   111.699997688729        639.008087948663     
   111.799997682792        638.967179612552     
   111.899997676855        638.927428924382     
   111.999997670919        638.888822515493     
   112.099997664982        638.851347814321     
   112.199997659045        638.814992992902     
   112.299997653108        638.779746914600     
   112.399997647171        638.745599082966     
   112.499997641234        638.712539566156     
   112.599997635298        638.680559009244     
   112.699997629361        638.649648551786     
   112.799997623424        638.619799769404     
   112.899997617487        638.591004639543     
   112.999997611550        638.563255497341     
   113.099997605614        638.536544993653     
   113.199997599677        638.510866057315     
   113.299997593740        638.486211845633     
   113.399997587803        638.462575708655     
   113.499997581866        638.439951152209     
   113.599997575929        638.418331801403     
   113.699997569993        638.397711348628     
   113.799997564056        638.378083517308     
   113.899997558119        638.359442137710     
   113.999997552182        638.341780975328     
   114.099997546245        638.325093752764     
   114.199997540309        638.309374110628     
   114.299997534372        638.294615557455     
   114.399997528435        638.280811586066     
   114.499997522498        638.267955485317     
   114.599997516561        638.256040307282     
   114.699997510624        638.245059055577     
   114.799997504688        638.235004415356     
   114.899997498751        638.225868909439     
   114.999997492814        638.217644777809     
   115.099997486877        638.210324054983     
   115.199997480940        638.203898462627     
   115.299997475004        638.198359467781     
   115.399997469067        638.193698256441     
   115.499997463130        638.189905709659     
   115.599997457193        638.186972409586     
   115.699997451256        638.184888622403     
   115.799997445319        638.183644319169     
   115.899997439383        638.183229149752     
   115.999997433446        638.183632451379     
   116.099997427509        638.184843242636     
   116.199997421572        638.186850234888     
   116.299997415635        638.189641831926     
   116.399997409699        638.193206121633     
   116.499997403762        638.197530897866     
   116.599997397825        638.202603658288     
   116.699997391888        638.208411612802     
   116.799997385951        638.214941689856     
   116.899997380014        638.222180543850     
   116.999997374078        638.230114567871     
   117.099997368141        638.238729907882     
   117.199997362204        638.248012463647     
   117.299997356267        638.257947908339     
   117.399997350330        638.268521694972     
   117.499997344394        638.279719076825     
   117.599997338457        638.291525114059     
   117.699997332520        638.303924687583     
   117.799997326583        638.316902518791     
   117.899997320646        638.330443175791     
   117.999997314709        638.344531093622     
   118.099997308773        638.359150588069     
   118.199997302836        638.374285867587     
   118.299997296899        638.389921050447     
   118.399997290962        638.406040178419     
   118.499997285025        638.422627231909     
   118.599997279089        638.439666144998     
   118.699997273152        638.457140819565     
   118.799997267215        638.475035138499     
   118.899997261278        638.493332982120     
   118.999997255341        638.512018240273     
   119.099997249404        638.531074826609     
   119.199997243468        638.550486691608     
   119.299997237531        638.570237836293     
   119.399997231594        638.590312323810     
   119.499997225657        638.610694292843     
   119.599997219720        638.631367968811     
   119.699997213784        638.652317675371     
   119.799997207847        638.673527845853     
   119.899997201910        638.694983033699     
   119.999997195973        638.716667922814     
   120.099997190036        588.477920376228     
   120.199997184100        591.698117428929     
   120.299997178163        594.995747631912     
   120.399997172226        598.246287752587     
   120.499997166289        601.444425240758     
   120.599997160352        604.515682620202     
   120.699997154415        607.114718808789     
   120.799997148479        607.894669717101     
   120.899997142542        602.266946999819     
   120.999997136605        577.711848735098     
   121.099997130668        512.737705961461     
   121.199997124731        398.772173799141     
   121.299997118795        265.321801084374     
   121.399997112858        152.292959853860     
   121.499997106921        76.3421717892996     
   121.599997100984        33.6887628027355     
   121.699997095047        13.2748402376484     
   121.799997089110        4.83039663928439     
   121.899997083174        1.72845203744909     
   121.999997077237       0.668671785604116     
   122.099997071300       0.308672603932349     
   122.199997065363       0.176635518298925     
   122.299997059426       0.120418753764885     
   122.399997053490       9.199278103997043E-002
   122.499997047553       7.542057090339363E-002
   122.599997041616       6.476471979808296E-002
   122.699997035679       5.745380372186865E-002
   122.799997029742       5.220543702897205E-002
   122.899997023805       4.830764055682182E-002
   122.999997017869       4.533427778378572E-002
   123.099997011932       4.301623662051971E-002
   123.199997005995       4.117646740030548E-002
   123.299997000058       3.969454302962834E-002
   123.399996994121       3.848619394565096E-002
   123.499996988185       3.749097033295574E-002
   123.599996982248       3.666454226204074E-002
   123.699996976311       3.597375224485124E-002
   123.799996970374       3.539335462827419E-002
   123.899996964437       3.490381755127646E-002
   123.999996958500       3.448981053672687E-002
   124.099996952564       3.413914412547234E-002
   124.199996946627       3.384201341902417E-002
   124.299996940690       3.359044963062338E-002
   124.399996934753       3.337791638334588E-002
   124.499996928816       3.319900829963351E-002
   124.599996922880       3.304922293255647E-002
   124.699996916943       3.292478600405398E-002
   124.799996911006       3.282251589180954E-002
   124.899996905069       3.273971737068608E-002
   124.999996899132       3.267409741640021E-002
   125.099996893195       3.262369783429266E-002
   125.199996887259       3.258684085728810E-002
   125.299996881322       3.256208484350961E-002
   125.399996875385       3.254818791588363E-002
   125.499996869448       3.254407790522153E-002
   125.599996863511       3.254882733990976E-002
   125.699996857575       3.256163250980556E-002
   125.799996851638       3.258179584453628E-002
   125.899996845701       3.260871100626218E-002
   125.999996839764       3.264185022139466E-002
   126.099996833827       3.268075346904874E-002
   126.199996827890       3.272501921756527E-002
   126.299996821954       3.277429645803297E-002
   126.399996816017       3.282827782760797E-002
   126.499996810080       3.288669365528692E-002
   126.599996804143       3.294930678476216E-002
   126.699996798206       3.301590805984844E-002
   126.799996792270       3.308631237173249E-002
   126.899996786333       3.316035518494129E-002
   126.999996780396       3.323788947135746E-002
   127.099996774459       3.331878299233043E-002
   127.199996768522       3.340291587785719E-002
   127.299996762585       3.349017845937720E-002
   127.399996756649       3.358046931911279E-002
   127.499996750712       3.367369352438425E-002
   127.599996744775       3.376976102007131E-002
   127.699996738838       3.386858515644645E-002
   127.799996732901       3.397008133325709E-002
   127.899996726965       3.407416574408814E-002
   127.999996721028       3.418075420786766E-002
   128.099996715091       3.428976107695252E-002
   128.199996709154       3.440109821356069E-002
   128.299996703217       3.451467402842209E-002
   128.399996697280       3.463039257757329E-002
   128.499996691344       3.474815271494777E-002
   128.599996685407       3.486784730026951E-002
   128.699996679470       3.498936246331626E-002
   128.799996673533       3.511257692706125E-002
   128.899996667596       3.523736139381790E-002
   128.999996661660       3.536357799949930E-002
   129.099996655723       3.549107984258041E-002
   129.199996649786       3.561971059465775E-002
   129.299996643849       3.574930420327559E-002
   129.399996637912       3.587968469053127E-002
   129.499996631975       3.601066606303427E-002
   129.599996626039       3.614205233879119E-002
   129.699996620102       3.627363770109099E-002
   129.799996614165       3.640520678829146E-002
   129.899996608228       3.653653512709881E-002
   129.999996602291       3.666738971605210E-002
   130.099996596355       3.679752976407258E-002
   130.199996590418       3.692670758694756E-002
   130.299996584481       3.705466966230218E-002
   130.399996578544       3.718115784073943E-002
   130.499996572607       3.730591070779724E-002
   130.599996566670       3.742866508828677E-002
   130.699996560734       3.754915768069021E-002
   130.799996554797       3.766712680622311E-002
   130.899996548860       3.778231425354959E-002
   130.999996542923       3.789446719647666E-002
   131.099996536986       3.800334015971002E-002
   131.199996531050       3.810869700435378E-002
   131.299996525113       3.821031290312492E-002
   131.399996519176       3.830797627406359E-002
   131.499996513239       3.840149064040512E-002
   131.599996507302       3.849067638454549E-002
   131.699996501365       3.857537236513185E-002
   131.799996495429       3.865543736824826E-002
   131.899996489492       3.873075136580489E-002
   131.999996483555       3.880121655733918E-002
   132.099996477618       3.886675817910545E-002
   132.199996471681       3.892732505917711E-002
   132.299996465745       3.898288992704389E-002
   132.399996459808       3.903344943550780E-002
   132.499996453871       3.907902394625510E-002
   132.599996447934       3.911965704728471E-002
   132.699996441997       3.915541483083679E-002
   132.799996436060       3.918638494247204E-002
   132.899996430124       3.921267542352890E-002
   132.999996424187       3.923441337007990E-002
   133.099996418250       3.925174343396823E-002
   133.199996412313       3.926482619440889E-002
   133.299996406376       3.927383642900521E-002
   133.399996400440       3.927896131365609E-002
   133.499996394503       3.928039858035049E-002
   133.599996388566       3.927835466077318E-002
   133.699996382629       3.927304284159099E-002
   133.799996376692       3.926468145653368E-002
   133.899996370756       3.925349213568088E-002
   133.999996364819       3.923969813190090E-002
   134.099996358882       3.922352273993961E-002
   134.199996352945       3.920518782150863E-002
   134.299996347008       3.918491244545622E-002
   134.399996341071       3.916291165183385E-002
   134.499996335135       3.913939534283400E-002
   134.599996329198       3.911456730327469E-002
   134.699996323261       3.908862435046505E-002
   134.799996317324       3.906175561054245E-002
   134.899996311387       3.903414191823628E-002
   134.999996305451       3.900595533397515E-002
   135.099996299514       3.897735877244803E-002
   135.199996293577       3.894850573470901E-002
   135.299996287640       3.891954013654438E-002
   135.399996281703       3.889059622413394E-002
   135.499996275766       3.886179856911262E-002
   135.599996269830       3.883326213420252E-002
   135.699996263893       3.880509240108810E-002
   135.799996257956       3.877738555249390E-002
   135.899996252019       3.875022870083936E-002
   135.999996246082       3.872370015574139E-002
   136.099996240146       3.869786972399125E-002
   136.199996234209       3.867279903571730E-002
   136.299996228272       3.864854189054216E-002
   136.399996222335       3.862514461890684E-002
   136.499996216398       3.860264645392898E-002
   136.599996210461       3.858107990914778E-002
   136.699996204525       3.856047115918815E-002
   136.799996198588       3.854084041987349E-002
   136.899996192651       3.852220232493776E-002
   136.999996186714       3.850456629720853E-002
   137.099996180777       3.848793691268627E-002
   137.199996174841       3.847231425512421E-002
   137.299996168904       3.845769426062884E-002
   137.399996162967       3.844406905093140E-002
   137.499996157030       3.843142725486929E-002
   137.599996151093       3.841975431716001E-002
   137.699996145156       3.840903279434905E-002
   137.799996139220       3.839924263785621E-002
   137.899996133283       3.839036146382602E-002
   137.999996127346       3.838236481011777E-002
   138.099996121409       3.837522638036198E-002
   138.199996115472       3.836891827537440E-002
   138.299996109536       3.836341121233804E-002
   138.399996103599       3.835867473166457E-002
   138.499996097662       3.835467739259617E-002
   138.599996091725       3.835138695729576E-002
   138.699996085788       3.834877056388940E-002
   138.799996079851       3.834679488950826E-002
   138.899996073915       3.834542630263549E-002
   138.999996067978       3.834463100600236E-002
   139.099996062041       3.834437517008451E-002
   139.199996056104       3.834462505798327E-002
   139.299996050167       3.834534714086731E-002
   139.399996044231       3.834650820596300E-002
   139.499996038294       3.834807545596251E-002
   139.599996032357       3.835001660124423E-002
   139.699996026420       3.835229994428004E-002
   139.799996020483       3.835489445738589E-002
   139.899996014546       3.835776985310876E-002
   139.999996008610       3.836089664850060E-002
   140.099996002673       3.836424622263374E-002
   140.199995996736       3.836779086844892E-002
   140.299995990799       3.837150383792133E-002
   140.399995984862       3.837535938233696E-002
   140.499995978926       3.837933278675975E-002
   140.599995972989       3.838340039837245E-002
   140.699995967052       3.838753965132385E-002
   140.799995961115       3.839172908489622E-002
   140.899995955178       3.839594835812214E-002
   140.999995949241       3.840017825937540E-002
   141.099995943305       3.840440071109186E-002
   141.199995937368       3.840859877198227E-002
   141.299995931431       3.841275663228921E-002
   141.399995925494       3.841685960878095E-002
   141.499995919557       3.842089413327675E-002
   141.599995913621       3.842484773912511E-002
   141.699995907684       3.842870904415499E-002
   141.799995901747       3.843246773027655E-002
   141.899995895810       3.843611452193960E-002
   141.999995889873       3.843964115890288E-002
   142.099995883936       3.844304036958106E-002
   142.199995878000       3.844630584061120E-002
   142.299995872063       3.844943218572022E-002
   142.399995866126       3.845241490992607E-002
   142.499995860189       3.845525037689914E-002
   142.599995854252       3.845793577093072E-002
   142.699995848316       3.846046905929099E-002
   142.799995842379       3.846284895381266E-002
   142.899995836442       3.846507487127038E-002
   142.999995830505       3.846714689381015E-002
   143.099995824568       3.846906572847400E-002
   143.199995818631       3.847083266674652E-002
   143.299995812695       3.847244954406807E-002
   143.399995806758       3.847391869948279E-002
   143.499995800821       3.847524293554520E-002
   143.599995794884       3.847642547894654E-002
   143.699995788947       3.847746994237430E-002
   143.799995783011       3.847838028467092E-002
   143.899995777074       3.847916077398708E-002
   143.999995771137       3.847981595159700E-002
   144.099995765200       3.848035059806224E-002
   144.199995759263       3.848076969583112E-002
   144.299995753326       3.848107839757713E-002
   144.399995747390       3.848128199697595E-002
   144.499995741453       3.848138589401239E-002
   144.599995735516       3.848139556822262E-002
   144.699995729579       3.848131655310269E-002
   144.799995723642       3.848115440484021E-002
   144.899995717706       3.848091468401989E-002
   144.999995711769       3.848060292696048E-002
   145.099995705832       3.848022462797863E-002
   145.199995699895       3.847978521775250E-002
   145.299995693958       3.847929004435681E-002
   145.399995688021       3.847874435817646E-002
   145.499995682085       3.847815329364964E-002
   145.599995676148       3.847752185768538E-002
   145.699995670211       3.847685491566422E-002
   145.799995664274       3.847615717936351E-002
   145.899995658337       3.847543320033805E-002
   145.999995652401       3.847468735544363E-002
   146.099995646464       3.847392384651646E-002
   146.199995640527       3.847314668856811E-002
   146.299995634590       3.847235970623414E-002
   146.399995628653       3.847156653275915E-002
   146.499995622716       3.847077060309662E-002
   146.599995616780       3.846997515296514E-002
   146.699995610843       3.846918322059731E-002
   146.799995604906       3.846839764443406E-002
   146.899995598969       3.846762106337453E-002
   146.999995593032       3.846685591893312E-002
   147.099995587096       3.846610445881973E-002
   147.199995581159       3.846536873877070E-002
   147.299995575222       3.846465062600123E-002
   147.399995569285       3.846395180337939E-002
   147.499995563348       3.846327377407480E-002
   147.599995557411       3.846261786659690E-002
   147.699995551475       3.846198524029123E-002
   147.799995545538       3.846137689109599E-002
   147.899995539601       3.846079365779012E-002
   147.999995533664       3.846023622792590E-002
   148.099995527727       3.845970514496955E-002
   148.199995521791       3.845920081466493E-002
   148.299995515854       3.845872351198586E-002
   148.399995509917       3.845827338794860E-002
   148.499995503980       3.845785047658824E-002
   148.599995498043       3.845745470220963E-002
   148.699995492106       3.845708588672687E-002
   148.799995486170       3.845674375849985E-002
   148.899995480233       3.845642795492882E-002
   148.999995474296       3.845613803092204E-002
   149.099995468359       3.845587346800612E-002
   149.199995462422       3.845563368270762E-002
   149.299995456486       3.845541802406145E-002
   149.399995450549       3.845522578811112E-002
   149.499995444612       3.845505622673643E-002
   149.599995438675       3.845490853985734E-002
   149.699995432738       3.845478189904148E-002
   149.799995426802       3.845467543919307E-002
   149.899995420865       3.845458826893007E-002
   149.999995414928       3.845451948126784E-002
