   95.0999986742407        38.4569889069235     
   95.1999986683039        38.4569888406732     
   95.2999986623671        38.4569887744181     
   95.3999986564303        38.4569887081592     
   95.4999986504935        38.4569886418953     
   95.5999986445566        38.4569885756273     
   95.6999986386198        38.4569885093550     
   95.7999986326830        38.4569884430783     
   95.8999986267462        38.4569883767971     
   95.9999986208094        38.4569883105120     
   96.0999986148725        38.4569882442220     
   96.1999986089357        38.4569881779278     
   96.2999986029989        38.4569881116291     
   96.3999985970621        38.4569880453263     
   96.4999985911253        38.4569879790191     
   96.5999985851885        38.4569879127074     
   96.6999985792516        38.4569878463912     
   96.7999985733148        38.4569877800706     
   96.8999985673780        38.4569877137456     
   96.9999985614412        38.4569876474168     
   97.0999985555044        38.4569875810829     
   97.1999985495676        38.4569875147450     
   97.2999985436307        38.4569874484028     
   97.3999985376939        38.4569873820561     
   97.4999985317571        38.4569873157050     
   97.5999985258203        38.4569872493494     
   97.6999985198835        38.4569871829894     
   97.7999985139466        38.4569871166255     
   97.8999985080098        38.4569870502565     
   97.9999985020730        38.4569869838837     
   98.0999984961362        38.4569869175065     
   98.1999984901994        38.4569868511248     
   98.2999984842626        38.4569867847387     
   98.3999984783257        38.4569867183481     
   98.4999984723889        38.4569866519530     
   98.5999984664521        38.4569865855535     
   98.6999984605153        38.4569865191501     
   98.7999984545785        38.4569864527418     
   98.8999984486417        38.4569863863294     
   98.9999984427048        38.4569863199127     
   99.0999984367680        38.4569862534914     
   99.1999984308312        38.4569861870658     
   99.2999984248944        38.4569861206357     
   99.3999984189576        38.4569860542014     
   99.4999984130207        38.4569859877627     
   99.5999984070839        38.4569859213195     
   99.6999984011471        38.4569858548718     
   99.7999983952103        38.4569857884200     
   99.8999983892735        38.4569857219637     
   99.9999983833367        38.4569856555030     
   100.099998377400        71.6364084103868     
   100.199998371463        86.0186265034242     
   100.299998365526        99.1153926865171     
   100.399998359589        119.320996724303     
   100.499998353653        157.646488889430     
   100.599998347716        244.630234484852     
   100.699998341779        484.663056335688     
   100.799998335842        1230.16760799571     
   100.899998329905        3376.83237304995     
   100.999998323968        8290.03647372250     
   101.099998318032        16975.8939452504     
   101.199998312095        29225.7776220975     
   101.299998306158        43687.6187331706     
   101.399998300221        58807.0250084548     
   101.499998294284        73696.8289754223     
   101.599998288348        88372.9914830008     
   101.699998282411        103530.290428224     
   101.799998276474        120210.280562300     
   101.899998270537        139539.484214587     
   101.999998264600        162550.962790896     
   102.099998258663        190042.176800486     
   102.199998252727        222431.067861577     
   102.299998246790        259610.190607264     
   102.399998240853        300841.274700151     
   102.499998234916        344757.142298567     
   102.599998228979        389520.162417583     
   102.699998223043        433122.017908915     
   102.799998217106        473734.746496313     
   102.899998211169        509993.777349929     
   102.999998205232        541132.371893681     
   103.099998199295        566960.582570613     
   103.199998193358        587739.115519335     
   103.299998187422        604014.736526323     
   103.399998181485        616468.339629206     
   103.499998175548        625801.024061853     
   103.599998169611        632662.617765976     
   103.699998163674        637615.667554475     
   103.799998157738        641124.280104352     
   103.899998151801        643557.953788236     
   103.999998145864        645202.968517636     
   104.099998139927        646276.458264990     
   104.199998133990        646940.344331978     
   104.299998128054        647313.730360812     
   104.399998122117        647483.243766542     
   104.499998116180        647511.301553366     
   104.599998110243        647442.517894926     
   104.699998104306        647308.559239558     
   104.799998098369        647131.759301671     
   104.899998092433        646927.774074441     
   104.999998086496        646707.510666496     
   105.099998080559        646478.516361032     
   105.199998074622        646245.971875225     
   105.299998068685        646013.397499226     
   105.399998062749        645783.152735121     
   105.499998056812        645556.788444375     
   105.599998050875        645335.294238885     
   105.699998044938        645119.271806151     
   105.799998039001        644909.056060393     
   105.899998033064        644704.799650721     
   105.999998027128        644506.531795891     
   106.099998021191        644314.199166484     
   106.199998015254        644127.694233030     
   106.299998009317        643946.874874208     
   106.399998003380        643771.577897209     
   106.499997997444        643601.628321557     
   106.599997991507        643436.845717202     
   106.699997985570        643277.048496272     
   106.799997979633        643122.056785062     
   106.899997973696        642971.694312062     
   106.999997967759        642825.789615825     
   107.099997961823        642684.176783519     
   107.199997955886        642546.695867424     
   107.299997949949        642413.193081377     
   107.399997944012        642283.520848345     
   107.499997938075        642157.537748282     
   107.599997932139        642035.108400591     
   107.699997926202        641916.103305722     
   107.799997920265        641800.398659222     
   107.899997914328        641687.876155440     
   107.999997908391        641578.422781794     
   108.099997902454        641471.930611984     
   108.199997896518        641368.296603904     
   108.299997890581        641267.422399379     
   108.399997884644        641169.214133387     
   108.499997878707        641073.582243767     
   108.599997872770        640980.441296568     
   108.699997866834        640889.709807889     
   108.799997860897        640801.310082860     
   108.899997854960        640715.168066898     
   108.999997849023        640631.213181036     
   109.099997843086        640549.378178291     
   109.199997837149        640469.599019744     
   109.299997831213        640391.814738324     
   109.399997825276        640315.967283198     
   109.499997819339        640242.001472412     
   109.599997813402        640169.864791927     
   109.699997807465        640099.507345626     
   109.799997801529        640030.881689517     
   109.899997795592        639963.942838522     
   109.999997789655        639898.648049505     
   110.099997783718        639834.956706455     
   110.199997777781        639772.830436057     
   110.299997771844        639712.232810773     
   110.399997765908        639653.129333610     
   110.499997759971        639595.487355738     
   110.599997754034        639539.275996722     
   110.699997748097        639484.466053863     
   110.799997742160        639431.029931279     
   110.899997736224        639378.941630617     
   110.999997730287        639328.176594137     
   111.099997724350        639278.711667204     
   111.199997718413        639230.525031050     
   111.299997712476        639183.596137191     
   111.399997706539        639137.905643550     
   111.499997700603        639093.435353841     
   111.599997694666        639050.168153098     
   111.699997688729        639008.087948663     
   111.799997682792        638967.179612552     
   111.899997676855        638927.428924382     
   111.999997670919        638888.822515493     
   112.099997664982        638851.347814321     
   112.199997659045        638814.992992902     
   112.299997653108        638779.746914600     
   112.399997647171        638745.599082966     
   112.499997641234        638712.539566156     
   112.599997635298        638680.559009244     
   112.699997629361        638649.648551786     
   112.799997623424        638619.799769404     
   112.899997617487        638591.004639543     
   112.999997611550        638563.255497341     
   113.099997605614        638536.544993653     
   113.199997599677        638510.866057314     
   113.299997593740        638486.211845633     
   113.399997587803        638462.575708655     
   113.499997581866        638439.951152209     
   113.599997575929        638418.331801403     
   113.699997569993        638397.711348628     
   113.799997564056        638378.083517308     
   113.899997558119        638359.442137710     
   113.999997552182        638341.780975328     
   114.099997546245        638325.093752764     
   114.199997540309        638309.374110628     
   114.299997534372        638294.615557455     
   114.399997528435        638280.811586065     
   114.499997522498        638267.955485317     
   114.599997516561        638256.040307282     
   114.699997510624        638245.059055577     
   114.799997504688        638235.004415356     
   114.899997498751        638225.868909439     
   114.999997492814        638217.644777809     
   115.099997486877        638210.324054983     
   115.199997480940        638203.898462627     
   115.299997475004        638198.359467781     
   115.399997469067        638193.698256441     
   115.499997463130        638189.905709659     
   115.599997457193        638186.972409586     
   115.699997451256        638184.888622403     
   115.799997445319        638183.644319169     
   115.899997439383        638183.229149752     
   115.999997433446        638183.632451379     
   116.099997427509        638184.843242636     
   116.199997421572        638186.850234888     
   116.299997415635        638189.641831925     
   116.399997409699        638193.206121633     
   116.499997403762        638197.530897866     
   116.599997397825        638202.603658288     
   116.699997391888        638208.411612802     
   116.799997385951        638214.941689856     
   116.899997380014        638222.180543850     
   116.999997374078        638230.114567871     
   117.099997368141        638238.729907882     
   117.199997362204        638248.012463646     
   117.299997356267        638257.947908339     
   117.399997350330        638268.521694972     
   117.499997344394        638279.719076825     
   117.599997338457        638291.525114059     
   117.699997332520        638303.924687583     
   117.799997326583        638316.902518791     
   117.899997320646        638330.443175791     
   117.999997314709        638344.531093622     
   118.099997308773        638359.150588069     
   118.199997302836        638374.285867587     
   118.299997296899        638389.921050447     
   118.399997290962        638406.040178419     
   118.499997285025        638422.627231909     
   118.599997279089        638439.666144998     
   118.699997273152        638457.140819565     
   118.799997267215        638475.035138499     
   118.899997261278        638493.332982120     
   118.999997255341        638512.018240273     
   119.099997249404        638531.074826609     
   119.199997243468        638550.486691608     
   119.299997237531        638570.237836293     
   119.399997231594        638590.312323810     
   119.499997225657        638610.694292843     
   119.599997219720        638631.367968811     
   119.699997213784        638652.317675371     
   119.799997207847        638673.527845853     
   119.899997201910        638694.983033699     
   119.999997195973        638716.667922814     
   120.099997190036        588477.920376228     
   120.199997184100        591698.117428929     
   120.299997178163        594995.747631912     
   120.399997172226        598246.287752587     
   120.499997166289        601444.425240758     
   120.599997160352        604515.682620202     
   120.699997154415        607114.718808789     
   120.799997148479        607894.669717101     
   120.899997142542        602266.946999819     
   120.999997136605        577711.848735098     
   121.099997130668        512737.705961461     
   121.199997124731        398772.173799141     
   121.299997118795        265321.801084374     
   121.399997112858        152292.959853860     
   121.499997106921        76342.1717892996     
   121.599997100984        33688.7628027355     
   121.699997095047        13274.8402376484     
   121.799997089110        4830.39663928439     
   121.899997083174        1728.45203744909     
   121.999997077237        668.671785604116     
   122.099997071300        308.672603932349     
   122.199997065363        176.635518298925     
   122.299997059426        120.418753764885     
   122.399997053490        91.9927810399704     
   122.499997047553        75.4205709033936     
   122.599997041616        64.7647197980830     
   122.699997035679        57.4538037218687     
   122.799997029742        52.2054370289721     
   122.899997023805        48.3076405568218     
   122.999997017869        45.3342777837857     
   123.099997011932        43.0162366205197     
   123.199997005995        41.1764674003055     
   123.299997000058        39.6945430296283     
   123.399996994121        38.4861939456510     
   123.499996988185        37.4909703329557     
   123.599996982248        36.6645422620407     
   123.699996976311        35.9737522448512     
   123.799996970374        35.3933546282742     
   123.899996964437        34.9038175512765     
   123.999996958500        34.4898105367269     
   124.099996952564        34.1391441254723     
   124.199996946627        33.8420134190242     
   124.299996940690        33.5904496306234     
   124.399996934753        33.3779163833459     
   124.499996928816        33.1990082996335     
   124.599996922880        33.0492229325565     
   124.699996916943        32.9247860040540     
   124.799996911006        32.8225158918095     
   124.899996905069        32.7397173706861     
   124.999996899132        32.6740974164002     
   125.099996893195        32.6236978342927     
   125.199996887259        32.5868408572881     
   125.299996881322        32.5620848435096     
   125.399996875385        32.5481879158836     
   125.499996869448        32.5440779052215     
   125.599996863511        32.5488273399098     
   125.699996857575        32.5616325098056     
   125.799996851638        32.5817958445363     
   125.899996845701        32.6087110062622     
   125.999996839764        32.6418502213947     
   126.099996833827        32.6807534690487     
   126.199996827890        32.7250192175653     
   126.299996821954        32.7742964580330     
   126.399996816017        32.8282778276080     
   126.499996810080        32.8866936552869     
   126.599996804143        32.9493067847622     
   126.699996798206        33.0159080598484     
   126.799996792270        33.0863123717325     
   126.899996786333        33.1603551849413     
   126.999996780396        33.2378894713575     
   127.099996774459        33.3187829923304     
   127.199996768522        33.4029158778572     
   127.299996762585        33.4901784593772     
   127.399996756649        33.5804693191128     
   127.499996750712        33.6736935243842     
   127.599996744775        33.7697610200713     
   127.699996738838        33.8685851564464     
   127.799996732901        33.9700813332571     
   127.899996726965        34.0741657440881     
   127.999996721028        34.1807542078677     
   128.099996715091        34.2897610769525     
   128.199996709154        34.4010982135607     
   128.299996703217        34.5146740284221     
   128.399996697280        34.6303925775733     
   128.499996691344        34.7481527149478     
   128.599996685407        34.8678473002695     
   128.699996679470        34.9893624633163     
   128.799996673533        35.1125769270612     
   128.899996667596        35.2373613938179     
   128.999996661660        35.3635779994993     
   129.099996655723        35.4910798425804     
   129.199996649786        35.6197105946577     
   129.299996643849        35.7493042032756     
   129.399996637912        35.8796846905313     
   129.499996631975        36.0106660630343     
   129.599996626039        36.1420523387912     
   129.699996620102        36.2736377010910     
   129.799996614165        36.4052067882915     
   129.899996608228        36.5365351270988     
   129.999996602291        36.6673897160521     
   130.099996596355        36.7975297640726     
   130.199996590418        36.9267075869476     
   130.299996584481        37.0546696623022     
   130.399996578544        37.1811578407394     
   130.499996572607        37.3059107077972     
   130.599996566670        37.4286650882868     
   130.699996560734        37.5491576806902     
   130.799996554797        37.6671268062231     
   130.899996548860        37.7823142535496     
   130.999996542923        37.8944671964767     
   131.099996536986        38.0033401597100     
   131.199996531050        38.1086970043538     
   131.299996525113        38.2103129031249     
   131.399996519176        38.3079762740636     
   131.499996513239        38.4014906404051     
   131.599996507302        38.4906763845455     
   131.699996501365        38.5753723651318     
   131.799996495429        38.6554373682483     
   131.899996489492        38.7307513658049     
   131.999996483555        38.8012165573392     
   132.099996477618        38.8667581791054     
   132.199996471681        38.9273250591771     
   132.299996465745        38.9828899270439     
   132.399996459808        39.0334494355078     
   132.499996453871        39.0790239462551     
   132.599996447934        39.1196570472847     
   132.699996441997        39.1554148308368     
   132.799996436060        39.1863849424720     
   132.899996430124        39.2126754235289     
   132.999996424187        39.2344133700799     
   133.099996418250        39.2517434339682     
   133.199996412313        39.2648261944089     
   133.299996406376        39.2738364290052     
   133.399996400440        39.2789613136561     
   133.499996394503        39.2803985803505     
   133.599996388566        39.2783546607732     
   133.699996382629        39.2730428415910     
   133.799996376692        39.2646814565337     
   133.899996370756        39.2534921356809     
   133.999996364819        39.2396981319009     
   134.099996358882        39.2235227399396     
   134.199996352945        39.2051878215086     
   134.299996347008        39.1849124454562     
   134.399996341071        39.1629116518339     
   134.499996335135        39.1393953428340     
   134.599996329198        39.1145673032747     
   134.699996323261        39.0886243504650     
   134.799996317324        39.0617556105424     
   134.899996311387        39.0341419182363     
   134.999996305451        39.0059553339752     
   135.099996299514        38.9773587724480     
   135.199996293577        38.9485057347090     
   135.299996287640        38.9195401365444     
   135.399996281703        38.8905962241339     
   135.499996275766        38.8617985691126     
   135.599996269830        38.8332621342025     
   135.699996263893        38.8050924010881     
   135.799996257956        38.7773855524939     
   135.899996252019        38.7502287008394     
   135.999996246082        38.7237001557414     
   136.099996240146        38.6978697239913     
   136.199996234209        38.6727990357173     
   136.299996228272        38.6485418905422     
   136.399996222335        38.6251446189068     
   136.499996216398        38.6026464539290     
   136.599996210461        38.5810799091478     
   136.699996204525        38.5604711591881     
   136.799996198588        38.5408404198735     
   136.899996192651        38.5222023249378     
   136.999996186714        38.5045662972085     
   137.099996180777        38.4879369126863     
   137.199996174841        38.4723142551242     
   137.299996168904        38.4576942606288     
   137.399996162967        38.4440690509314     
   137.499996157030        38.4314272548693     
   137.599996151093        38.4197543171600     
   137.699996145156        38.4090327943491     
   137.799996139220        38.3992426378562     
   137.899996133283        38.3903614638260     
   137.999996127346        38.3823648101178     
   138.099996121409        38.3752263803620     
   138.199996115472        38.3689182753744     
   138.299996109536        38.3634112123380     
   138.399996103599        38.3586747316646     
   138.499996097662        38.3546773925962     
   138.599996091725        38.3513869572958     
   138.699996085788        38.3487705638894     
   138.799996079851        38.3467948895083     
   138.899996073915        38.3454263026355     
   138.999996067978        38.3446310060024     
   139.099996062041        38.3443751700845     
   139.199996056104        38.3446250579833     
   139.299996050167        38.3453471408673     
   139.399996044231        38.3465082059630     
   139.499996038294        38.3480754559625     
   139.599996032357        38.3500166012442     
   139.699996026420        38.3522999442800     
   139.799996020483        38.3548944573859     
   139.899996014546        38.3577698531088     
   139.999996008610        38.3608966485006     
   140.099996002673        38.3642462226337     
   140.199995996736        38.3677908684489     
   140.299995990799        38.3715038379213     
   140.399995984862        38.3753593823370     
   140.499995978926        38.3793327867597     
   140.599995972989        38.3834003983725     
   140.699995967052        38.3875396513238     
   140.799995961115        38.3917290848962     
   140.899995955178        38.3959483581221     
   140.999995949241        38.4001782593754     
   141.099995943305        38.4044007110919     
   141.199995937368        38.4085987719823     
   141.299995931431        38.4127566322892     
   141.399995925494        38.4168596087810     
   141.499995919557        38.4208941332768     
   141.599995913621        38.4248477391251     
   141.699995907684        38.4287090441550     
   141.799995901747        38.4324677302765     
   141.899995895810        38.4361145219396     
   141.999995889873        38.4396411589029     
   142.099995883936        38.4430403695811     
   142.199995878000        38.4463058406112     
   142.299995872063        38.4494321857202     
   142.399995866126        38.4524149099261     
   142.499995860189        38.4552503768991     
   142.599995854252        38.4579357709307     
   142.699995848316        38.4604690592910     
   142.799995842379        38.4628489538127     
   142.899995836442        38.4650748712704     
   142.999995830505        38.4671468938102     
   143.099995824568        38.4690657284740     
   143.199995818631        38.4708326667465     
   143.299995812695        38.4724495440681     
   143.399995806758        38.4739186994828     
   143.499995800821        38.4752429355452     
   143.599995794884        38.4764254789465     
   143.699995788947        38.4774699423743     
   143.799995783011        38.4783802846709     
   143.899995777074        38.4791607739871     
   143.999995771137        38.4798159515970     
   144.099995765200        38.4803505980622     
   144.199995759263        38.4807696958311     
   144.299995753326        38.4810783975771     
   144.399995747390        38.4812819969759     
   144.499995741453        38.4813858940124     
   144.599995735516        38.4813955682226     
   144.699995729579        38.4813165531027     
   144.799995723642        38.4811544048402     
   144.899995717706        38.4809146840199     
   144.999995711769        38.4806029269605     
   145.099995705832        38.4802246279786     
   145.199995699895        38.4797852177525     
   145.299995693958        38.4792900443568     
   145.399995688021        38.4787443581765     
   145.499995682085        38.4781532936496     
   145.599995676148        38.4775218576854     
   145.699995670211        38.4768549156642     
   145.799995664274        38.4761571793635     
   145.899995658337        38.4754332003380     
   145.999995652401        38.4746873554436     
   146.099995646464        38.4739238465165     
   146.199995640527        38.4731466885681     
   146.299995634590        38.4723597062341     
   146.399995628653        38.4715665327592     
   146.499995622716        38.4707706030966     
   146.599995616780        38.4699751529651     
   146.699995610843        38.4691832205973     
   146.799995604906        38.4683976444341     
   146.899995598969        38.4676210633745     
   146.999995593032        38.4668559189331     
   147.099995587096        38.4661044588197     
   147.199995581159        38.4653687387707     
   147.299995575222        38.4646506260012     
   147.399995569285        38.4639518033794     
   147.499995563348        38.4632737740748     
   147.599995557411        38.4626178665969     
   147.699995551475        38.4619852402912     
   147.799995545538        38.4613768910960     
   147.899995539601        38.4607936577901     
   147.999995533664        38.4602362279259     
   148.099995527727        38.4597051449695     
   148.199995521791        38.4592008146649     
   148.299995515854        38.4587235119859     
   148.399995509917        38.4582733879486     
   148.499995503980        38.4578504765882     
   148.599995498043        38.4574547022096     
   148.699995492106        38.4570858867269     
   148.799995486170        38.4567437584998     
   148.899995480233        38.4564279549288     
   148.999995474296        38.4561380309220     
   149.099995468359        38.4558734680061     
   149.199995462422        38.4556336827076     
   149.299995456486        38.4554180240614     
   149.399995450549        38.4552257881111     
   149.499995444612        38.4550562267364     
   149.599995438675        38.4549085398573     
   149.699995432738        38.4547818990415     
   149.799995426802        38.4546754391931     
   149.899995420865        38.4545882689301     
   149.999995414928        38.4545194812678     
