   95.0999986742407       -2266.53431080556     
   95.1999986683039       -2266.53431077754     
   95.2999986623671       -2266.53431074962     
   95.3999986564303       -2266.53431072165     
   95.4999986504935       -2266.53431069366     
   95.5999986445566       -2266.53431066573     
   95.6999986386198       -2266.53431063771     
   95.7999986326830       -2266.53431060978     
   95.8999986267462       -2266.53431058176     
   95.9999986208094       -2266.53431055382     
   96.0999986148725       -2266.53431052579     
   96.1999986089357       -2266.53431049782     
   96.2999986029989       -2266.53431046984     
   96.3999985970621       -2266.53431044182     
   96.4999985911253       -2266.53431041388     
   96.5999985851885       -2266.53431038586     
   96.6999985792516       -2266.53431035789     
   96.7999985733148       -2266.53431032989     
   96.8999985673780       -2266.53431030186     
   96.9999985614412       -2266.53431027393     
   97.0999985555044       -2266.53431024590     
   97.1999985495676       -2266.53431021786     
   97.2999985436307       -2266.53431018988     
   97.3999985376939       -2266.53431016189     
   97.4999985317571       -2266.53431013386     
   97.5999985258203       -2266.53431010583     
   97.6999985198835       -2266.53431007788     
   97.7999985139466       -2266.53431004986     
   97.8999985080098       -2266.53431002182     
   97.9999985020730       -2266.53430999379     
   98.0999984961362       -2266.53430996575     
   98.1999984901994       -2266.53430993777     
   98.2999984842626       -2266.53430990977     
   98.3999984783257       -2266.53430988174     
   98.4999984723889       -2266.53430985370     
   98.5999984664521       -2266.53430982566     
   98.6999984605153       -2266.53430979763     
   98.7999984545785       -2266.53430976958     
   98.8999984486417       -2266.53430974155     
   98.9999984427048       -2266.53430971350     
   99.0999984367680       -2266.53430968547     
   99.1999984308312       -2266.53430965743     
   99.2999984248944       -2266.53430962938     
   99.3999984189576       -2266.53430960134     
   99.4999984130207       -2266.53430957330     
   99.5999984070839       -2266.53430954526     
   99.6999984011471       -2266.53430951721     
   99.7999983952103       -2266.53430948917     
   99.8999983892735       -2266.53430946113     
   99.9999983833367       -2266.53430943308     
   100.099998377400       -1843.58732672738     
   100.199998371463       -1825.49767747601     
   100.299998365526       -1802.64288035849     
   100.399998359589       -1778.49766325027     
   100.499998353653       -1753.96172929513     
   100.599998347716       -1729.56764580400     
   100.699998341779       -1705.81109422688     
   100.799998335842       -1683.08476093390     
   100.899998329905       -1661.58803905050     
   100.999998323968       -1641.31954097066     
   101.099998318032       -1622.15175420795     
   101.199998312095       -1603.91297960596     
   101.299998306158       -1586.44328731530     
   101.399998300221       -1569.62972561620     
   101.499998294284       -1553.41928847778     
   101.599998288348       -1537.80989946128     
   101.699998282411       -1522.83089250334     
   101.799998276474       -1508.52460774796     
   101.899998270537       -1494.93371477003     
   101.999998264600       -1482.09360489442     
   102.099998258663       -1470.02756451232     
   102.199998252727       -1458.74297378471     
   102.299998246790       -1448.22808806383     
   102.399998240853       -1438.45029826222     
   102.499998234916       -1429.35751216089     
   102.599998228979       -1420.88382084059     
   102.699998223043       -1412.95883567687     
   102.799998217106       -1405.51804080319     
   102.899998211169       -1398.51077755338     
   102.999998205232       -1391.90367416951     
   103.099998199295       -1385.67949516425     
   103.199998193358       -1379.83302321235     
   103.299998187422       -1374.36600158104     
   103.399998181485       -1369.28264764428     
   103.499998175548       -1364.58644638251     
   103.599998169611       -1360.27829798162     
   103.699998163674       -1356.35575817651     
   103.799998157738       -1352.81301485035     
   103.899998151801       -1349.64128189835     
   103.999998145864       -1346.82937639178     
   104.099998139927       -1344.36433035654     
   104.199998133990       -1342.23195521956     
   104.299998128054       -1340.41732223982     
   104.399998122117       -1338.90514961429     
   104.499998116180       -1337.68010161952     
   104.599998110243       -1336.72701170360     
   104.699998104306       -1336.03104328038     
   104.799998098369       -1335.57780134936     
   104.899998092433       -1335.35340634423     
   104.999998086496       -1335.34453958496     
   105.099998080559       -1335.53846776168     
   105.199998074622       -1335.92305217988     
   105.299998068685       -1336.48674711393     
   105.399998062749       -1337.21859051222     
   105.499998056812       -1338.10818944848     
   105.599998050875       -1339.14570207909     
   105.699998044938       -1340.32181737820     
   105.799998039001       -1341.62773357806     
   105.899998033064       -1343.05513597180     
   105.999998027128       -1344.59617455358     
   106.099998021191       -1346.24344182620     
   106.199998015254       -1347.98995101084     
   106.299998009317       -1349.82911481131     
   106.399998003380       -1351.75472484733     
   106.499997997444       -1353.76093181305     
   106.599997991507       -1355.84222640673     
   106.699997985570       -1357.99342104334     
   106.799997979633       -1360.20963236219     
   106.899997973696       -1362.48626450813     
   106.999997967759       -1364.81899318915     
   107.099997961823       -1367.20375047675     
   107.199997955886       -1369.63671033358     
   107.299997949949       -1372.11427483974     
   107.399997944012       -1374.63306108952     
   107.499997938075       -1377.18988873952     
   107.599997932139       -1379.78176816635     
   107.699997926202       -1382.40588921982     
   107.799997920265       -1385.05961053598     
   107.899997914328       -1387.74044939328     
   107.999997908391       -1390.44607206892     
   108.099997902454       -1393.17428469771     
   108.199997896518       -1395.92302457935     
   108.299997890581       -1398.69035193893     
   108.399997884644       -1401.47444210091     
   108.499997878707       -1404.27357806825     
   108.599997872770       -1407.08614347269     
   108.699997866834       -1409.91061590019     
   108.799997860897       -1412.74556055022     
   108.899997854960       -1415.58962423165     
   108.999997849023       -1418.44152966819     
   109.099997843086       -1421.30007010077     
   109.199997837149       -1424.16410418134     
   109.299997831213       -1427.03255113733     
   109.399997825276       -1429.90438619025     
   109.499997819339       -1432.77863623198     
   109.599997813402       -1435.65437573406     
   109.699997807465       -1438.53072289026     
   109.799997801529       -1441.40683596915     
   109.899997795592       -1444.28190988978     
   109.999997789655       -1447.15517298722     
   110.099997783718       -1450.02588397349     
   110.199997777781       -1452.89332909810     
   110.299997771844       -1455.75681947117     
   110.399997765908       -1458.61568856423     
   110.499997759971       -1461.46928988524     
   110.599997754034       -1464.31699480408     
   110.699997748097       -1467.15819054222     
   110.799997742160       -1469.99227829937     
   110.899997736224       -1472.81867154556     
   110.999997730287       -1475.63679442203     
   111.099997724350       -1478.44608030988     
   111.199997718413       -1481.24597050735     
   111.299997712476       -1484.03591303362     
   111.399997706539       -1486.81536156460     
   111.499997700603       -1489.58377448480     
   111.599997694666       -1492.34061403313     
   111.699997688729       -1495.08534558364     
   111.799997682792       -1497.81743701929     
   111.899997676855       -1500.53635819499     
   111.999997670919       -1503.24158052489     
   112.099997664982       -1505.93257663080     
   112.199997659045       -1508.60882010837     
   112.299997653108       -1511.26978535685     
   112.399997647171       -1513.91494750272     
   112.499997641234       -1516.54378239231     
   112.599997635298       -1519.15576666538     
   112.699997629361       -1521.75037789264     
   112.799997623424       -1524.32709477762     
   112.899997617487       -1526.88539742711     
   112.999997611550       -1529.42476766343     
   113.099997605614       -1531.94468941151     
   113.199997599677       -1534.44464911240     
   113.299997593740       -1536.92413620528     
   113.399997587803       -1539.38264362092     
   113.499997581866       -1541.81966834190     
   113.599997575929       -1544.23471198155     
   113.699997569993       -1546.62728138018     
   113.799997564056       -1548.99688924989     
   113.899997558119       -1551.34305482843     
   113.999997552182       -1553.66530454302     
   114.099997546245       -1555.96317269466     
   114.199997540309       -1558.23620215348     
   114.299997534372       -1560.48394505485     
   114.399997528435       -1562.70596350174     
   114.499997522498       -1564.90183025845     
   114.599997516561       -1567.07112944140     
   114.699997510624       -1569.21345720994     
   114.799997504688       -1571.32842242966     
   114.899997498751       -1573.41564733370     
   114.999997492814       -1575.47476816762     
   115.099997486877       -1577.50543579252     
   115.199997480940       -1579.50731629386     
   115.299997475004       -1581.48009154467     
   115.399997469067       -1583.42345975133     
   115.499997463130       -1585.33713595642     
   115.599997457193       -1587.22085252731     
   115.699997451256       -1589.07435959374     
   115.799997445319       -1590.89742546530     
   115.899997439383       -1592.68983699866     
   115.999997433446       -1594.45139993073     
   116.099997427509       -1596.18193918309     
   116.199997421572       -1597.88129911136     
   116.299997415635       -1599.54934372223     
   116.399997409699       -1601.18595685290     
   116.499997403762       -1602.79104229824     
   116.599997397825       -1604.36452390514     
   116.699997391888       -1605.90634562774     
   116.799997385951       -1607.41647153175     
   116.899997380014       -1608.89488577365     
   116.999997374078       -1610.34159251542     
   117.099997368141       -1611.75661582858     
   117.199997362204       -1613.13999954167     
   117.299997356267       -1614.49180705357     
   117.399997350330       -1615.81212111083     
   117.499997344394       -1617.10104354946     
   117.599997338457       -1618.35869501675     
   117.699997332520       -1619.58521462744     
   117.799997326583       -1620.78075962143     
   117.899997320646       -1621.94550497633     
   117.999997314709       -1623.07964299603     
   118.099997308773       -1624.18338287206     
   118.199997302836       -1625.25695022074     
   118.299997296899       -1626.30058659784     
   118.399997290962       -1627.31454899151     
   118.499997285025       -1628.29910929676     
   118.599997279089       -1629.25455377191     
   118.699997273152       -1630.18118248013     
   118.799997267215       -1631.07930871857     
   118.899997261278       -1631.94925843547     
   118.999997255341       -1632.79136962252     
   119.099997249404       -1633.60599173920     
   119.199997243468       -1634.39348507050     
   119.299997237531       -1635.15422013669     
   119.399997231594       -1635.88857707654     
   119.499997225657       -1636.59694500492     
   119.599997219720       -1637.27972141563     
   119.699997213784       -1637.93731155755     
   119.799997207847       -1638.57012780948     
   119.899997201910       -1639.17858908051     
   119.999997195973       -1639.76312021017     
   120.099997190036       -2151.20363419497     
   120.199997184100       -2249.73980828853     
   120.299997178163       -2335.38421832589     
   120.399997172226       -2409.77892140638     
   120.499997166289       -2473.53729493705     
   120.599997160352       -2527.27771554791     
   120.699997154415       -2571.62071600981     
   120.799997148479       -2607.16899209703     
   120.899997142542       -2634.44906967323     
   120.999997136605       -2653.78883960302     
   121.099997130668       -2665.29059775657     
   121.199997124731       -2669.42364806102     
   121.299997118795       -2667.73092640105     
   121.399997112858       -2662.06046880686     
   121.499997106921       -2653.57411502296     
   121.599997100984       -2642.81322675237     
   121.699997095047       -2630.08668649298     
   121.799997089110       -2615.70196293446     
   121.899997083174       -2600.03423434081     
   121.999997077237       -2583.50103824189     
   122.099997071300       -2566.50929034776     
   122.199997065363       -2549.41637196884     
   122.299997059426       -2532.51338301644     
   122.399997053490       -2516.02353235073     
   122.499997047553       -2500.10819673293     
   122.599997041616       -2484.87612683147     
   122.699997035679       -2470.39340568451     
   122.799997029742       -2456.69290914153     
   122.899997023805       -2443.78264478089     
   122.999997017869       -2431.65272177888     
   123.099997011932       -2420.28093573720     
   123.199997005995       -2409.63708596891     
   123.299997000058       -2399.68620713310     
   123.399996994121       -2390.39091534750     
   123.499996988185       -2381.71305925859     
   123.599996982248       -2373.61484269676     
   123.699996976311       -2366.05955652008     
   123.799996970374       -2359.01202859093     
   123.899996964437       -2352.43887533548     
   123.999996958500       -2346.30861710445     
   124.099996952564       -2340.59170266024     
   124.199996946627       -2335.26047513517     
   124.299996940690       -2330.28910209073     
   124.399996934753       -2325.65348519043     
   124.499996928816       -2321.33115989943     
   124.599996922880       -2317.30119201086     
   124.699996916943       -2313.54407530086     
   124.799996911006       -2310.04163289901     
   124.899996905069       -2306.77692381792     
   124.999996899132       -2303.73415533302     
   125.099996893195       -2300.89860141456     
   125.199996887259       -2298.25652712941     
   125.299996881322       -2295.79511874944     
   125.399996875385       -2293.50241921095     
   125.499996869448       -2291.36726853666     
   125.599996863511       -2289.37924883709     
   125.699996857575       -2287.52863345088     
   125.799996851638       -2285.80633994691     
   125.899996845701       -2284.20388657766     
   125.999996839764       -2282.71335192660     
   126.099996833827       -2281.32733744198     
   126.199996827890       -2280.03893264793     
   126.299996821954       -2278.84168276964     
   126.399996816017       -2277.72955861485     
   126.499996810080       -2276.69692849056     
   126.599996804143       -2275.73853201905     
   126.699996798206       -2274.84945573714     
   126.799996792270       -2274.02511027438     
   126.899996786333       -2273.26120906615     
   126.999996780396       -2272.55374843534     
   127.099996774459       -2271.89898899435     
   127.199996768522       -2271.29343825898     
   127.299996762585       -2270.73383436554     
   127.399996756649       -2270.21713078294     
   127.499996750712       -2269.74048223302     
   127.599996744775       -2269.30123117613     
   127.699996738838       -2268.89689540593     
   127.799996732901       -2268.52515641832     
   127.899996726965       -2268.18384843061     
   127.999996721028       -2267.87094800866     
   128.099996715091       -2267.58456486975     
   128.199996709154       -2267.32293249092     
   128.299996703217       -2267.08439992107     
   128.399996697280       -2266.86742391389     
   128.499996691344       -2266.67056156865     
   128.599996685407       -2266.49246344131     
   128.699996679470       -2266.33186694272     
   128.799996673533       -2266.18759066419     
   128.899996667596       -2266.05852845050     
   128.999996661660       -2265.94364416016     
   129.099996655723       -2265.84196692451     
   129.199996649786       -2265.75258638283     
   129.299996643849       -2265.67464831808     
   129.399996637912       -2265.60735105952     
   129.499996631975       -2265.54994117124     
   129.599996626039       -2265.50171044572     
   129.699996620102       -2265.46199259485     
   129.799996614165       -2265.43016005631     
   129.899996608228       -2265.40562129291     
   129.999996602291       -2265.38781851729     
   130.099996596355       -2265.37622500996     
   130.199996590418       -2265.37034303184     
   130.299996584481       -2265.36970178914     
   130.399996578544       -2265.37385575429     
   130.499996572607       -2265.38238296482     
   130.599996566670       -2265.39488345219     
   130.699996560734       -2265.41097791213     
   130.799996554797       -2265.43030649429     
   130.899996548860       -2265.45252770233     
   130.999996542923       -2265.47731744241     
   131.099996536986       -2265.50436815076     
   131.199996531050       -2265.53338803896     
   131.299996525113       -2265.56410044402     
   131.399996519176       -2265.59624324577     
   131.499996513239       -2265.62956836627     
   131.599996507302       -2265.66384133994     
   131.699996501365       -2265.69884094884     
   131.799996495429       -2265.73435888244     
   131.899996489492       -2265.77019939320     
   131.999996483555       -2265.80617916726     
   132.099996477618       -2265.84212723670     
   132.199996471681       -2265.87788436354     
   132.299996465745       -2265.91330286915     
   132.399996459808       -2265.94824714252     
   132.499996453871       -2265.98259261660     
   132.599996447934       -2266.01622566655     
   132.699996441997       -2266.04904416393     
   132.799996436060       -2266.08095597762     
   132.899996430124       -2266.11188007008     
   132.999996424187       -2266.14174489469     
   133.099996418250       -2266.17048942659     
   133.199996412313       -2266.19806143787     
   133.299996406376       -2266.22441848535     
   133.399996400440       -2266.24952670505     
   133.499996394503       -2266.27336041051     
   133.599996388566       -2266.29590227573     
   133.699996382629       -2266.31714246049     
   133.799996376692       -2266.33707789999     
   133.899996370756       -2266.35571261836     
   133.999996364819       -2266.37305674496     
   134.099996358882       -2266.38912610250     
   134.199996352945       -2266.40394154657     
   134.299996347008       -2266.41752908231     
   134.399996341071       -2266.42991888667     
   134.499996335135       -2266.44114506329     
   134.599996329198       -2266.45124504574     
   134.699996323261       -2266.46025908102     
   134.799996317324       -2266.46823025181     
   134.899996311387       -2266.47520364223     
   134.999996305451       -2266.48122608090     
   135.099996299514       -2266.48634581509     
   135.199996293577       -2266.49061199201     
   135.299996287640       -2266.49407432202     
   135.399996281703       -2266.49678313703     
   135.499996275766       -2266.49878871998     
   135.599996269830       -2266.50014115384     
   135.699996263893       -2266.50089011090     
   135.799996257956       -2266.50108462746     
   135.899996252019       -2266.50077252997     
   135.999996246082       -2266.50000100635     
   136.099996240146       -2266.49881587928     
   136.199996234209       -2266.49726160553     
   136.299996228272       -2266.49538119324     
   136.399996222335       -2266.49321612984     
   136.499996216398       -2266.49080584716     
   136.599996210461       -2266.48818848532     
   136.699996204525       -2266.48540020903     
   136.799996198588       -2266.48247537032     
   136.899996192651       -2266.47944646247     
   136.999996186714       -2266.47634407898     
   137.099996180777       -2266.47319667619     
   137.199996174841       -2266.47003116290     
   137.299996168904       -2266.46687243291     
   137.399996162967       -2266.46374353171     
   137.499996157030       -2266.46066575531     
   137.599996151093       -2266.45765838456     
   137.699996145156       -2266.45473902263     
   137.799996139220       -2266.45192369209     
   137.899996133283       -2266.44922668373     
   137.999996127346       -2266.44666069017     
   138.099996121409       -2266.44423695753     
   138.199996115472       -2266.44196490521     
   138.299996109536       -2266.43985282529     
   138.399996103599       -2266.43790762153     
   138.499996097662       -2266.43613486180     
   138.599996091725       -2266.43453888682     
   138.699996085788       -2266.43312298354     
   138.799996079851       -2266.43188902526     
   138.899996073915       -2266.43083809141     
   138.999996067978       -2266.42997030973     
   139.099996062041       -2266.42928487484     
   139.199996056104       -2266.42878011159     
   139.299996050167       -2266.42845364303     
   139.399996044231       -2266.42830237848     
   139.499996038294       -2266.42832229663     
   139.599996032357       -2266.42850916064     
   139.699996026420       -2266.42885806959     
   139.799996020483       -2266.42936361535     
   139.899996014546       -2266.43001999643     
   139.999996008610       -2266.43082103090     
   140.099996002673       -2266.43176028574     
   140.199995996736       -2266.43283089947     
   140.299995990799       -2266.43402578451     
   140.399995984862       -2266.43533784708     
   140.499995978926       -2266.43675973667     
   140.599995972989       -2266.43828403693     
   140.699995967052       -2266.43990323880     
   140.799995961115       -2266.44160982954     
   140.899995955178       -2266.44339628707     
   140.999995949241       -2266.44525516070     
   141.099995943305       -2266.44717908686     
   141.199995937368       -2266.44916049813     
   141.299995931431       -2266.45119235946     
   141.399995925494       -2266.45326757463     
   141.499995919557       -2266.45537924613     
   141.599995913621       -2266.45752065198     
   141.699995907684       -2266.45968526069     
   141.799995901747       -2266.46186679966     
   141.899995895810       -2266.46405915972     
   141.999995889873       -2266.46625648327     
   142.099995883936       -2266.46845323282     
   142.199995878000       -2266.47064403372     
   142.299995872063       -2266.47282384789     
   142.399995866126       -2266.47498797716     
   142.499995860189       -2266.47713175558     
   142.599995854252       -2266.47925093142     
   142.699995848316       -2266.48134163726     
   142.799995842379       -2266.48340020531     
   142.899995836442       -2266.48542319606     
   142.999995830505       -2266.48740753877     
   143.099995824568       -2266.48935039463     
   143.199995818631       -2266.49124919907     
   143.299995812695       -2266.49310165445     
   143.399995806758       -2266.49490572688     
   143.499995800821       -2266.49665964143     
   143.599995794884       -2266.49836192298     
   143.699995788947       -2266.50001122516     
   143.799995783011       -2266.50160648996     
   143.899995777074       -2266.50314688909     
   143.999995771137       -2266.50463189408     
   144.099995765200       -2266.50606100767     
   144.199995759263       -2266.50743401508     
   144.299995753326       -2266.50875098173     
   144.399995747390       -2266.51001198950     
   144.499995741453       -2266.51121733280     
   144.599995735516       -2266.51236761326     
   144.699995729579       -2266.51346331566     
   144.799995723642       -2266.51450527949     
   144.899995717706       -2266.51549438417     
   144.999995711769       -2266.51643159754     
   145.099995705832       -2266.51731809994     
   145.199995699895       -2266.51815497762     
   145.299995693958       -2266.51894355992     
   145.399995688021       -2266.51968513764     
   145.499995682085       -2266.52038128361     
   145.599995676148       -2266.52103335163     
   145.699995670211       -2266.52164297906     
   145.799995664274       -2266.52221167682     
   145.899995658337       -2266.52274105955     
   145.999995652401       -2266.52323281986     
   146.099995646464       -2266.52368850311     
   146.199995640527       -2266.52410987812     
   146.299995634590       -2266.52449856628     
   146.399995628653       -2266.52485618300     
   146.499995622716       -2266.52518446249     
   146.599995616780       -2266.52548503971     
   146.699995610843       -2266.52575948488     
   146.799995604906       -2266.52600940584     
   146.899995598969       -2266.52623642670     
   146.999995593032       -2266.52644208365     
   147.099995587096       -2266.52662785213     
   147.199995581159       -2266.52679520279     
   147.299995575222       -2266.52694556198     
   147.399995569285       -2266.52708032025     
   147.499995563348       -2266.52720081200     
   147.599995557411       -2266.52730832801     
   147.699995551475       -2266.52740412984     
   147.799995545538       -2266.52748941556     
   147.899995539601       -2266.52756526347     
   147.999995533664       -2266.52763275813     
   148.099995527727       -2266.52769297548     
   148.199995521791       -2266.52774684285     
   148.299995515854       -2266.52779530400     
   148.399995509917       -2266.52783920609     
   148.499995503980       -2266.52787937200     
   148.599995498043       -2266.52791656664     
   148.699995492106       -2266.52795156377     
   148.799995486170       -2266.52798492597     
   148.899995480233       -2266.52801724397     
   148.999995474296       -2266.52804910794     
   149.099995468359       -2266.52808111629     
   149.199995462422       -2266.52811358120     
   149.299995456486       -2266.52814695354     
   149.399995450549       -2266.52818171530     
   149.499995444612       -2266.52821803051     
   149.599995438675       -2266.52825627783     
   149.699995432738       -2266.52829673774     
   149.799995426802       -2266.52833948982     
   149.899995420865       -2266.52838491007     
   149.999995414928       -2266.52843290518     
