   95.0999986742407       0.000000000000000E+000
   95.1999986683039       0.000000000000000E+000
   95.2999986623671       0.000000000000000E+000
   95.3999986564303       0.000000000000000E+000
   95.4999986504935       0.000000000000000E+000
   95.5999986445566       0.000000000000000E+000
   95.6999986386198       0.000000000000000E+000
   95.7999986326830       0.000000000000000E+000
   95.8999986267462       0.000000000000000E+000
   95.9999986208094       0.000000000000000E+000
   96.0999986148725       0.000000000000000E+000
   96.1999986089357       0.000000000000000E+000
   96.2999986029989       0.000000000000000E+000
   96.3999985970621       0.000000000000000E+000
   96.4999985911253       0.000000000000000E+000
   96.5999985851885       0.000000000000000E+000
   96.6999985792516       0.000000000000000E+000
   96.7999985733148       0.000000000000000E+000
   96.8999985673780       0.000000000000000E+000
   96.9999985614412       0.000000000000000E+000
   97.0999985555044       0.000000000000000E+000
   97.1999985495676       0.000000000000000E+000
   97.2999985436307       0.000000000000000E+000
   97.3999985376939       0.000000000000000E+000
   97.4999985317571       0.000000000000000E+000
   97.5999985258203       0.000000000000000E+000
   97.6999985198835       0.000000000000000E+000
   97.7999985139466       0.000000000000000E+000
   97.8999985080098       0.000000000000000E+000
   97.9999985020730       0.000000000000000E+000
   98.0999984961362       0.000000000000000E+000
   98.1999984901994       0.000000000000000E+000
   98.2999984842626       0.000000000000000E+000
   98.3999984783257       0.000000000000000E+000
   98.4999984723889       0.000000000000000E+000
   98.5999984664521       0.000000000000000E+000
   98.6999984605153       0.000000000000000E+000
   98.7999984545785       0.000000000000000E+000
   98.8999984486417       0.000000000000000E+000
   98.9999984427048       0.000000000000000E+000
   99.0999984367680       0.000000000000000E+000
   99.1999984308312       0.000000000000000E+000
   99.2999984248944       0.000000000000000E+000
   99.3999984189576       0.000000000000000E+000
   99.4999984130207       0.000000000000000E+000
   99.5999984070839       0.000000000000000E+000
   99.6999984011471       0.000000000000000E+000
   99.7999983952103       0.000000000000000E+000
   99.8999983892735       0.000000000000000E+000
   99.9999983833367       0.000000000000000E+000
   100.099998377400       7.601080633523578E-002
   100.199998371463       9.951866400132606E-002
   100.299998365526       0.101751654016596     
   100.399998359589       9.777266577402537E-002
   100.499998353653       9.244444597533999E-002
   100.599998347716       8.719961139821449E-002
   100.699998341779       8.236897750732519E-002
   100.799998335842       7.796211860970345E-002
   100.899998329905       7.391647634959644E-002
   100.999998323968       7.016863690313710E-002
   101.099998318032       6.666933284141074E-002
   101.199998312095       6.338280432664460E-002
   101.299998306158       6.028320464036787E-002
   101.399998300221       5.735141715277763E-002
   101.499998294284       5.457280087367249E-002
   101.599998288348       5.193569414629810E-002
   101.699998282411       4.943044631888374E-002
   101.799998276474       4.704880075994163E-002
   101.899998270537       4.478350365248211E-002
   101.999998264600       4.262805302360418E-002
   102.099998258663       4.057653303760401E-002
   102.199998252727       3.862350030716474E-002
   102.299998246790       3.676390327721827E-002
   102.399998240853       3.499302449198323E-002
   102.499998234916       3.330644020179963E-002
   102.599998228979       3.169999325261622E-002
   102.699998223043       3.016977472648290E-002
   102.799998217106       2.871210921009617E-002
   102.899998211169       2.732353946827232E-002
   102.999998205232       2.600080873811338E-002
   103.099998199295       2.474084140239290E-002
   103.199998193358       2.354072406567662E-002
   103.299998187422       2.239768884996179E-002
   103.399998181485       2.130909977533550E-002
   103.499998175548       2.027244217584200E-002
   103.599998169611       1.928531458160340E-002
   103.699998163674       1.834542236266728E-002
   103.799998157738       1.745057251973459E-002
   103.899998151801       1.659866917517262E-002
   103.999998145864       1.578770947894674E-002
   104.099998139927       1.501577976612888E-002
   104.199998133990       1.428105188231597E-002
   104.299998128054       1.358177963988474E-002
   104.399998122117       1.291629539212645E-002
   104.499998116180       1.228300672312210E-002
   104.599998110243       1.168039325468192E-002
   104.699998104306       1.110700357180206E-002
   104.799998098369       1.056145226679420E-002
   104.899998092433       1.004241710080087E-002
   104.999998086496       9.548636280102742E-003
   105.099998080559       9.078905843733900E-003
   105.199998074622       8.632077158364766E-003
   105.299998068685       8.207054516168778E-003
   105.399998062749       7.802792831303085E-003
   105.499998056812       7.418295430772051E-003
   105.599998050875       7.052611935559985E-003
   105.699998044938       6.704836228194319E-003
   105.799998039001       6.374104503075090E-003
   105.899998033064       6.059593396176527E-003
   105.999998027128       5.760518190918055E-003
   106.099998021191       5.476131097205177E-003
   106.199998015254       5.205719600817422E-003
   106.299998009317       4.948604880475941E-003
   106.399998003380       4.704140290059154E-003
   106.499997997444       4.471709903561137E-003
   106.599997991507       4.250727120485828E-003
   106.699997985570       4.040633329471862E-003
   106.799997979633       3.840896628024692E-003
   106.899997973696       3.651010596304123E-003
   106.999997967759       3.470493122993041E-003
   107.099997961823       3.298885281325431E-003
   107.199997955886       3.135750253420777E-003
   107.299997949949       2.980672301121023E-003
   107.399997944012       2.833255781582484E-003
   107.499997938075       2.693124205921938E-003
   107.599997932139       2.559919339272436E-003
   107.699997926202       2.433300340642396E-003
   107.799997920265       2.312942941026912E-003
   107.899997914328       2.198538658260737E-003
   107.999997908391       2.089794047149993E-003
   108.099997902454       1.986429983463869E-003
   108.199997896518       1.888180980411228E-003
   108.299997890581       1.794794536270143E-003
   108.399997884644       1.706030511882999E-003
   108.499997878707       1.621660536769644E-003
   108.599997872770       1.541467442654546E-003
   108.699997866834       1.465244723246248E-003
   108.799997860897       1.392796019143621E-003
   108.899997854960       1.323934626788038E-003
   108.999997849023       1.258483030417161E-003
   109.099997843086       1.196272456014540E-003
   109.199997837149       1.137142446285929E-003
   109.299997831213       1.080940455733571E-003
   109.399997825276       1.027521464929722E-003
   109.499997819339       9.767476131308567E-004
   109.599997813402       9.284878484042001E-004
   109.699997807465       8.826175944749724E-004
   109.799997801529       8.390184335294642E-004
   109.899997795592       7.975778042472568E-004
   109.999997789655       7.581887143596936E-004
   110.099997783718       7.207494670645705E-004
   110.199997777781       6.851634006547126E-004
   110.299997771844       6.513386407444533E-004
   110.399997765908       6.191878645062047E-004
   110.499997759971       5.886280763525008E-004
   110.599997754034       5.595803945262551E-004
   110.699997748097       5.319698480829363E-004
   110.799997742160       5.057251837734476E-004
   110.899997736224       4.807786823566589E-004
   110.999997730287       4.570659838931414E-004
   111.099997724350       4.345259215905045E-004
   111.199997718413       4.131003637915324E-004
   111.299997712476       3.927340637143310E-004
   111.399997706539       3.733745165707790E-004
   111.499997700603       3.549718237089730E-004
   111.599997694666       3.374785634398508E-004
   111.699997688729       3.208496682239672E-004
   111.799997682792       3.050423079112020E-004
   111.899997676855       2.900157787391529E-004
   111.999997670919       2.757313978093434E-004
   112.099997664982       2.621524027759129E-004
   112.199997659045       2.492438564910611E-004
   112.299997653108       2.369725563661663E-004
   112.399997647171       2.253069482174204E-004
   112.499997641234       2.142170443765148E-004
   112.599997635298       2.036743458573166E-004
   112.699997629361       1.936517683794161E-004
   112.799997623424       1.841235720591226E-004
   112.899997617487       1.750652945872958E-004
   112.999997611550       1.664536877229683E-004
   113.099997605614       1.582666569385292E-004
   113.199997599677       1.504832040619518E-004
   113.299997593740       1.430833727674453E-004
   113.399997587803       1.360481967744883E-004
   113.499997581866       1.293596506208103E-004
   113.599997575929       1.230006028824645E-004
   113.699997569993       1.169547717198098E-004
   113.799997564056       1.112066826340777E-004
   113.899997558119       1.057416283251721E-004
   113.999997552182       1.005456305465584E-004
   114.099997546245       9.560540385814332E-005
   114.199997540309       9.090832118296139E-005
   114.299997534372       8.644238107822018E-005
   114.399997528435       8.219617663555310E-005
   114.499997522498       7.815886592948273E-005
   114.599997516561       7.432014393723325E-005
   114.699997510624       7.067021585672805E-005
   114.799997504688       6.719977175324061E-005
   114.899997498751       6.389996246859935E-005
   114.999997492814       6.076237673011310E-005
   115.099997486877       5.777901939962597E-005
   115.199997480940       5.494229080568976E-005
   115.299997475004       5.224496710520876E-005
   115.399997469067       4.968018162306762E-005
   115.499997463130       4.724140712113850E-005
   115.599997457193       4.492243895031085E-005
   115.699997451256       4.271737904152726E-005
   115.799997445319       4.062062069406579E-005
   115.899997439383       3.862683412125012E-005
   115.999997433446       3.673095271586725E-005
   116.099997427509       3.492815999940236E-005
   116.199997421572       3.321387722095553E-005
   116.299997415635       3.158375157348960E-005
   116.399997409699       3.003364499655367E-005
   116.499997403762       2.855962353629067E-005
   116.599997397825       2.715794723486270E-005
   116.699997391888       2.582506052293082E-005
   116.799997385951       2.455758309006831E-005
   116.899997380014       2.335230120924768E-005
   116.999997374078       2.220615949280119E-005
   117.099997368141       2.111625305823786E-005
   117.199997362204       2.007982008354581E-005
   117.299997356267       1.909423473250855E-005
   117.399997350330       1.815700043158563E-005
   117.499997344394       1.726574348080101E-005
   117.599997338457       1.641820698201459E-005
   117.699997332520       1.561224506868605E-005
   117.799997326583       1.484581742214829E-005
   117.899997320646       1.411698406007620E-005
   117.999997314709       1.342390038357380E-005
   118.099997308773       1.276481246997815E-005
   118.199997302836       1.213805259915881E-005
   118.299997296899       1.154203500163302E-005
   118.399997290962       1.097525181747573E-005
   118.499997285025       1.043626925549105E-005
   118.599997279089       9.923723942689121E-006
   118.699997273152       9.436319454573208E-006
   118.799997267215       8.972823017238828E-006
   118.899997261278       8.532062372728056E-006
   118.999997255341       8.112922799511378E-006
   119.099997249404       7.714344280367138E-006
   119.199997243468       7.335318810346548E-006
   119.299997237531       6.974887837826302E-006
   119.399997231594       6.632139832049394E-006
   119.499997225657       6.306207970865693E-006
   119.599997219720       5.996267942679119E-006
   119.699997213784       5.701535856948625E-006
   119.799997207847       5.421266257834892E-006
   119.899997201910       5.154750235875899E-006
   119.999997195973       4.901313632822607E-006
   120.099997190036       4.865311385428273E-006
   120.199997184100       4.725151640600516E-006
   120.299997178163       4.584366209380165E-006
   120.399997172226       4.443996036279840E-006
   120.499997166289       4.304528567227857E-006
   120.599997160352       4.166331384406249E-006
   120.699997154415       4.029675464768412E-006
   120.799997148479       3.894751801682154E-006
   120.899997142542       3.761681966169820E-006
   120.999997136605       3.630521823530468E-006
   121.099997130668       3.501275791234383E-006
   121.199997124731       3.373969638123128E-006
   121.299997118795       3.248723559771849E-006
   121.399997112858       3.125675063500886E-006
   121.499997106921       3.004892232158814E-006
   121.599997100984       2.886399847458553E-006
   121.699997095047       2.770230214947777E-006
   121.799997089110       2.656448273125015E-006
   121.899997083174       2.545154688530244E-006
   121.999997077237       2.436477069949893E-006
   122.099997071300       2.330557266227193E-006
   122.199997065363       2.227539258414144E-006
   122.299997059426       2.127558998435609E-006
   122.399997053490       2.030736349036606E-006
   122.499997047553       1.937169184446113E-006
   122.599997041616       1.846929692250688E-006
   122.699997035679       1.760062763799044E-006
   122.799997029742       1.676586182219811E-006
   122.899997023805       1.596492201742155E-006
   122.999997017869       1.519750079233976E-006
   123.099997011932       1.446309151630961E-006
   123.199997005995       1.376102123915455E-006
   123.299997000058       1.309048317119361E-006
   123.399996994121       1.245056707545673E-006
   123.499996988185       1.184028657702846E-006
   123.599996982248       1.125860292901352E-006
   123.699996976311       1.070444515370128E-006
   123.799996970374       1.017672672371145E-006
   123.899996964437       9.674359090654436E-007
   123.999996958500       9.196262436569213E-007
   124.099996952564       8.741374040709588E-007
   124.199996946627       8.308654639952523E-007
   124.299996940690       7.897093129054448E-007
   124.399996934753       7.505709906650240E-007
   124.499996928816       7.133559130421978E-007
   124.599996922880       6.779730103872372E-007
   124.699996916943       6.443347979699782E-007
   124.799996911006       6.123573931748950E-007
   124.899996905069       5.819604919105526E-007
   124.999996899132       5.530673141957320E-007
   125.099996893195       5.256045268891552E-007
   125.199996887259       4.995021498932951E-007
   125.299996881322       4.746934508254276E-007
   125.399996875385       4.511148320695992E-007
   125.499996869448       4.287057132543509E-007
   125.599996863511       4.074084115073715E-007
   125.699996857575       3.871680212831102E-007
   125.799996851638       3.679322951258318E-007
   125.899996845701       3.496515263802018E-007
   125.999996839764       3.322784345931232E-007
   126.099996833827       3.157680541362892E-007
   126.199996827890       3.000776264135369E-007
   126.299996821954       2.851664958889574E-007
   126.399996816017       2.709960100720450E-007
   126.499996810080       2.575294235202701E-007
   126.599996804143       2.447318058631733E-007
   126.699996798206       2.325699538066182E-007
   126.799996792270       2.210123070462961E-007
   126.899996786333       2.100288679943112E-007
   126.999996780396       1.995911252080666E-007
   127.099996774459       1.896719803980004E-007
   127.199996768522       1.802456788848524E-007
   127.299996762585       1.712877433730457E-007
   127.399996756649       1.627749109052853E-007
   127.499996750712       1.546850728620630E-007
   127.599996744775       1.469972178764450E-007
   127.699996738838       1.396913775303586E-007
   127.799996732901       1.327485747068880E-007
   127.899996726965       1.261507744760945E-007
   127.999996721028       1.198808373951009E-007
   128.099996715091       1.139224751054039E-007
   128.199996709154       1.082602081233923E-007
   128.299996703217       1.028793257122039E-007
   128.399996697280       9.776584773779142E-008
   128.499996691344       9.290648841182748E-008
   128.599996685407       8.828862182929592E-008
   128.699996679470       8.390024921329851E-008
   128.799996673533       7.972996778135490E-008
   128.899996667596       7.576694115692797E-008
   128.999996661660       7.200087124700612E-008
   129.099996655723       6.842197151410678E-008
   129.199996649786       6.502094157515990E-008
   129.299996643849       6.178894306009462E-008
   129.399996637912       5.871757666789817E-008
   129.499996631975       5.579886036293540E-008
   129.599996626039       5.302520865151933E-008
   129.699996620102       5.038941288824894E-008
   129.799996614165       4.788462256012006E-008
   129.899996608228       4.550432749925862E-008
   129.999996602291       4.324234097840420E-008
   130.099996596355       4.109278364667506E-008
   130.199996590418       3.905006826226872E-008
   130.299996584481       3.710888518337357E-008
   130.399996578544       3.526418857930255E-008
   130.499996572607       3.351118332657164E-008
   130.599996566670       3.184531255565607E-008
   130.699996560734       3.026224581606444E-008
   130.799996554797       2.875786782911336E-008
   130.899996548860       2.732826779924319E-008
   130.999996542923       2.596972925617954E-008
   131.099996536986       2.467872040150566E-008
   131.199996531050       2.345188493465951E-008
   131.299996525113       2.228603333457346E-008
   131.399996519176       2.117813457426210E-008
   131.499996513239       2.012530824692309E-008
   131.599996507302       1.912481708310345E-008
   131.699996501365       1.817405983952358E-008
   131.799996495429       1.727056454109830E-008
   131.899996489492       1.641198205851101E-008
   131.999996483555       1.559608000503327E-008
   132.099996477618       1.482073693601087E-008
   132.199996471681       1.408393683701724E-008
   132.299996465745       1.338376388547783E-008
   132.399996459808       1.271839747250087E-008
   132.499996453871       1.208610747191466E-008
   132.599996447934       1.148524974469648E-008
   132.699996441997       1.091426186593055E-008
   132.799996436060       1.037165906504434E-008
   132.899996430124       9.856030366657582E-009
   132.999996424187       9.366034924096617E-009
   133.099996418250       8.900398534124573E-009
   133.199996412313       8.457910325737920E-009
   133.299996406376       8.037419612540251E-009
   133.399996400440       7.637832902183241E-009
   133.499996394503       7.258111054112505E-009
   133.599996388566       6.897266578326344E-009
   133.699996382629       6.554361068671770E-009
   133.799996376692       6.228502763543089E-009
   133.899996370756       5.918844227563512E-009
   133.999996364819       5.624580148739922E-009
   134.099996358882       5.344945244931298E-009
   134.199996352945       5.079212274375467E-009
   134.299996347008       4.826690144950945E-009
   134.399996341071       4.586722117555736E-009
   134.499996335135       4.358684098652330E-009
   134.599996329198       4.141983017710563E-009
   134.699996323261       3.936055285260951E-009
   134.799996317324       3.740365327505918E-009
   134.899996311387       3.554404193871359E-009
   134.999996305451       3.377688233683003E-009
   135.099996299514       3.209757838609628E-009
   135.199996293577       3.050176247642068E-009
   135.299996287640       2.898528411431529E-009
   135.399996281703       2.754419913038301E-009
   135.499996275766       2.617475942393776E-009
   135.599996269830       2.487340321684181E-009
   135.699996263893       2.363674579179446E-009
   135.799996257956       2.246157069102171E-009
   135.899996252019       2.134482135265513E-009
   135.999996246082       2.028359316197402E-009
   136.099996240146       1.927512589876540E-009
   136.199996234209       1.831679655947676E-009
   136.299996228272       1.740611253628910E-009
   136.399996222335       1.654070513520548E-009
   136.499996216398       1.571832341659932E-009
   136.599996210461       1.493682834120186E-009
   136.699996204525       1.419418720788433E-009
   136.799996198588       1.348846836749394E-009
   136.899996192651       1.281783619950034E-009
   136.999996186714       1.218054633841321E-009
   137.099996180777       1.157494113751511E-009
   137.199996174841       1.099944535775395E-009
   137.299996168904       1.045256207139284E-009
   137.399996162967       9.932868769014556E-010
   137.499996157030       9.439013660042339E-010
   137.599996151093       8.969712157326242E-010
   137.699996145156       8.523743536253507E-010
   137.799996139220       8.099947760003286E-010
   137.899996133283       7.697222462720243E-010
   137.999996127346       7.314520082536557E-010
   138.099996121409       6.950845137122005E-010
   138.199996115472       6.605251634798555E-010
   138.299996109536       6.276840614069699E-010
   138.399996103599       5.964757805710736E-010
   138.499996097662       5.668191410985294E-010
   138.599996091725       5.386369990296740E-010
   138.699996085788       5.118560456795953E-010
   138.799996079851       4.864066169800176E-010
   138.899996073915       4.622225122841922E-010
   138.999996067978       4.392408221902196E-010
   139.099996062041       4.174017649228794E-010
   139.199996056104       3.966485308445616E-010
   139.299996050167       3.769271346989962E-010
   139.399996044231       3.581862751981552E-010
   139.499996038294       3.403772015954554E-010
   139.599996032357       3.234535868763827E-010
   139.699996026420       3.073714072712050E-010
   139.799996020483       2.920888277464850E-010
   139.899996014546       2.775660931928734E-010
   139.999996008610       2.637654250205514E-010
   140.099996002673       2.506509228953430E-010
   140.199995996736       2.381884713624279E-010
   140.299995990799       2.263456511087286E-010
   140.399995984862       2.150916546356872E-010
   140.499995978926       2.043972061288786E-010
   140.599995972989       1.942344853085864E-010
   140.699995967052       1.845770550652920E-010
   140.799995961115       1.753997926940826E-010
   140.899995955178       1.666788245467771E-010
   140.999995949241       1.583914639327447E-010
   141.099995943305       1.505161521081476E-010
   141.199995937368       1.430324021983986E-010
   141.299995931431       1.359207459058683E-010
   141.399995925494       1.291626828706731E-010
   141.499995919557       1.227406325476517E-010
   141.599995913621       1.166378884753485E-010
   141.699995907684       1.108385748187529E-010
   141.799995901747       1.053276050729896E-010
   141.899995895810       1.000906428189255E-010
   141.999995889873       9.511406443113613E-011
   142.099995883936       9.038492363962446E-011
   142.199995878000       8.589091785217996E-011
   142.299995872063       8.162035615260050E-011
   142.399995866126       7.756212888967059E-011
   142.499995860189       7.370567877682581E-011
   142.599995854252       7.004097343008118E-011
   142.699995848316       6.655847927029147E-011
   142.799995842379       6.324913672372327E-011
   142.899995836442       6.010433665501825E-011
   142.999995830505       5.711589797198333E-011
   143.099995824568       5.427604634385707E-011
   143.199995818631       5.157739397757607E-011
   143.299995812695       4.901292039959216E-011
   143.399995806758       4.657595419310446E-011
   143.499995800821       4.426015564331212E-011
   143.599995794884       4.205950024560800E-011
   143.699995788947       3.996826303316759E-011
   143.799995783011       3.798100368460647E-011
   143.899995777074       3.609255237146424E-011
   143.999995771137       3.429799630965367E-011
   144.099995765200       3.259266697880204E-011
   144.199995759263       3.097212797816620E-011
   144.299995753326       2.943216348571460E-011
   144.399995747390       2.796876729060664E-011
   144.499995741453       2.657813237178249E-011
   144.599995735516       2.525664099445200E-011
   144.699995729579       2.400085529820503E-011
   144.799995723642       2.280750835441805E-011
   144.899995717706       2.167349566709425E-011
   144.999995711769       2.059586709686861E-011
   145.099995705832       1.957181918657720E-011
   145.199995699895       1.859868786785118E-011
   145.299995693958       1.767394153127811E-011
   145.399995688021       1.679517443978707E-011
   145.499995682085       1.596010047103770E-011
   145.599995676148       1.516654716954421E-011
   145.699995670211       1.441245009563997E-011
   145.799995664274       1.369584745454390E-011
   145.899995658337       1.301487499305571E-011
   145.999995652401       1.236776114973928E-011
   146.099995646464       1.175282244611128E-011
   146.199995640527       1.116845910740844E-011
   146.299995634590       1.061315090055061E-011
   146.399995628653       1.008545317942138E-011
   146.499995622716       9.583993126724505E-012
   146.599995616780       9.107466182505355E-012
   146.699995610843       8.654632650399069E-012
   146.799995604906       8.224314472640288E-012
   146.899995598969       7.815392165357453E-012
   146.999995593032       7.426801906198009E-012
   147.099995587096       7.057532766836169E-012
   147.199995581159       6.706624083077366E-012
   147.299995575222       6.373162955684552E-012
   147.399995569285       6.056281875485051E-012
   147.499995563348       5.755156466545646E-012
   147.599995557411       5.469003341565179E-012
   147.699995551475       5.197078063899631E-012
   147.799995545538       4.938673210905178E-012
   147.899995539601       4.693116533585676E-012
   147.999995533664       4.459769207738110E-012
   148.099995527727       4.238024172044093E-012
   148.199995521791       4.027304548799254E-012
   148.299995515854       3.827062143171358E-012
   148.399995509917       3.636776017059423E-012
   148.499995503980       3.455951133878415E-012
   148.599995498043       3.284117070710721E-012
   148.699995492106       3.120826794511234E-012
   148.799995486170       2.965655499102429E-012
   148.899995480233       2.818199500084315E-012
   148.999995474296       2.678075184634369E-012
   149.099995468359       2.544918013536307E-012
   149.199995462422       2.418381572776518E-012
   149.299995456486       2.298136672412659E-012
   149.399995450549       2.183870490158532E-012
   149.499995444612       2.075285757524757E-012
   149.599995438675       1.972099986541068E-012
   149.699995432738       1.874044734815230E-012
   149.799995426802       1.780864907163945E-012
   149.899995420865       1.692318092033439E-012
   149.999995414928       1.608173930775775E-012
