   95.0999986742407       -32.0568367766135     
   95.1999986683039       -32.0568367762895     
   95.2999986623671       -32.0568367759666     
   95.3999986564303       -32.0568367756431     
   95.4999986504935       -32.0568367753195     
   95.5999986445566       -32.0568367749966     
   95.6999986386198       -32.0568367746726     
   95.7999986326830       -32.0568367743495     
   95.8999986267462       -32.0568367740255     
   95.9999986208094       -32.0568367737025     
   96.0999986148725       -32.0568367733784     
   96.1999986089357       -32.0568367730549     
   96.2999986029989       -32.0568367727313     
   96.3999985970621       -32.0568367724073     
   96.4999985911253       -32.0568367720842     
   96.5999985851885       -32.0568367717602     
   96.6999985792516       -32.0568367714367     
   96.7999985733148       -32.0568367711130     
   96.8999985673780       -32.0568367707889     
   96.9999985614412       -32.0568367704658     
   97.0999985555044       -32.0568367701417     
   97.1999985495676       -32.0568367698175     
   97.2999985436307       -32.0568367694939     
   97.3999985376939       -32.0568367691703     
   97.4999985317571       -32.0568367688462     
   97.5999985258203       -32.0568367685220     
   97.6999985198835       -32.0568367681988     
   97.7999985139466       -32.0568367678748     
   97.8999985080098       -32.0568367675506     
   97.9999985020730       -32.0568367672264     
   98.0999984961362       -32.0568367669022     
   98.1999984901994       -32.0568367665786     
   98.2999984842626       -32.0568367662549     
   98.3999984783257       -32.0568367659307     
   98.4999984723889       -32.0568367656065     
   98.5999984664521       -32.0568367652823     
   98.6999984605153       -32.0568367649581     
   98.7999984545785       -32.0568367646338     
   98.8999984486417       -32.0568367643096     
   98.9999984427048       -32.0568367639853     
   99.0999984367680       -32.0568367636611     
   99.1999984308312       -32.0568367633368     
   99.2999984248944       -32.0568367630125     
   99.3999984189576       -32.0568367626883     
   99.4999984130207       -32.0568367623640     
   99.5999984070839       -32.0568367620398     
   99.6999984011471       -32.0568367617154     
   99.7999983952103       -32.0568367613911     
   99.8999983892735       -32.0568367610668     
   99.9999983833367       -32.0568367607425     
   100.099998377400       -29.1925085970022     
   100.199998371463       -28.6757190921917     
   100.299998365526       -28.1691908339670     
   100.399998359589       -27.6797166859496     
   100.499998353653       -27.2115664155289     
   100.599998347716       -26.7670017845709     
   100.699998341779       -26.3480106709257     
   100.799998335842       -25.9556383646071     
   100.899998329905       -25.5890615718536     
   100.999998323968       -25.2457179023824     
   101.099998318032       -24.9223538097441     
   101.199998312095       -24.6159701358370     
   101.299998306158       -24.3242476425761     
   101.399998300221       -24.0456086115868     
   101.499998294284       -23.7791038170199     
   101.599998288348       -23.5242279116939     
   101.699998282411       -23.2807348408915     
   101.799998276474       -23.0484958678315     
   101.899998270537       -22.8274087103253     
   101.999998264600       -22.6173463378457     
   102.099998258663       -22.4181299609633     
   102.199998252727       -22.2295148933383     
   102.299998246790       -22.0511841884443     
   102.399998240853       -21.8827503498848     
   102.499998234916       -21.7237682167393     
   102.599998228979       -21.5737607910034     
   102.699998223043       -21.4322544315669     
   102.799998217106       -21.2988139217663     
   102.899998211169       -21.1730663994680     
   102.999998205232       -21.0547078480232     
   103.099998199295       -20.9434934566448     
   103.199998193358       -20.8392186115346     
   103.299998187422       -20.7416982551932     
   103.399998181485       -20.6507500241227     
   103.499998175548       -20.5661833724059     
   103.599998169611       -20.4877944690246     
   103.699998163674       -20.4153654663853     
   103.799998157738       -20.3486664965359     
   103.899998151801       -20.2874590116246     
   103.999998145864       -20.2314995013575     
   104.099998139927       -20.1805430079006     
   104.199998133990       -20.1343461496646     
   104.299998128054       -20.0926695556253     
   104.399998122117       -20.0552797214338     
   104.499998116180       -20.0219503527294     
   104.599998110243       -19.9924632808604     
   104.699998104306       -19.9666090368490     
   104.799998098369       -19.9441871607310     
   104.899998092433       -19.9250063111696     
   104.999998086496       -19.9088842277584     
   105.099998080559       -19.8956475871360     
   105.199998074622       -19.8851317844362     
   105.299998068685       -19.8771806639868     
   105.399998062749       -19.8716462170655     
   105.499998056812       -19.8683882598685     
   105.599998050875       -19.8672741013871     
   105.699998044938       -19.8681782081432     
   105.799998039001       -19.8709818708752     
   105.899998033064       -19.8755728766838     
   105.999998027128       -19.8818451891633     
   106.099998021191       -19.8896986381695     
   106.199998015254       -19.8990386203512     
   106.299998009317       -19.9097758110367     
   106.399998003380       -19.9218258879232     
   106.499997997444       -19.9351092665627     
   106.599997991507       -19.9495508476655     
   106.699997985570       -19.9650797759668     
   106.799997979633       -19.9816292104851     
   106.899997973696       -19.9991361056717     
   106.999997967759       -20.0175410032817     
   107.099997961823       -20.0367878344036     
   107.199997955886       -20.0568237313257     
   107.299997949949       -20.0775988487834     
   107.399997944012       -20.0990661941506     
   107.499997938075       -20.1211814662635     
   107.599997932139       -20.1439029023068     
   107.699997926202       -20.1671911325205     
   107.799997920265       -20.1910090422531     
   107.899997914328       -20.2153216410988     
   107.999997908391       -20.2400959385723     
   108.099997902454       -20.2653008262892     
   108.199997896518       -20.2909069659842     
   108.299997890581       -20.3168866833757     
   108.399997884644       -20.3432138673769     
   108.499997878707       -20.3698638745214     
   108.599997872770       -20.3968134381720     
   108.699997866834       -20.4240405825286     
   108.799997860897       -20.4515245409256     
   108.899997854960       -20.4792456784217     
   108.999997849023       -20.5071854183492     
   109.099997843086       -20.5353261726445     
   109.199997837149       -20.5636512758706     
   109.299997831213       -20.5921449226807     
   109.399997825276       -20.6207921085120     
   109.499997819339       -20.6495785734999     
   109.599997813402       -20.6784907493715     
   109.699997807465       -20.7075157092363     
   109.799997801529       -20.7366411200467     
   109.899997795592       -20.7658551978024     
   109.999997789655       -20.7951466651897     
   110.099997783718       -20.8245047116337     
   110.199997777781       -20.8539189557658     
   110.299997771844       -20.8833794100223     
   110.399997765908       -20.9128764473751     
   110.499997759971       -20.9424007702212     
   110.599997754034       -20.9719433811388     
   110.699997748097       -21.0014955556575     
   110.799997742160       -21.0310488167181     
   110.899997736224       -21.0605949111269     
   110.999997730287       -21.0901257874048     
   111.099997724350       -21.1196335756279     
   111.199997718413       -21.1491105686213     
   111.299997712476       -21.1785492046927     
   111.399997706539       -21.2079420519647     
   111.499997700603       -21.2372817941194     
   111.599997694666       -21.2665612173022     
   111.699997688729       -21.2957731986438     
   111.799997682792       -21.3249106959228     
   111.899997676855       -21.3539667383244     
   111.999997670919       -21.3829344186879     
   112.099997664982       -21.4118068865273     
   112.199997659045       -21.4405773424628     
   112.299997653108       -21.4692390334515     
   112.399997647171       -21.4977852491545     
   112.499997641234       -21.5262093191690     
   112.599997635298       -21.5545046112303     
   112.699997629361       -21.5826645302359     
   112.799997623424       -21.6106825180658     
   112.899997617487       -21.6385520542503     
   112.999997611550       -21.6662666571884     
   113.099997605614       -21.6938198862875     
   113.199997599677       -21.7212053444783     
   113.299997593740       -21.7484166815853     
   113.399997587803       -21.7754475979007     
   113.499997581866       -21.8022918485913     
   113.599997575929       -21.8289432483989     
   113.699997569993       -21.8553956766179     
   113.799997564056       -21.8816430827002     
   113.899997558119       -21.9076794920176     
   113.999997552182       -21.9334990118770     
   114.099997546245       -21.9590958378036     
   114.199997540309       -21.9844642600474     
   114.299997534372       -22.0095986701839     
   114.399997528435       -22.0344935678301     
   114.499997522498       -22.0591435674180     
   114.599997516561       -22.0835434049807     
   114.699997510624       -22.1076879449742     
   114.799997504688       -22.1315721869736     
   114.899997498751       -22.1551912723337     
   114.999997492814       -22.1785404908094     
   115.099997486877       -22.2016152867363     
   115.199997480940       -22.2244112654036     
   115.299997475004       -22.2469241989482     
   115.399997469067       -22.2691500321495     
   115.499997463130       -22.2910848878166     
   115.599997457193       -22.3127250720783     
   115.699997451256       -22.3340670791774     
   115.799997445319       -22.3551075960979     
   115.899997439383       -22.3758435067038     
   115.999997433446       -22.3962718955506     
   116.099997427509       -22.4163900514404     
   116.199997421572       -22.4361954704092     
   116.299997415635       -22.4556858584128     
   116.399997409699       -22.4748591336433     
   116.499997403762       -22.4937134283014     
   116.599997397825       -22.5122470900538     
   116.699997391888       -22.5304586830915     
   116.799997385951       -22.5483469886593     
   116.899997380014       -22.5659110053406     
   116.999997374078       -22.5831499486500     
   117.099997368141       -22.6000632505398     
   117.199997362204       -22.6166505583026     
   117.299997356267       -22.6329117331106     
   117.399997350330       -22.6488468481771     
   117.499997344394       -22.6644561865339     
   117.599997338457       -22.6797402386138     
   117.699997332520       -22.6946996990882     
   117.799997326583       -22.7093354637503     
   117.899997320646       -22.7236486258958     
   117.999997314709       -22.7376404724361     
   118.099997308773       -22.7513124797109     
   118.199997302836       -22.7646663090304     
   118.299997296899       -22.7777038019619     
   118.399997290962       -22.7904269753681     
   118.499997285025       -22.8028380162332     
   118.599997279089       -22.8149392762767     
   118.699997273152       -22.8267332663902     
   118.799997267215       -22.8382226509232     
   118.899997261278       -22.8494102418191     
   118.999997255341       -22.8602989924574     
   119.099997249404       -22.8708919918411     
   119.199997243468       -22.8811924580128     
   119.299997237531       -22.8912037320399     
   119.399997231594       -22.9009292716826     
   119.499997225657       -22.9103726447432     
   119.599997219720       -22.9195375229129     
   119.699997213784       -22.9284276752877     
   119.799997207847       -22.9370469618478     
   119.899997201910       -22.9453993272004     
   119.999997195973       -22.9534887942944     
   120.099997190036       -27.0910274840227     
   120.199997184100       -28.3925704697462     
   120.299997178163       -29.5414870847790     
   120.399997172226       -30.5586485023159     
   120.499997166289       -31.4518854189559     
   120.599997160352       -32.2288969058190     
   120.699997154415       -32.8972726946979     
   120.799997148479       -33.4644329337062     
   120.899997142542       -33.9374788512515     
   120.999997136605       -34.3228811991169     
   121.099997130668       -34.6264142007707     
   121.199997124731       -34.8548503767827     
   121.299997118795       -35.0182349070806     
   121.399997112858       -35.1275530603411     
   121.499997106921       -35.1911993804936     
   121.599997100984       -35.2151343800262     
   121.699997095047       -35.2043721041325     
   121.799997089110       -35.1638450836827     
   121.899997083174       -35.0986025464079     
   121.999997077237       -35.0136403090764     
   122.099997071300       -34.9136353738774     
   122.199997065363       -34.8027537037380     
   122.299997059426       -34.6845667269003     
   122.399997053490       -34.5620470591245     
   122.499997047553       -34.4376087113385     
   122.599997041616       -34.3131685242543     
   122.699997035679       -34.1902151290573     
   122.799997029742       -34.0698774832055     
   122.899997023805       -33.9529884873160     
   122.999997017869       -33.8401414106938     
   123.099997011932       -33.7317383148737     
   123.199997005995       -33.6280305905560     
   123.299997000058       -33.5291522555543     
   123.399996994121       -33.4351469146325     
   123.499996988185       -33.3459893504583     
   123.599996982248       -33.2616026737205     
   123.699996976311       -33.1818718620363     
   123.799996970374       -33.1066543974713     
   123.899996964437       -33.0357885920422     
   123.999996958500       -32.9691000805781     
   124.099996952564       -32.9064068653451     
   124.199996946627       -32.8475232179156     
   124.299996940690       -32.7922626796652     
   124.399996934753       -32.7404403510202     
   124.499996928816       -32.6918746192070     
   124.599996922880       -32.6463884423984     
   124.699996916943       -32.6038102833591     
   124.799996911006       -32.5639747661867     
   124.899996905069       -32.5267231145654     
   124.999996899132       -32.4919034180212     
   125.099996893195       -32.4593707631649     
   125.199996887259       -32.4289872596319     
   125.299996881322       -32.4006219844352     
   125.399996875385       -32.3741508637516     
   125.499996869448       -32.3494565074703     
   125.599996863511       -32.3264280089789     
   125.699996857575       -32.3049607193865     
   125.799996851638       -32.2849560050971     
   125.899996845701       -32.2663209941399     
   125.999996839764       -32.2489683168229     
   126.099996833827       -32.2328158443045     
   126.199996827890       -32.2177864286359     
   126.299996821954       -32.2038076462184     
   126.399996816017       -32.1908115470210     
   126.499996810080       -32.1787344104297     
   126.599996804143       -32.1675165090885     
   126.699996798206       -32.1571018817272     
   126.799996792270       -32.1474381146507     
   126.899996786333       -32.1384761329997     
   126.999996780396       -32.1301700012525     
   127.099996774459       -32.1224767335305     
   127.199996768522       -32.1153561134026     
   127.299996762585       -32.1087705227218     
   127.399996756649       -32.1026847788957     
   127.499996750712       -32.0970659835245     
   127.599996744775       -32.0918833755617     
   127.699996738838       -32.0871081955024     
   127.799996732901       -32.0827135571000     
   127.899996726965       -32.0786743254497     
   127.999996721028       -32.0749670011582     
   128.099996715091       -32.0715696171780     
   128.199996709154       -32.0684616329463     
   128.299996703217       -32.0656238417473     
   128.399996697280       -32.0630382814005     
   128.499996691344       -32.0606881504646     
   128.599996685407       -32.0585577295881     
   128.699996679470       -32.0566323059807     
   128.799996673533       -32.0548981082914     
   128.899996667596       -32.0533422385696     
   128.999996661660       -32.0519526119694     
   129.099996655723       -32.0507179020893     
   129.199996649786       -32.0496274860381     
   129.299996643849       -32.0486713940311     
   129.399996637912       -32.0478402677388     
   129.499996631975       -32.0471253105288     
   129.599996626039       -32.0465182525382     
   129.699996620102       -32.0460113123602     
   129.799996614165       -32.0455971600742     
   129.899996608228       -32.0452688859038     
   129.999996602291       -32.0450199737244     
   130.099996596355       -32.0448442700198     
   130.199996590418       -32.0447359596110     
   130.299996584481       -32.0446895420171     
   130.399996578544       -32.0446998118868     
   130.499996572607       -32.0447618392302     
   130.599996566670       -32.0448709511438     
   130.699996560734       -32.0450227163239     
   130.799996554797       -32.0452129309550     
   130.899996548860       -32.0454376058718     
   130.999996542923       -32.0456929554588     
   131.099996536986       -32.0459753874416     
   131.199996531050       -32.0462814940500     
   131.299996525113       -32.0466080443993     
   131.399996519176       -32.0469519776374     
   131.499996513239       -32.0473103970442     
   131.599996507302       -32.0476805649500     
   131.699996501365       -32.0480598984153     
   131.799996495429       -32.0484459651966     
   131.899996489492       -32.0488364796050     
   131.999996483555       -32.0492293010129     
   132.099996477618       -32.0496224325650     
   132.199996471681       -32.0500140140647     
   132.299996465745       -32.0504023198897     
   132.399996459808       -32.0507857648114     
   132.499996453871       -32.0511628919069     
   132.599996447934       -32.0515323715519     
   132.699996441997       -32.0518930074186     
   132.799996436060       -32.0522437194144     
   132.899996430124       -32.0525835559677     
   132.999996424187       -32.0529116757398     
   133.099996418250       -32.0532273591619     
   133.199996412313       -32.0535299888082     
   133.299996406376       -32.0538190604279     
   133.399996400440       -32.0540941691870     
   133.499996394503       -32.0543550050170     
   133.599996388566       -32.0546013545216     
   133.699996382629       -32.0548330910106     
   133.799996376692       -32.0550501663161     
   133.899996370756       -32.0552526142324     
   133.999996364819       -32.0554405392819     
   134.099996358882       -32.0556141119419     
   134.199996352945       -32.0557735610509     
   134.299996347008       -32.0559191750582     
   134.399996341071       -32.0560512908292     
   134.499996335135       -32.0561702907875     
   134.599996329198       -32.0562765960762     
   134.699996323261       -32.0563706606090     
   134.799996317324       -32.0564529712433     
   134.899996311387       -32.0565240382515     
   134.999996305451       -32.0565843923445     
   135.099996299514       -32.0566345808856     
   135.199996293577       -32.0566751619688     
   135.299996287640       -32.0567067005245     
   135.399996281703       -32.0567297689175     
   135.499996275766       -32.0567449392964     
   135.599996269830       -32.0567527818255     
   135.699996263893       -32.0567538622435     
   135.799996257956       -32.0567487392613     
   135.899996252019       -32.0567379580163     
   135.999996246082       -32.0567220564892     
   136.099996240146       -32.0567015572515     
   136.199996234209       -32.0566769674025     
   136.299996228272       -32.0566487776070     
   136.399996222335       -32.0566174612453     
   136.499996216398       -32.0565834683277     
   136.599996210461       -32.0565472341145     
   136.699996204525       -32.0565091713512     
   136.799996198588       -32.0564696721055     
   136.899996192651       -32.0564291072000     
   136.999996186714       -32.0563878257631     
   137.099996180777       -32.0563461525065     
   137.199996174841       -32.0563043943896     
   137.299996168904       -32.0562628353328     
   137.399996162967       -32.0562217380998     
   137.499996157030       -32.0561813453905     
   137.599996151093       -32.0561418768486     
   137.699996145156       -32.0561035328825     
   137.799996139220       -32.0560664957450     
   137.899996133283       -32.0560309278493     
   137.999996127346       -32.0559969732688     
   138.099996121409       -32.0559647594606     
   138.199996115472       -32.0559343929768     
   138.299996109536       -32.0559059673694     
   138.399996103599       -32.0558795602609     
   138.499996097662       -32.0558552339390     
   138.599996091725       -32.0558330365895     
   138.699996085788       -32.0558130042885     
   138.799996079851       -32.0557951569102     
   138.899996073915       -32.0557795051774     
   138.999996067978       -32.0557660488655     
   139.099996062041       -32.0557547770531     
   139.199996056104       -32.0557456687973     
   139.299996050167       -32.0557386951076     
   139.399996044231       -32.0557338187707     
   139.499996038294       -32.0557309919582     
   139.599996032357       -32.0557301642708     
   139.699996026420       -32.0557312777249     
   139.799996020483       -32.0557342684897     
   139.899996014546       -32.0557390682400     
   139.999996008610       -32.0557456042739     
   140.099996002673       -32.0557538009965     
   140.199995996736       -32.0557635779251     
   140.299995990799       -32.0557748520051     
   140.399995984862       -32.0557875400716     
   140.499995978926       -32.0558015560254     
   140.599995972989       -32.0558168130513     
   140.699995967052       -32.0558332232608     
   140.799995961115       -32.0558506987572     
   140.899995955178       -32.0558691515426     
   140.999995949241       -32.0558884944388     
   141.099995943305       -32.0559086413184     
   141.199995937368       -32.0559295037385     
   141.299995931431       -32.0559509993825     
   141.399995925494       -32.0559730452199     
   141.499995919557       -32.0559955605587     
   141.599995913621       -32.0560184667426     
   141.699995907684       -32.0560416873219     
   141.799995901747       -32.0560651488816     
   141.899995895810       -32.0560887798607     
   141.999995889873       -32.0561125116225     
   142.099995883936       -32.0561362792910     
   142.199995878000       -32.0561600198123     
   142.299995872063       -32.0561836740507     
   142.399995866126       -32.0562071868719     
   142.499995860189       -32.0562305034508     
   142.599995854252       -32.0562535737948     
   142.699995848316       -32.0562763523412     
   142.799995842379       -32.0562987958571     
   142.899995836442       -32.0563208637541     
   142.999995830505       -32.0563425197198     
   143.099995824568       -32.0563637301296     
   143.199995818631       -32.0563844645368     
   143.299995812695       -32.0564046955913     
   143.399995806758       -32.0564243990007     
   143.499995800821       -32.0564435534800     
   143.599995794884       -32.0564621412548     
   143.699995788947       -32.0564801459722     
   143.799995783011       -32.0564975546601     
   143.899995777074       -32.0565143570167     
   143.999995771137       -32.0565305462755     
   144.099995765200       -32.0565461159219     
   144.199995759263       -32.0565610627756     
   144.299995753326       -32.0565753869718     
   144.399995747390       -32.0565890887389     
   144.499995741453       -32.0566021708035     
   144.599995735516       -32.0566146395602     
   144.699995729579       -32.0566264998859     
   144.799995723642       -32.0566377609172     
   144.899995717706       -32.0566484321967     
   144.999995711769       -32.0566585242902     
   145.099995705832       -32.0566680503160     
   145.199995699895       -32.0566770221816     
   145.299995693958       -32.0566854548147     
   145.399995688021       -32.0566933624690     
   145.499995682085       -32.0567007628952     
   145.599995676148       -32.0567076711318     
   145.699995670211       -32.0567141056715     
   145.799995664274       -32.0567200834424     
   145.899995658337       -32.0567256226332     
   145.999995652401       -32.0567307423821     
   146.099995646464       -32.0567354600259     
   146.199995640527       -32.0567397956419     
   146.299995634590       -32.0567437675115     
   146.399995628653       -32.0567473938579     
   146.499995622716       -32.0567506943746     
   146.599995616780       -32.0567536875622     
   146.699995610843       -32.0567563911533     
   146.799995604906       -32.0567588233670     
   146.899995598969       -32.0567610026542     
   146.999995593032       -32.0567629464204     
   147.099995587096       -32.0567646713646     
   147.199995581159       -32.0567661941605     
   147.299995575222       -32.0567675309812     
   147.399995569285       -32.0567686976005     
   147.499995563348       -32.0567697091507     
   147.599995557411       -32.0567705802686     
   147.699995551475       -32.0567713252663     
   147.799995545538       -32.0567719577267     
   147.899995539601       -32.0567724898534     
   147.999995533664       -32.0567729339396     
   148.099995527727       -32.0567733021836     
   148.199995521791       -32.0567736050654     
   148.299995515854       -32.0567738532743     
   148.399995509917       -32.0567740563798     
   148.499995503980       -32.0567742236939     
   148.599995498043       -32.0567743638590     
   148.699995492106       -32.0567744856749     
   148.799995486170       -32.0567745953956     
   148.899995480233       -32.0567746996602     
   148.999995474296       -32.0567748051377     
   149.099995468359       -32.0567749186447     
   149.199995462422       -32.0567750435263     
   149.299995456486       -32.0567751848601     
   149.399995450549       -32.0567753481490     
   149.499995444612       -32.0567755350292     
   149.599995438675       -32.0567757497971     
   149.699995432738       -32.0567759955844     
   149.799995426802       -32.0567762730868     
   149.899995420865       -32.0567765866620     
   149.999995414928       -32.0567769349480     
