   95.0999986742407        25096.8262233845     
   95.1999986683039        25096.8262233632     
   95.2999986623671        25096.8262233420     
   95.3999986564303        25096.8262233208     
   95.4999986504935        25096.8262232995     
   95.5999986445566        25096.8262232783     
   95.6999986386198        25096.8262232570     
   95.7999986326830        25096.8262232358     
   95.8999986267462        25096.8262232146     
   95.9999986208094        25096.8262231933     
   96.0999986148725        25096.8262231720     
   96.1999986089357        25096.8262231508     
   96.2999986029989        25096.8262231295     
   96.3999985970621        25096.8262231082     
   96.4999985911253        25096.8262230870     
   96.5999985851885        25096.8262230657     
   96.6999985792516        25096.8262230445     
   96.7999985733148        25096.8262230232     
   96.8999985673780        25096.8262230019     
   96.9999985614412        25096.8262229807     
   97.0999985555044        25096.8262229594     
   97.1999985495676        25096.8262229381     
   97.2999985436307        25096.8262229169     
   97.3999985376939        25096.8262228956     
   97.4999985317571        25096.8262228743     
   97.5999985258203        25096.8262228530     
   97.6999985198835        25096.8262228318     
   97.7999985139466        25096.8262228105     
   97.8999985080098        25096.8262227892     
   97.9999985020730        25096.8262227678     
   98.0999984961362        25096.8262227465     
   98.1999984901994        25096.8262227253     
   98.2999984842626        25096.8262227040     
   98.3999984783257        25096.8262226827     
   98.4999984723889        25096.8262226614     
   98.5999984664521        25096.8262226401     
   98.6999984605153        25096.8262226188     
   98.7999984545785        25096.8262225975     
   98.8999984486417        25096.8262225762     
   98.9999984427048        25096.8262225549     
   99.0999984367680        25096.8262225336     
   99.1999984308312        25096.8262225123     
   99.2999984248944        25096.8262224910     
   99.3999984189576        25096.8262224697     
   99.4999984130207        25096.8262224484     
   99.5999984070839        25096.8262224271     
   99.6999984011471        25096.8262224058     
   99.7999983952103        25096.8262223845     
   99.8999983892735        25096.8262223632     
   99.9999983833367        25096.8262223419     
   100.099998377400        32876.5685050578     
   100.199998371463        31633.1538980233     
   100.299998365526        30647.4151546755     
   100.399998359589        29788.5223649021     
   100.499998353653        29032.6375287988     
   100.599998347716        28364.5880290518     
   100.699998341779        27769.7834645665     
   100.799998335842        27234.5482463499     
   100.899998329905        26746.5254485673     
   100.999998323968        26295.5348726015     
   101.099998318032        25874.3678810095     
   101.199998312095        25478.8417932331     
   101.299998306158        25106.9568317371     
   101.399998300221        24757.5415377129     
   101.499998294284        24429.2113456711     
   101.599998288348        24120.0405129464     
   101.699998282411        23827.7117029401     
   101.799998276474        23549.7852130613     
   101.899998270537        23283.9121161672     
   101.999998264600        23027.9754710330     
   102.099998258663        22780.2018000548     
   102.199998252727        22539.2774045866     
   102.299998246790        22304.4692658609     
   102.399998240853        22075.7109775088     
   102.499998234916        21853.5914517524     
   102.599998228979        21639.2005314736     
   102.699998223043        21433.8451567471     
   102.799998217106        21238.7188559023     
   102.899998211169        21054.6343802744     
   102.999998205232        20881.8937143172     
   103.099998199295        20720.3018565082     
   103.199998193358        20569.2780675847     
   103.299998187422        20428.0033097820     
   103.399998181485        20295.5568250464     
   103.499998175548        20171.0184452632     
   103.599998169611        20053.5324167536     
   103.699998163674        19942.3390153147     
   103.799998157738        19836.7835901524     
   103.899998151801        19736.3120098219     
   103.999998145864        19640.4592811561     
   104.099998139927        19548.8357846616     
   104.199998133990        19461.1136986861     
   104.299998128054        19377.0148870854     
   104.399998122117        19296.3007186515     
   104.499998116180        19218.7638360690     
   104.599998110243        19144.2216732805     
   104.699998104306        19072.5114391420     
   104.799998098369        19003.4862790268     
   104.899998092433        18937.0123553571     
   104.999998086496        18872.9666303453     
   105.099998080559        18811.2351776032     
   105.199998074622        18751.7118881260     
   105.299998068685        18694.2974686096     
   105.399998062749        18638.8986558187     
   105.499998056812        18585.4275907338     
   105.599998050875        18533.8013112113     
   105.699998044938        18483.9413331295     
   105.799998039001        18435.7732981910     
   105.899998033064        18389.2266725512     
   105.999998027128        18344.2344847531     
   106.099998021191        18300.7330945770     
   106.199998015254        18258.6619866315     
   106.299998009317        18217.9635841275     
   106.399998003380        18178.5830794146     
   106.499997997444        18140.4682787008     
   106.599997991507        18103.5694589510     
   106.699997985570        18067.8392354132     
   106.799997979633        18033.2324385364     
   106.899997973696        17999.7059992549     
   106.999997967759        17967.2188418320     
   107.099997961823        17935.7317835405     
   107.199997955886        17905.2074406012     
   107.299997949949        17875.6101398550     
   107.399997944012        17846.9058357085     
   107.499997938075        17819.0620319699     
   107.599997932139        17792.0477082004     
   107.699997926202        17765.8332502538     
   107.799997920265        17740.3903847273     
   107.899997914328        17715.6921170413     
   107.999997908391        17691.7126729060     
   108.099997902454        17668.4274429504     
   108.199997896518        17645.8129303011     
   108.299997890581        17623.8467009213     
   108.399997884644        17602.5073365291     
   108.499997878707        17581.7743899343     
   108.599997872770        17561.6283426256     
   108.699997866834        17542.0505644820     
   108.799997860897        17523.0232754577     
   108.899997854960        17504.5295091140     
   108.999997849023        17486.5530779114     
   109.099997843086        17469.0785401160     
   109.199997837149        17452.0911682118     
   109.299997831213        17435.5769187661     
   109.399997825276        17419.5224036496     
   109.499997819339        17403.9148624166     
   109.599997813402        17388.7421360024     
   109.699997807465        17373.9926413899     
   109.799997801529        17359.6553474096     
   109.899997795592        17345.7197513559     
   109.999997789655        17332.1758567095     
   110.099997783718        17319.0141516227     
   110.199997777781        17306.2255879798     
   110.299997771844        17293.8015615897     
   110.399997765908        17281.7338928182     
   110.499997759971        17270.0148079332     
   110.599997754034        17258.6369210692     
   110.699997748097        17247.5932167760     
   110.799997742160        17236.8770330974     
   110.899997736224        17226.4820450996     
   110.999997730287        17216.4022490257     
   111.099997724350        17206.6319467915     
   111.199997718413        17197.1657309404     
   111.299997712476        17187.9984700124     
   111.399997706539        17179.1252942956     
   111.499997700603        17170.5415819469     
   111.599997694666        17162.2429454804     
   111.699997688729        17154.2252185829     
   111.799997682792        17146.4844432633     
   111.899997676855        17139.0168573241     
   111.999997670919        17131.8188821336     
   112.099997664982        17124.8871107134     
   112.199997659045        17118.2182961076     
   112.299997653108        17111.8093400548     
   112.399997647171        17105.6572819431     
   112.499997641234        17099.7592880762     
   112.599997635298        17094.1126411432     
   112.699997629361        17088.7147300624     
   112.799997623424        17083.5630400875     
   112.899997617487        17078.6551431787     
   112.999997611550        17073.9886886758     
   113.099997605614        17069.5613942530     
   113.199997599677        17065.3710371725     
   113.299997593740        17061.4154458403     
   113.399997587803        17057.6924916577     
   113.499997581866        17054.2000811689     
   113.599997575929        17050.9361485259     
   113.699997569993        17047.8986482798     
   113.799997564056        17045.0855484666     
   113.899997558119        17042.4948239186     
   113.999997552182        17040.1244501230     
   114.099997546245        17037.9723972306     
   114.199997540309        17036.0366244480     
   114.299997534372        17034.3150747746     
   114.399997528435        17032.8056699173     
   114.499997522498        17031.5063058246     
   114.599997516561        17030.4148484087     
   114.699997510624        17029.5291294029     
   114.799997504688        17028.8469429774     
   114.899997498751        17028.3660422923     
   114.999997492814        17028.0841366450     
   115.099997486877        17027.9988887573     
   115.199997480940        17028.1079125671     
   115.299997475004        17028.4087711843     
   115.399997469067        17028.8989752431     
   115.499997463130        17029.5759815693     
   115.599997457193        17030.4371921194     
   115.699997451256        17031.4799532456     
   115.799997445319        17032.7015552139     
   115.899997439383        17034.0992320520     
   115.999997433446        17035.6701616397     
   116.099997427509        17037.4114660749     
   116.199997421572        17039.3202122837     
   116.299997415635        17041.3934128834     
   116.399997409699        17043.6280272892     
   116.499997403762        17046.0209630154     
   116.599997397825        17048.5690772098     
   116.699997391888        17051.2691783785     
   116.799997385951        17054.1180283007     
   116.899997380014        17057.1123441143     
   116.999997374078        17060.2488005665     
   117.099997368141        17063.5240324032     
   117.199997362204        17066.9346369144     
   117.299997356267        17070.4771765850     
   117.399997350330        17074.1481818688     
   117.499997344394        17077.9441540423     
   117.599997338457        17081.8615681922     
   117.699997332520        17085.8968762011     
   117.799997326583        17090.0465098552     
   117.899997320646        17094.3068839905     
   117.999997314709        17098.6743996609     
   118.099997308773        17103.1454473430     
   118.199997302836        17107.7164101600     
   118.299997296899        17112.3836671062     
   118.399997290962        17117.1435962690     
   118.499997285025        17121.9925780368     
   118.599997279089        17126.9269982825     
   118.699997273152        17131.9432515161     
   118.799997267215        17137.0377439965     
   118.899997261278        17142.2068967926     
   118.999997255341        17147.4471487935     
   119.099997249404        17152.7549596482     
   119.199997243468        17158.1268126465     
   119.299997237531        17163.5592175093     
   119.399997231594        17169.0487131226     
   119.499997225657        17174.5918701571     
   119.599997219720        17180.1852936199     
   119.699997213784        17185.8256253013     
   119.799997207847        17191.5095461321     
   119.899997201910        17197.2337784310     
   119.999997195973        17202.9950880546     
   120.099997190036        10489.4610462585     
   120.199997184100        11212.3229993806     
   120.299997178163        11911.2002659621     
   120.399997172226        12594.8673761528     
   120.499997166289        13266.7396432957     
   120.599997160352        13929.4789023850     
   120.699997154415        14585.2118659490     
   120.799997148479        15236.1983179737     
   120.899997142542        15886.8863459387     
   120.999997136605        16548.2349707453     
   121.099997130668        17238.6758862016     
   121.199997124731        17963.9448510809     
   121.299997118795        18694.0456474328     
   121.399997112858        19388.8681856023     
   121.499997106921        20029.1449639345     
   121.599997100984        20614.0894605566     
   121.699997095047        21149.7016854024     
   121.799997089110        21641.7200719784     
   121.899997083174        22093.2710183086     
   121.999997077237        22505.3414692987     
   122.099997071300        22878.1268320635     
   122.199997065363        23212.0317779903     
   122.299997059426        23508.0978978112     
   122.399997053490        23768.0597866052     
   122.499997047553        23994.2302948412     
   122.599997041616        24189.3275488702     
   122.699997035679        24356.2978455118     
   122.799997029742        24498.1594915309     
   122.899997023805        24617.8779716094     
   122.999997017869        24718.2746147370     
   123.099997011932        24801.9662456410     
   123.199997005995        24871.3309401492     
   123.299997000058        24928.4942033996     
   123.399996994121        24975.3300729791     
   123.499996988185        25013.4723610165     
   123.599996982248        25044.3321691395     
   123.699996976311        25069.1187363741     
   123.799996970374        25088.8615041871     
   123.899996964437        25104.4319605154     
   123.999996958500        25116.5643502336     
   124.099996952564        25125.8747279511     
   124.199996946627        25132.8781037090     
   124.299996940690        25138.0036176025     
   124.399996934753        25141.6077980544     
   124.499996928816        25143.9860289194     
   124.599996922880        25145.3823875416     
   124.699996916943        25145.9980303506     
   124.799996911006        25145.9983025825     
   124.899996905069        25145.5187400292     
   124.999996899132        25144.6701172115     
   125.099996893195        25143.5426806691     
   125.199996887259        25142.2096898615     
   125.299996881322        25140.7303724658     
   125.399996875385        25139.1523862618     
   125.499996869448        25137.5138665549     
   125.599996863511        25135.8451264204     
   125.699996857575        25134.1700665737     
   125.799996851638        25132.5073431012     
   125.899996845701        25130.8713333297     
   125.999996839764        25129.2729337773     
   126.099996833827        25127.7202185504     
   126.199996827890        25126.2189818872     
   126.299996821954        25124.7731845968     
   126.399996816017        25123.3853209327     
   126.499996810080        25122.0567194463     
   126.599996804143        25120.7877894310     
   126.699996798206        25119.5782222132     
   126.799996792270        25118.4271552761     
   126.899996786333        25117.3333056651     
   126.999996780396        25116.2950781008     
   127.099996774459        25115.3106522606     
   127.199996768522        25114.3780529262     
   127.299996762585        25113.4952060787     
   127.399996756649        25112.6599834745     
   127.499996750712        25111.8702377234     
   127.599996744775        25111.1238297468     
   127.699996738838        25110.4186498899     
   127.799996732901        25109.7526339297     
   127.899996726965        25109.1237749712     
   127.999996721028        25108.5301320277     
   128.099996715091        25107.9698357781     
   128.199996709154        25107.4410923883     
   128.299996703217        25106.9421854650     
   128.399996697280        25106.4714767180     
   128.499996691344        25106.0274055801     
   128.599996685407        25105.6084880198     
   128.699996679470        25105.2133147723     
   128.799996673533        25104.8405490093     
   128.899996667596        25104.4889238343     
   128.999996661660        25104.1572394773     
   129.099996655723        25103.8443603428     
   129.199996649786        25103.5492120548     
   129.299996643849        25103.2707783884     
   129.399996637912        25103.0080983338     
   129.499996631975        25102.7602632082     
   129.599996626039        25102.5264137314     
   129.699996620102        25102.3057373067     
   129.799996614165        25102.0974654431     
   129.899996608228        25101.9008712476     
   129.999996602291        25101.7152669766     
   130.099996596355        25101.5400018747     
   130.199996590418        25101.3744600616     
   130.299996584481        25101.2180585618     
   130.399996578544        25101.0702454234     
   130.499996572607        25100.9304980354     
   130.599996566670        25100.7983215099     
   130.699996560734        25100.6732472285     
   130.799996554797        25100.5548314615     
   130.899996548860        25100.4426540566     
   130.999996542923        25100.3363173265     
   131.099996536986        25100.2354449061     
   131.199996531050        25100.1396807400     
   131.299996525113        25100.0486881773     
   131.399996519176        25099.9621490668     
   131.499996513239        25099.8797629268     
   131.599996507302        25099.8012461792     
   131.699996501365        25099.7263314588     
   131.799996495429        25099.6547669573     
   131.899996489492        25099.5863155272     
   131.999996483555        25099.5207545926     
   132.099996477618        25099.4578749823     
   132.199996471681        25099.3974805050     
   132.299996465745        25099.3393873696     
   132.399996459808        25099.2834243395     
   132.499996453871        25099.2294309534     
   132.599996447934        25099.1772581273     
   132.699996441997        25099.1267669306     
   132.799996436060        25099.0778285434     
   132.899996430124        25099.0303235260     
   132.999996424187        25098.9841415785     
   133.099996418250        25098.9391807924     
   133.199996412313        25098.8953476100     
   133.299996406376        25098.8525560196     
   133.399996400440        25098.8107273622     
   133.499996394503        25098.7697900035     
   133.599996388566        25098.7296786384     
   133.699996382629        25098.6903342195     
   133.799996376692        25098.6517035396     
   133.899996370756        25098.6137387293     
   133.999996364819        25098.5763970725     
   134.099996358882        25098.5396406535     
   134.199996352945        25098.5034360291     
   134.299996347008        25098.4677539201     
   134.399996341071        25098.4325689138     
   134.499996335135        25098.3978591865     
   134.599996329198        25098.3636062938     
   134.699996323261        25098.3297948787     
   134.799996317324        25098.2964123467     
   134.899996311387        25098.2634487082     
   134.999996305451        25098.2308963606     
   135.099996299514        25098.1987497685     
   135.199996293577        25098.1670053751     
   135.299996287640        25098.1356613493     
   135.399996281703        25098.1047173175     
   135.499996275766        25098.0741742706     
   135.599996269830        25098.0440343578     
   135.699996263893        25098.0143007087     
   135.799996257956        25097.9849772759     
   135.899996252019        25097.9560687598     
   135.999996246082        25097.9275802825     
   136.099996240146        25097.8995174407     
   136.199996234209        25097.8718860828     
   136.299996228272        25097.8446922251     
   136.399996222335        25097.8179419295     
   136.499996216398        25097.7916412970     
   136.599996210461        25097.7657961938     
   136.699996204525        25097.7404122986     
   136.799996198588        25097.7154950456     
   136.899996192651        25097.6910494519     
   136.999996186714        25097.6670801889     
   137.099996180777        25097.6435914892     
   137.199996174841        25097.6205869824     
   137.299996168904        25097.5980698135     
   137.399996162967        25097.5760425902     
   137.499996157030        25097.5545072561     
   137.599996151093        25097.5334652106     
   137.699996145156        25097.5129172365     
   137.799996139220        25097.4928634037     
   137.899996133283        25097.4733032115     
   137.999996127346        25097.4542355078     
   138.099996121409        25097.4356584839     
   138.199996115472        25097.4175698184     
   138.299996109536        25097.3999664743     
   138.399996103599        25097.3828448614     
   138.499996097662        25097.3662008239     
   138.599996091725        25097.3500296288     
   138.699996085788        25097.3343260449     
   138.799996079851        25097.3190843469     
   138.899996073915        25097.3042983227     
   138.999996067978        25097.2899612664     
   139.099996062041        25097.2760661357     
   139.199996056104        25097.2626053755     
   139.299996050167        25097.2495711667     
   139.399996044231        25097.2369552696     
   139.499996038294        25097.2247493253     
   139.599996032357        25097.2129444941     
   139.699996026420        25097.2015318140     
   139.799996020483        25097.1905020068     
   139.899996014546        25097.1798457154     
   139.999996008610        25097.1695533823     
   140.099996002673        25097.1596153014     
   140.199995996736        25097.1500217090     
   140.299995990799        25097.1407628392     
   140.399995984862        25097.1318287671     
   140.499995978926        25097.1232095117     
   140.599995972989        25097.1148952217     
   140.699995967052        25097.1068759712     
   140.799995961115        25097.0991419686     
   140.899995955178        25097.0916834427     
   140.999995949241        25097.0844906537     
   141.099995943305        25097.0775540998     
   141.199995937368        25097.0708642931     
   141.299995931431        25097.0644120289     
   141.399995925494        25097.0581880319     
   141.499995919557        25097.0521833387     
   141.599995913621        25097.0463891434     
   141.699995907684        25097.0407968006     
   141.799995901747        25097.0353980245     
   141.899995895810        25097.0301845109     
   141.999995889873        25097.0251482079     
   142.099995883936        25097.0202815410     
   142.199995878000        25097.0155768188     
   142.299995872063        25097.0110267073     
   142.399995866126        25097.0066244149     
   142.499995860189        25097.0023629219     
   142.599995854252        25096.9982356924     
   142.699995848316        25096.9942364262     
   142.799995842379        25096.9903590610     
   142.899995836442        25096.9865977252     
   142.999995830505        25096.9829468752     
   143.099995824568        25096.9794011656     
   143.199995818631        25096.9759554885     
   143.299995812695        25096.9726049749     
   143.399995806758        25096.9693449914     
   143.499995800821        25096.9661711485     
   143.599995794884        25096.9630794619     
   143.699995788947        25096.9600657750     
   143.799995783011        25096.9571263355     
   143.899995777074        25096.9542576214     
   143.999995771137        25096.9514566109     
   144.099995765200        25096.9487198705     
   144.199995759263        25096.9460444516     
   144.299995753326        25096.9434279203     
   144.399995747390        25096.9408674675     
   144.499995741453        25096.9383606066     
   144.599995735516        25096.9359055466     
   144.699995729579        25096.9334997411     
   144.799995723642        25096.9311415453     
   144.899995717706        25096.9288291224     
   144.999995711769        25096.9265607049     
   145.099995705832        25096.9243350670     
   145.199995699895        25096.9221504219     
   145.299995693958        25096.9200060034     
   145.399995688021        25096.9179001017     
   145.499995682085        25096.9158321653     
   145.599995676148        25096.9138007589     
   145.699995670211        25096.9118053618     
   145.799995664274        25096.9098449484     
   145.899995658337        25096.9079188165     
   145.999995652401        25096.9060265150     
   146.099995646464        25096.9041670854     
   146.199995640527        25096.9023403654     
   146.299995634590        25096.9005457166     
   146.399995628653        25096.8987825393     
   146.499995622716        25096.8970507110     
   146.599995616780        25096.8953498516     
   146.699995610843        25096.8936794557     
   146.799995604906        25096.8920392517     
   146.899995598969        25096.8904291555     
   146.999995593032        25096.8888488995     
   147.099995587096        25096.8872981570     
   147.199995581159        25096.8857767148     
   147.299995575222        25096.8842843748     
   147.399995569285        25096.8828209697     
   147.499995563348        25096.8813863208     
   147.599995557411        25096.8799802517     
   147.699995551475        25096.8786026169     
   147.799995545538        25096.8772532418     
   147.899995539601        25096.8759318849     
   147.999995533664        25096.8746383766     
   148.099995527727        25096.8733725614     
   148.199995521791        25096.8721341711     
   148.299995515854        25096.8709230254     
   148.399995509917        25096.8697388629     
   148.499995503980        25096.8685814950     
   148.599995498043        25096.8674506909     
   148.699995492106        25096.8663464487     
   148.799995486170        25096.8652681911     
   148.899995480233        25096.8642155982     
   148.999995474296        25096.8631884977     
   149.099995468359        25096.8621869306     
   149.199995462422        25096.8612100759     
   149.299995456486        25096.8602577321     
   149.399995450549        25096.8593299821     
   149.499995444612        25096.8584259093     
   149.599995438675        25096.8575454720     
   149.699995432738        25096.8566884373     
   149.799995426802        25096.8558539676     
   149.899995420865        25096.8550423878     
   149.999995414928        25096.8542524954     
