   95.0999986742407        11990.5722903632     
   95.1999986683039        11990.5722903504     
   95.2999986623671        11990.5722903375     
   95.3999986564303        11990.5722903247     
   95.4999986504935        11990.5722903118     
   95.5999986445566        11990.5722902990     
   95.6999986386198        11990.5722902861     
   95.7999986326830        11990.5722902733     
   95.8999986267462        11990.5722902604     
   95.9999986208094        11990.5722902476     
   96.0999986148725        11990.5722902347     
   96.1999986089357        11990.5722902219     
   96.2999986029989        11990.5722902090     
   96.3999985970621        11990.5722901962     
   96.4999985911253        11990.5722901833     
   96.5999985851885        11990.5722901705     
   96.6999985792516        11990.5722901576     
   96.7999985733148        11990.5722901447     
   96.8999985673780        11990.5722901319     
   96.9999985614412        11990.5722901190     
   97.0999985555044        11990.5722901062     
   97.1999985495676        11990.5722900933     
   97.2999985436307        11990.5722900804     
   97.3999985376939        11990.5722900676     
   97.4999985317571        11990.5722900547     
   97.5999985258203        11990.5722900418     
   97.6999985198835        11990.5722900290     
   97.7999985139466        11990.5722900161     
   97.8999985080098        11990.5722900032     
   97.9999985020730        11990.5722899904     
   98.0999984961362        11990.5722899775     
   98.1999984901994        11990.5722899646     
   98.2999984842626        11990.5722899517     
   98.3999984783257        11990.5722899389     
   98.4999984723889        11990.5722899260     
   98.5999984664521        11990.5722899131     
   98.6999984605153        11990.5722899002     
   98.7999984545785        11990.5722898874     
   98.8999984486417        11990.5722898745     
   98.9999984427048        11990.5722898616     
   99.0999984367680        11990.5722898487     
   99.1999984308312        11990.5722898359     
   99.2999984248944        11990.5722898230     
   99.3999984189576        11990.5722898101     
   99.4999984130207        11990.5722897972     
   99.5999984070839        11990.5722897843     
   99.6999984011471        11990.5722897714     
   99.7999983952103        11990.5722897586     
   99.8999983892735        11990.5722897457     
   99.9999983833367        11990.5722897328     
   100.099998377400        12237.5488525082     
   100.199998371463        12366.0311322423     
   100.299998365526        12465.4780338386     
   100.399998359589        12546.1159190479     
   100.499998353653        12612.4308548571     
   100.599998347716        12667.3407057219     
   100.699998341779        12713.0253480146     
   100.799998335842        12751.1962239493     
   100.899998329905        12783.2269362127     
   100.999998323968        12810.2292749556     
   101.099998318032        12833.0948856988     
   101.199998312095        12852.5159849527     
   101.299998306158        12869.0055558611     
   101.399998300221        12882.9339258776     
   101.499998294284        12894.5786010423     
   101.599998288348        12904.1699249381     
   101.699998282411        12911.9201041578     
   101.799998276474        12918.0353076311     
   101.899998270537        12922.7169860190     
   101.999998264600        12926.1585013930     
   102.099998258663        12928.5408213404     
   102.199998252727        12930.0290322717     
   102.299998246790        12930.7702533967     
   102.399998240853        12930.8929405129     
   102.499998234916        12930.5073119487     
   102.599998228979        12929.7065572795     
   102.699998223043        12928.5685100245     
   102.799998217106        12927.1575249030     
   102.899998211169        12925.5263705162     
   102.999998205232        12923.7180147951     
   103.099998199295        12921.7672353493     
   103.199998193358        12919.7020269900     
   103.299998187422        12917.5448049417     
   103.399998181485        12915.3134173344     
   103.499998175548        12913.0219878007     
   103.599998169611        12910.6816112384     
   103.699998163674        12908.3009251974     
   103.799998157738        12905.8865773325     
   103.899998151801        12903.4436067839     
   103.999998145864        12900.9757547190     
   104.099998139927        12898.4857168010     
   104.199998133990        12895.9753481851     
   104.299998128054        12893.4458297736     
   104.399998122117        12890.8978028951     
   104.499998116180        12888.3314782808     
   104.599998110243        12885.7467241013     
   104.699998104306        12883.1431370300     
   104.799998098369        12880.5200994690     
   104.899998092433        12877.8768255879     
   104.999998086496        12875.2123982972     
   105.099998080559        12872.5257988937     
   105.199998074622        12869.8159308053     
   105.299998068685        12867.0816386206     
   105.399998062749        12864.3217233391     
   105.499998056812        12861.5349546424     
   105.599998050875        12858.7200808245     
   105.699998044938        12855.8758369067     
   105.799998039001        12853.0009513687     
   105.899998033064        12850.0941518383     
   105.999998027128        12847.1541700239     
   106.099998021191        12844.1797461044     
   106.199998015254        12841.1696327506     
   106.299998009317        12838.1225989019     
   106.399998003380        12835.0374333842     
   106.499997997444        12831.9129484345     
   106.599997991507        12828.7479831503     
   106.699997985570        12825.5414068791     
   106.799997979633        12822.2921225275     
   106.899997973696        12818.9990697752     
   106.999997967759        12815.6612281391     
   107.099997961823        12812.2776198693     
   107.199997955886        12808.8473126126     
   107.299997949949        12805.3694218153     
   107.399997944012        12801.8431128238     
   107.499997938075        12798.2676026539     
   107.599997932139        12794.6421614109     
   107.699997926202        12790.9661133589     
   107.799997920265        12787.2388376182     
   107.899997914328        12783.4597685369     
   107.999997908391        12779.6283957261     
   108.099997902454        12775.7442638239     
   108.199997896518        12771.8069719869     
   108.299997890581        12767.8161731908     
   108.399997884644        12763.7715733635     
   108.499997878707        12759.6729303474     
   108.599997872770        12755.5200529303     
   108.699997866834        12751.3127997000     
   108.799997860897        12747.0510779724     
   108.899997854960        12742.7348427778     
   108.999997849023        12738.3640959048     
   109.099997843086        12733.9388850457     
   109.199997837149        12729.4593030622     
   109.299997831213        12724.9254873817     
   109.399997825276        12720.3376195237     
   109.499997819339        12715.6959247678     
   109.599997813402        12711.0006719550     
   109.699997807465        12706.2521734112     
   109.799997801529        12701.4507849893     
   109.899997795592        12696.5969062171     
   109.999997789655        12691.6909805305     
   110.099997783718        12686.7334955793     
   110.199997777781        12681.7249835918     
   110.299997771844        12676.6660217724     
   110.399997765908        12671.5572327270     
   110.499997759971        12666.3992848860     
   110.599997754034        12661.1928929207     
   110.699997748097        12655.9388181293     
   110.799997742160        12650.6378687826     
   110.899997736224        12645.2909004127     
   110.999997730287        12639.8988160389     
   111.099997724350        12634.4625663108     
   111.199997718413        12628.9831495676     
   111.299997712476        12623.4616118006     
   111.399997706539        12617.8990465120     
   111.499997700603        12612.2965944656     
   111.599997694666        12606.6554433242     
   111.699997688729        12600.9768271684     
   111.799997682792        12595.2620258950     
   111.899997676855        12589.5123644950     
   111.999997670919        12583.7292122061     
   112.099997664982        12577.9139815434     
   112.199997659045        12572.0681272075     
   112.299997653108        12566.1931448712     
   112.399997647171        12560.2905698464     
   112.499997641234        12554.3619756359     
   112.599997635298        12548.4089723723     
   112.699997629361        12542.4332051456     
   112.799997623424        12536.4363522292     
   112.899997617487        12530.4201232032     
   112.999997611550        12524.3862569851     
   113.099997605614        12518.3365197705     
   113.199997599677        12512.2727028904     
   113.299997593740        12506.1966205940     
   113.399997587803        12500.1101077592     
   113.499997581866        12494.0150175381     
   113.599997575929        12487.9132189657     
   113.699997569993        12481.8065944785     
   113.799997564056        12475.6970374364     
   113.899997558119        12469.5864495883     
   113.999997552182        12463.4767385156     
   114.099997546245        12457.3698150593     
   114.199997540309        12451.2675907368     
   114.299997534372        12445.1719751551     
   114.399997528435        12439.0848734306     
   114.499997522498        12433.0081836217     
   114.599997516561        12426.9437941816     
   114.699997510624        12420.8935814388     
   114.799997504688        12414.8594071133     
   114.899997498751        12408.8431158741     
   114.999997492814        12402.8465329462     
   115.099997486877        12396.8714617720     
   115.199997480940        12390.9196817348     
   115.299997475004        12384.9929459495     
   115.399997469067        12379.0929791257     
   115.499997463130        12373.2214755095     
   115.599997457193        12367.3800969069     
   115.699997451256        12361.5704707970     
   115.799997445319        12355.7941885324     
   115.899997439383        12350.0528036386     
   115.999997433446        12344.3478302088     
   116.099997427509        12338.6807414015     
   116.199997421572        12333.0529680379     
   116.299997415635        12327.4658973090     
   116.399997409699        12321.9208715868     
   116.499997403762        12316.4191873412     
   116.599997397825        12310.9620941697     
   116.699997391888        12305.5507939320     
   116.799997385951        12300.1864399956     
   116.899997380014        12294.8701365866     
   116.999997374078        12289.6029382505     
   117.099997368141        12284.3858494166     
   117.199997362204        12279.2198240673     
   117.299997356267        12274.1057655103     
   117.399997350330        12269.0445262503     
   117.499997344394        12264.0369079591     
   117.599997338457        12259.0836615387     
   117.699997332520        12254.1854872790     
   117.799997326583        12249.3430351031     
   117.899997320646        12244.5569048987     
   117.999997314709        12239.8276469287     
   118.099997308773        12235.1557623243     
   118.199997302836        12230.5417036500     
   118.299997296899        12225.9858755391     
   118.399997290962        12221.4886353961     
   118.499997285025        12217.0502941660     
   118.599997279089        12212.6711171447     
   118.699997273152        12208.3513248929     
   118.799997267215        12204.0910940689     
   118.899997261278        12199.8905585895     
   118.999997255341        12195.7498104088     
   119.099997249404        12191.6689007503     
   119.199997243468        12187.6478411275     
   119.299997237531        12183.6866044697     
   119.399997231594        12179.7851262654     
   119.499997225657        12175.9433057303     
   119.599997219720        12172.1610069921     
   119.699997213784        12168.4380602955     
   119.799997207847        12164.7742632080     
   119.899997201910        12161.1693818484     
   119.999997195973        12157.6231521094     
   120.099997190036        12154.1352808899     
   120.199997184100        12150.7054473229     
   120.299997178163        12147.3333040027     
   120.399997172226        12144.0184782056     
   120.499997166289        12140.7605731034     
   120.599997160352        12137.5591689643     
   120.699997154415        12134.4138243460     
   120.799997148479        12131.3240772680     
   120.899997142542        12128.2894463746     
   120.999997136605        12125.3094320755     
   121.099997130668        12122.3835176673     
   121.199997124731        12119.5111704364     
   121.299997118795        12116.6918427394     
   121.399997112858        12113.9249730573     
   121.499997106921        12111.2099870288     
   121.599997100984        12108.5462984567     
   121.699997095047        12105.9333102895     
   121.799997089110        12103.3704155763     
   121.899997083174        12100.8569983930     
   121.999997077237        12098.3924347416     
   122.099997071300        12095.9760934235     
   122.199997065363        12093.6073368830     
   122.299997059426        12091.2855220209     
   122.399997053490        12089.0100009813     
   122.499997047553        12086.7801219122     
   122.599997041616        12084.5952296910     
   122.699997035679        12082.4546666299     
   122.799997029742        12080.3577731471     
   122.899997023805        12078.3038884110     
   122.999997017869        12076.2923509602     
   123.099997011932        12074.3224992924     
   123.199997005995        12072.3936724276     
   123.299997000058        12070.5052104461     
   123.399996994121        12068.6564549989     
   123.499996988185        12066.8467497933     
   123.599996982248        12065.0754410519     
   123.699996976311        12063.3418779522     
   123.799996970374        12061.6454130342     
   123.899996964437        12059.9854025937     
   123.999996958500        12058.3612070449     
   124.099996952564        12056.7721912666     
   124.199996946627        12055.2177249242     
   124.299996940690        12053.6971827709     
   124.399996934753        12052.2099449315     
   124.499996928816        12050.7553971632     
   124.599996922880        12049.3329310985     
   124.699996916943        12047.9419444710     
   124.799996911006        12046.5818413234     
   124.899996905069        12045.2520321978     
   124.999996899132        12043.9519343089     
   125.099996893195        12042.6809717052     
   125.199996887259        12041.4385754091     
   125.299996881322        12040.2241835504     
   125.399996875385        12039.0372414772     
   125.499996869448        12037.8772018612     
   125.599996863511        12036.7435247852     
   125.699996857575        12035.6356778213     
   125.799996851638        12034.5531360969     
   125.899996845701        12033.4953823481     
   125.999996839764        12032.4619069655     
   126.099996833827        12031.4522080279     
   126.199996827890        12030.4657913276     
   126.299996821954        12029.5021703849     
   126.399996816017        12028.5608664564     
   126.499996810080        12027.6414085364     
   126.599996804143        12026.7433333455     
   126.699996798206        12025.8661853166     
   126.799996792270        12025.0095165741     
   126.899996786333        12024.1728869024     
   126.999996780396        12023.3558637150     
   127.099996774459        12022.5580220139     
   127.199996768522        12021.7789443416     
   127.299996762585        12021.0182207345     
   127.399996756649        12020.2754486679     
   127.499996750712        12019.5502329950     
   127.599996744775        12018.8421858880     
   127.699996738838        12018.1509267683     
   127.799996732901        12017.4760822389     
   127.899996726965        12016.8172860123     
   127.999996721028        12016.1741788331     
   128.099996715091        12015.5464084029     
   128.199996709154        12014.9336292975     
   128.299996703217        12014.3355028870     
   128.399996697280        12013.7516972480     
   128.499996691344        12013.1818870831     
   128.599996685407        12012.6257536283     
   128.699996679470        12012.0829845669     
   128.799996673533        12011.5532739404     
   128.899996667596        12011.0363220573     
   128.999996661660        12010.5318354008     
   129.099996655723        12010.0395265337     
   129.199996649786        12009.5591140161     
   129.299996643849        12009.0903222997     
   129.399996637912        12008.6328816410     
   129.499996631975        12008.1865280097     
   129.599996626039        12007.7510029897     
   129.699996620102        12007.3260536897     
   129.799996614165        12006.9114326496     
   129.899996608228        12006.5068977450     
   129.999996602291        12006.1122120970     
   130.099996596355        12005.7271439794     
   130.199996590418        12005.3514667264     
   130.299996584481        12004.9849586432     
   130.399996578544        12004.6274029114     
   130.499996572607        12004.2785875038     
   130.599996566670        12003.9383050937     
   130.699996560734        12003.6063529648     
   130.799996554797        12003.2825329266     
   130.899996548860        12002.9666512224     
   130.999996542923        12002.6585184533     
   131.099996536986        12002.3579494841     
   131.199996531050        12002.0647633638     
   131.299996525113        12001.7787832404     
   131.399996519176        12001.4998362823     
   131.499996513239        12001.2277535959     
   131.599996507302        12000.9623701467     
   131.699996501365        12000.7035246801     
   131.799996495429        12000.4510596419     
   131.899996489492        12000.2048211057     
   131.999996483555        11999.9646586993     
   132.099996477618        11999.7304255238     
   132.199996471681        11999.5019780822     
   132.299996465745        11999.2791762160     
   132.399996459808        11999.0618830254     
   132.499996453871        11998.8499648020     
   132.599996447934        11998.6432909669     
   132.699996441997        11998.4417339861     
   132.799996436060        11998.2451693336     
   132.899996430124        11998.0534753956     
   132.999996424187        11997.8665334281     
   133.099996418250        11997.6842274841     
   133.199996412313        11997.5064443518     
   133.299996406376        11997.3330735081     
   133.399996400440        11997.1640070372     
   133.499996394503        11996.9991395937     
   133.599996388566        11996.8383683262     
   133.699996382629        11996.6815928442     
   133.799996376692        11996.5287151340     
   133.899996370756        11996.3796395359     
   133.999996364819        11996.2342726681     
   134.099996358882        11996.0925233859     
   134.199996352945        11995.9543027360     
   134.299996347008        11995.8195238855     
   134.399996341071        11995.6881020984     
   134.499996335135        11995.5599546775     
   134.599996329198        11995.4350009025     
   134.699996323261        11995.3131620241     
   134.799996317324        11995.1943611685     
   134.899996311387        11995.0785233320     
   134.999996305451        11994.9655753287     
   135.099996299514        11994.8554457375     
   135.199996293577        11994.7480648638     
   135.299996287640        11994.6433647206     
   135.399996281703        11994.5412789596     
   135.499996275766        11994.4417428355     
   135.599996269830        11994.3446932062     
   135.699996263893        11994.2500684455     
   135.799996257956        11994.1578084317     
   135.899996252019        11994.0678545137     
   135.999996246082        11993.9801494754     
   136.099996240146        11993.8946374964     
   136.199996234209        11993.8112641097     
   136.299996228272        11993.7299761973     
   136.399996222335        11993.6507219373     
   136.499996216398        11993.5734507804     
   136.599996210461        11993.4981134026     
   136.699996204525        11993.4246617039     
   136.799996198588        11993.3530487688     
   136.899996192651        11993.2832288289     
   136.999996186714        11993.2151572422     
   137.099996180777        11993.1487904504     
   137.199996174841        11993.0840859946     
   137.299996168904        11993.0210024516     
   137.399996162967        11992.9594994130     
   137.499996157030        11992.8995374760     
   137.599996151093        11992.8410781935     
   137.699996145156        11992.7840840849     
   137.799996139220        11992.7285185962     
   137.899996133283        11992.6743460729     
   137.999996127346        11992.6215317368     
   138.099996121409        11992.5700416821     
   138.199996115472        11992.5198428185     
   138.299996109536        11992.4709029001     
   138.399996103599        11992.4231904743     
   138.499996097662        11992.3766748710     
   138.599996091725        11992.3313261657     
   138.699996085788        11992.2871151993     
   138.799996079851        11992.2440135117     
   138.899996073915        11992.2019933568     
   138.999996067978        11992.1610276837     
   139.099996062041        11992.1210901279     
   139.199996056104        11992.0821549481     
   139.299996050167        11992.0441970680     
   139.399996044231        11992.0071920312     
   139.499996038294        11991.9711159822     
   139.599996032357        11991.9359456495     
   139.699996026420        11991.9016583821     
   139.799996020483        11991.8682320365     
   139.899996014546        11991.8356450549     
   139.999996008610        11991.8038764229     
   140.099996002673        11991.7729056432     
   140.199995996736        11991.7427126981     
   140.299995990799        11991.7132781337     
   140.399995984862        11991.6845829139     
   140.499995978926        11991.6566085312     
   140.599995972989        11991.6293369056     
   140.699995967052        11991.6027504147     
   140.799995961115        11991.5768318812     
   140.899995955178        11991.5515645624     
   140.999995949241        11991.5269321383     
   141.099995943305        11991.5029186432     
   141.199995937368        11991.4795086138     
   141.299995931431        11991.4566868637     
   141.399995925494        11991.4344386618     
   141.499995919557        11991.4127496191     
   141.599995913621        11991.3916057036     
   141.699995907684        11991.3709932387     
   141.799995901747        11991.3508988956     
   141.899995895810        11991.3313096388     
   141.999995889873        11991.3122128234     
   142.099995883936        11991.2935960907     
   142.199995878000        11991.2754473720     
   142.299995872063        11991.2577549239     
   142.399995866126        11991.2405073107     
   142.499995860189        11991.2236933536     
   142.599995854252        11991.2073021510     
   142.699995848316        11991.1913230892     
   142.799995842379        11991.1757458245     
   142.899995836442        11991.1605602633     
   142.999995830505        11991.1457565789     
   143.099995824568        11991.1313251923     
   143.199995818631        11991.1172567524     
   143.299995812695        11991.1035420891     
   143.399995806758        11991.0901724069     
   143.499995800821        11991.0771389318     
   143.599995794884        11991.0644333200     
   143.699995788947        11991.0520472667     
   143.799995783011        11991.0399727570     
   143.899995777074        11991.0282019884     
   143.999995771137        11991.0167273190     
   144.099995765200        11991.0055413015     
   144.199995759263        11990.9946366776     
   144.299995753326        11990.9840063731     
   144.399995747390        11990.9736434925     
   144.499995741453        11990.9635413176     
   144.599995735516        11990.9536932992     
   144.699995729579        11990.9440930562     
   144.799995723642        11990.9347343721     
   144.899995717706        11990.9256111757     
   144.999995711769        11990.9167174633     
   145.099995705832        11990.9080475720     
   145.199995699895        11990.8995958448     
   145.299995693958        11990.8913567425     
   145.399995688021        11990.8833250205     
   145.499995682085        11990.8754953307     
   145.599995676148        11990.8678627239     
   145.699995670211        11990.8604221585     
   145.799995664274        11990.8531688321     
   145.899995658337        11990.8460980945     
   145.999995652401        11990.8392052317     
   146.099995646464        11990.8324858467     
   146.199995640527        11990.8259355978     
   146.299995634590        11990.8195502214     
   146.399995628653        11990.8133255011     
   146.499995622716        11990.8072574410     
   146.599995616780        11990.8013421073     
   146.699995610843        11990.7955756617     
   146.799995604906        11990.7899543543     
   146.899995598969        11990.7844745319     
   146.999995593032        11990.7791326343     
   147.099995587096        11990.7739251898     
   147.199995581159        11990.7688488174     
   147.299995575222        11990.7639002222     
   147.399995569285        11990.7590761916     
   147.499995563348        11990.7543735912     
   147.599995557411        11990.7497893634     
   147.699995551475        11990.7453205300     
   147.799995545538        11990.7409641236     
   147.899995539601        11990.7367173947     
   147.999995533664        11990.7325775985     
   148.099995527727        11990.7285420245     
   148.199995521791        11990.7246080035     
   148.299995515854        11990.7207729749     
   148.399995509917        11990.7170345458     
   148.499995503980        11990.7133902391     
   148.599995498043        11990.7098375742     
   148.699995492106        11990.7063744169     
   148.799995486170        11990.7029984651     
   148.899995480233        11990.6997073837     
   148.999995474296        11990.6964992568     
   149.099995468359        11990.6933718307     
   149.199995462422        11990.6903231533     
   149.299995456486        11990.6873512601     
   149.399995450549        11990.6844540924     
   149.499995444612        11990.6816299657     
   149.599995438675        11990.6788768126     
   149.699995432738        11990.6761930905     
   149.799995426802        11990.6735768101     
   149.899995420865        11990.6710265126     
   149.999995414928        11990.6685402989     
