   95.0999986742407       -34819.3258917737     
   95.1999986683039       -34819.3258917857     
   95.2999986623671       -34819.3258917977     
   95.3999986564303       -34819.3258918097     
   95.4999986504935       -34819.3258918217     
   95.5999986445566       -34819.3258918337     
   95.6999986386198       -34819.3258918457     
   95.7999986326830       -34819.3258918577     
   95.8999986267462       -34819.3258918698     
   95.9999986208094       -34819.3258918818     
   96.0999986148725       -34819.3258918938     
   96.1999986089357       -34819.3258919058     
   96.2999986029989       -34819.3258919178     
   96.3999985970621       -34819.3258919298     
   96.4999985911253       -34819.3258919419     
   96.5999985851885       -34819.3258919539     
   96.6999985792516       -34819.3258919659     
   96.7999985733148       -34819.3258919779     
   96.8999985673780       -34819.3258919900     
   96.9999985614412       -34819.3258920020     
   97.0999985555044       -34819.3258920140     
   97.1999985495676       -34819.3258920260     
   97.2999985436307       -34819.3258920381     
   97.3999985376939       -34819.3258920501     
   97.4999985317571       -34819.3258920621     
   97.5999985258203       -34819.3258920742     
   97.6999985198835       -34819.3258920862     
   97.7999985139466       -34819.3258920982     
   97.8999985080098       -34819.3258921102     
   97.9999985020730       -34819.3258921223     
   98.0999984961362       -34819.3258921343     
   98.1999984901994       -34819.3258921463     
   98.2999984842626       -34819.3258921584     
   98.3999984783257       -34819.3258921704     
   98.4999984723889       -34819.3258921825     
   98.5999984664521       -34819.3258921945     
   98.6999984605153       -34819.3258922065     
   98.7999984545785       -34819.3258922186     
   98.8999984486417       -34819.3258922306     
   98.9999984427048       -34819.3258922427     
   99.0999984367680       -34819.3258922547     
   99.1999984308312       -34819.3258922667     
   99.2999984248944       -34819.3258922788     
   99.3999984189576       -34819.3258922908     
   99.4999984130207       -34819.3258923029     
   99.5999984070839       -34819.3258923149     
   99.6999984011471       -34819.3258923270     
   99.7999983952103       -34819.3258923390     
   99.8999983892735       -34819.3258923511     
   99.9999983833367       -34819.3258923631     
   100.099998377400       -33273.6595204894     
   100.199998371463       -32530.4765206724     
   100.299998365526       -31905.9261730915     
   100.399998359589       -31369.2455980563     
   100.499998353653       -30899.3426444068     
   100.599998347716       -30481.5582878852     
   100.699998341779       -30105.5507271669     
   100.799998335842       -29763.8780310965     
   100.899998329905       -29451.1184762724     
   100.999998323968       -29163.2244542782     
   101.099998318032       -28897.0234696492     
   101.199998312095       -28649.8945444459     
   101.299998306158       -28419.6080689286     
   101.399998300221       -28204.2681994234     
   101.499998294284       -28002.2838661021     
   101.599998288348       -27812.3289013359     
   101.699998282411       -27633.2923937108     
   101.799998276474       -27464.2319647752     
   101.899998270537       -27304.3363358764     
   101.999998264600       -27152.8966777238     
   102.099998258663       -27009.2837404954     
   102.199998252727       -26872.9282874271     
   102.299998246790       -26743.3041111161     
   102.399998240853       -26619.9148255690     
   102.499998234916       -26502.2867527636     
   102.599998228979       -26389.9695684496     
   102.699998223043       -26282.5437582126     
   102.799998217106       -26179.6308635684     
   102.899998211169       -26080.9013211375     
   102.999998205232       -25986.0763882781     
   103.099998199295       -25894.9238356265     
   103.199998193358       -25807.2495706970     
   103.299998187422       -25722.8880608578     
   103.399998181485       -25641.6937375485     
   103.499998175548       -25563.5344259893     
   103.599998169611       -25488.2869243459     
   103.699998163674       -25415.8343598926     
   103.799998157738       -25346.0648008457     
   103.899998151801       -25278.8706487891     
   103.999998145864       -25214.1484553326     
   104.099998139927       -25151.7989286298     
   104.199998133990       -25091.7269924257     
   104.299998128054       -25033.8418273327     
   104.399998122117       -24978.0568656008     
   104.499998116180       -24924.2897339303     
   104.599998110243       -24872.4621503127     
   104.699998104306       -24822.4997852580     
   104.799998098369       -24774.3320983827     
   104.899998092433       -24727.8921601069     
   104.999998086496       -24683.1164663536     
   105.099998080559       -24639.9447522148     
   105.199998074622       -24598.3198088400     
   105.299998068685       -24558.1873064288     
   105.399998062749       -24519.4956250936     
   105.499998056812       -24482.1956946219     
   105.599998050875       -24446.2408435416     
   105.699998044938       -24411.5866575447     
   105.799998039001       -24378.1908470441     
   105.899998033064       -24346.0131234891     
   105.999998027128       -24315.0150839614     
   106.099998021191       -24285.1601035439     
   106.199998015254       -24256.4132349201     
   106.299998009317       -24228.7411146937     
   106.399998003380       -24202.1118759105     
   106.499997997444       -24176.4950663202     
   106.599997991507       -24151.8615719209     
   106.699997985570       -24128.1835453801     
   106.799997979633       -24105.4343389518     
   106.899997973696       -24083.5884415356     
   106.999997967759       -24062.6214195623     
   107.099997961823       -24042.5098614070     
   107.199997955886       -24023.2313250702     
   107.299997949949       -24004.7642888752     
   107.399997944012       -23987.0881049582     
   107.499997938075       -23970.1829553524     
   107.599997932139       -23954.0298104788     
   107.699997926202       -23938.6103898599     
   107.799997920265       -23923.9071249198     
   107.899997914328       -23909.9031237106     
   107.999997908391       -23896.5821374485     
   108.099997902454       -23883.9285287176     
   108.199997896518       -23871.9272412586     
   108.299997890581       -23860.5637712135     
   108.399997884644       -23849.8241397523     
   108.499997878707       -23839.6948669832     
   108.599997872770       -23830.1629470803     
   108.699997866834       -23821.2158245348     
   108.799997860897       -23812.8413714867     
   108.899997854960       -23805.0278660567     
   108.999997849023       -23797.7639716304     
   109.099997843086       -23791.0387170430     
   109.199997837149       -23784.8414776041     
   109.299997831213       -23779.1619569334     
   109.399997825276       -23773.9901695579     
   109.499997819339       -23769.3164242367     
   109.599997813402       -23765.1313079647     
   109.699997807465       -23761.4256706457     
   109.799997801529       -23758.1906103875     
   109.899997795592       -23755.4174594001     
   109.999997789655       -23753.0977704626     
   110.099997783718       -23751.2233039499     
   110.199997777781       -23749.7860153897     
   110.299997771844       -23748.7780435198     
   110.399997765908       -23748.1916988548     
   110.499997759971       -23748.0194527120     
   110.599997754034       -23748.2539267142     
   110.699997748097       -23748.8878827236     
   110.799997742160       -23749.9142132302     
   110.899997736224       -23751.3259321382     
   110.999997730287       -23753.1161659917     
   111.099997724350       -23755.2781455702     
   111.199997718413       -23757.8051978976     
   111.299997712476       -23760.6907386360     
   111.399997706539       -23763.9282648394     
   111.499997700603       -23767.5113480767     
   111.599997694666       -23771.4336279380     
   111.699997688729       -23775.6888058619     
   111.799997682792       -23780.2706393246     
   111.899997676855       -23785.1729363846     
   111.999997670919       -23790.3895505265     
   112.099997664982       -23795.9143758764     
   112.199997659045       -23801.7413427008     
   112.299997653108       -23807.8644132531     
   112.399997647171       -23814.2775779155     
   112.499997641234       -23820.9748516552     
   112.599997635298       -23827.9502707785     
   112.699997629361       -23835.1978899798     
   112.799997623424       -23842.7117796830     
   112.899997617487       -23850.4860236572     
   112.999997611550       -23858.5147169311     
   113.099997605614       -23866.7919639479     
   113.199997599677       -23875.3118770156     
   113.299997593740       -23884.0685749845     
   113.399997587803       -23893.0561822135     
   113.499997581866       -23902.2688277407     
   113.599997575929       -23911.7006447123     
   113.699997569993       -23921.3457700498     
   113.799997564056       -23931.1983443119     
   113.899997558119       -23941.2525117922     
   113.999997552182       -23951.5024208126     
   114.099997546245       -23961.9422242174     
   114.199997540309       -23972.5660800491     
   114.299997534372       -23983.3681524102     
   114.399997528435       -23994.3426124988     
   114.499997522498       -24005.4836397962     
   114.599997516561       -24016.7854234102     
   114.699997510624       -24028.2421635714     
   114.799997504688       -24039.8480732471     
   114.899997498751       -24051.5973798928     
   114.999997492814       -24063.4843273012     
   115.099997486877       -24075.5031775902     
   115.199997480940       -24087.6482132439     
   115.299997475004       -24099.9137392723     
   115.399997469067       -24112.2940854283     
   115.499997463130       -24124.7836085105     
   115.599997457193       -24137.3766947012     
   115.699997451256       -24150.0677619754     
   115.799997445319       -24162.8512625303     
   115.899997439383       -24175.7216852618     
   115.999997433446       -24188.6735582588     
   116.099997427509       -24201.7014512979     
   116.199997421572       -24214.7999783637     
   116.299997415635       -24227.9638001554     
   116.399997409699       -24241.1876265783     
   116.499997403762       -24254.4662192330     
   116.599997397825       -24267.7943938671     
   116.699997391888       -24281.1670227934     
   116.799997385951       -24294.5790372806     
   116.899997380014       -24308.0254298809     
   116.999997374078       -24321.5012567365     
   117.099997368141       -24335.0016397940     
   117.199997362204       -24348.5217689788     
   117.299997356267       -24362.0569042996     
   117.399997350330       -24375.6023778788     
   117.499997344394       -24389.1535959029     
   117.599997338457       -24402.7060405127     
   117.699997332520       -24416.2552715728     
   117.799997326583       -24429.7969283924     
   117.899997320646       -24443.3267313418     
   117.999997314709       -24456.8404833738     
   118.099997308773       -24470.3340714561     
   118.199997302836       -24483.8034679055     
   118.299997296899       -24497.2447316273     
   118.399997290962       -24510.6540092545     
   118.499997285025       -24524.0275361879     
   118.599997279089       -24537.3616375371     
   118.699997273152       -24550.6527289609     
   118.799997267215       -24563.8973174045     
   118.899997261278       -24577.0920017379     
   118.999997255341       -24590.2334733119     
   119.099997249404       -24603.3185163669     
   119.199997243468       -24616.3440084163     
   119.299997237531       -24629.3069204590     
   119.399997231594       -24642.2043171425     
   119.499997225657       -24655.0333568320     
   119.599997219720       -24667.7912915576     
   119.699997213784       -24680.4754668945     
   119.799997207847       -24693.0833217616     
   119.899997201910       -24705.6123881073     
   119.999997195973       -24718.0602905211     
   120.099997190036       -25833.5045208631     
   120.199997184100       -26332.2829489277     
   120.299997178163       -26819.6867177188     
   120.399997172226       -27298.1358529351     
   120.499997166289       -27768.0869875702     
   120.599997160352       -28229.6424824116     
   120.699997154415       -28682.5630027280     
   120.799997148479       -29126.2502409138     
   120.899997142542       -29559.6731610695     
   120.999997136605       -29981.2046414719     
   121.099997130668       -30388.6124929291     
   121.199997124731       -30779.9923287184     
   121.299997118795       -31154.8922028155     
   121.399997112858       -31513.2568648276     
   121.499997106921       -31854.0529704212     
   121.599997100984       -32175.4830165556     
   121.699997095047       -32475.6883148459     
   121.799997089110       -32753.2113766779     
   121.899997083174       -33007.1929688933     
   121.999997077237       -33237.3916618723     
   122.099997071300       -33444.1190311794     
   122.199997065363       -33628.1528811228     
   122.299997059426       -33790.6471768457     
   122.399997053490       -33933.0395577362     
   122.499997047553       -34056.9584865308     
   122.599997041616       -34164.1354197420     
   122.699997035679       -34256.3276129459     
   122.799997029742       -34335.2552947117     
   122.899997023805       -34402.5545739737     
   122.999997017869       -34459.7454727340     
   123.099997011932       -34508.2131905467     
   123.199997005995       -34549.2000854953     
   123.299997000058       -34583.8057430627     
   123.399996994121       -34612.9927167480     
   123.499996988185       -34637.5959041705     
   123.599996982248       -34658.3339549091     
   123.699996976311       -34675.8215196872     
   123.799996970374       -34690.5815076655     
   123.899996964437       -34703.0568062800     
   123.999996958500       -34713.6211373182     
   124.099996952564       -34722.5888821486     
   124.199996946627       -34730.2238193031     
   124.299996940690       -34736.7467900731     
   124.399996934753       -34742.3423522679     
   124.499996928816       -34747.1645068627     
   124.599996922880       -34751.3415932098     
   124.699996916943       -34754.9804504914     
   124.799996911006       -34758.1699395362     
   124.899996905069       -34760.9839123734     
   124.999996899132       -34763.4837085711     
   125.099996893195       -34765.7202485455     
   125.199996887259       -34767.7357852865     
   125.299996881322       -34769.5653677243     
   125.399996875385       -34771.2380614586     
   125.499996869448       -34772.7779658453     
   125.599996863511       -34774.2050605941     
   125.699996857575       -34775.5359097694     
   125.799996851638       -34776.7842468703     
   125.899996845701       -34777.9614607188     
   125.999996839764       -34779.0769987512     
   126.099996833827       -34780.1387016112     
   126.199996827890       -34781.1530805943     
   126.299996821954       -34782.1255476296     
   126.399996816017       -34783.0606058631     
   126.499996810080       -34783.9620074680     
   126.599996804143       -34784.8328843921     
   126.699996798206       -34785.6758564903     
   126.799996792270       -34786.4931210681     
   126.899996786333       -34787.2865269045     
   126.999996780396       -34788.0576354869     
   127.099996774459       -34788.8077716002     
   127.199996768522       -34789.5380651086     
   127.299996762585       -34790.2494854865     
   127.399996756649       -34790.9428703891     
   127.499996750712       -34791.6189489458     
   127.599996744775       -34792.2783613681     
   127.699996738838       -34792.9216748246     
   127.799996732901       -34793.5493965277     
   127.899996726965       -34794.1619846108     
   127.999996721028       -34794.7598571955     
   128.099996715091       -34795.3433992129     
   128.199996709154       -34795.9129689275     
   128.299996703217       -34796.4689025886     
   128.399996697280       -34797.0115184567     
   128.499996691344       -34797.5411200951     
   128.599996685407       -34798.0579990575     
   128.699996679470       -34798.5624372604     
   128.799996673533       -34799.0547083204     
   128.899996667596       -34799.5350793486     
   128.999996661660       -34800.0038120556     
   129.099996655723       -34800.4611634670     
   129.199996649786       -34800.9073868557     
   129.299996643849       -34801.3427323332     
   129.399996637912       -34801.7674469287     
   129.499996631975       -34802.1817755423     
   129.599996626039       -34802.5859606416     
   129.699996620102       -34802.9802425242     
   129.799996614165       -34803.3648596674     
   129.899996608228       -34803.7400486891     
   129.999996602291       -34804.1060439767     
   130.099996596355       -34804.4630780332     
   130.199996590418       -34804.8113812932     
   130.299996584481       -34805.1511820506     
   130.399996578544       -34805.4827061307     
   130.499996572607       -34805.8061767864     
   130.599996566670       -34806.1218145589     
   130.699996560734       -34806.4298370542     
   130.799996554797       -34806.7304586975     
   130.899996548860       -34807.0238904726     
   130.999996542923       -34807.3103396985     
   131.099996536986       -34807.5900097513     
   131.199996531050       -34807.8630998068     
   131.299996525113       -34808.1298045991     
   131.399996519176       -34808.3903141583     
   131.499996513239       -34808.6448135655     
   131.599996507302       -34808.8934827248     
   131.699996501365       -34809.1364961700     
   131.799996495429       -34809.3740229125     
   131.899996489492       -34809.6062261659     
   131.999996483555       -34809.8332634580     
   132.099996477618       -34810.0552859622     
   132.199996471681       -34810.2724389654     
   132.299996465745       -34810.4848617501     
   132.399996459808       -34810.6926873517     
   132.499996453871       -34810.8960425319     
   132.599996447934       -34811.0950485198     
   132.699996441997       -34811.2898197480     
   132.799996436060       -34811.4804656353     
   132.899996430124       -34811.6670890908     
   132.999996424187       -34811.8497882749     
   133.099996418250       -34812.0286551469     
   133.199996412313       -34812.2037774742     
   133.299996406376       -34812.3752373783     
   133.399996400440       -34812.5431126247     
   133.499996394503       -34812.7074769829     
   133.599996388566       -34812.8683996335     
   133.699996382629       -34813.0259461464     
   133.799996376692       -34813.1801790392     
   133.899996370756       -34813.3311571241     
   133.999996364819       -34813.4789364596     
   134.099996358882       -34813.6235705509     
   134.199996352945       -34813.7651108349     
   134.299996347008       -34813.9036062960     
   134.399996341071       -34814.0391042593     
   134.499996335135       -34814.1716504034     
   134.599996329198       -34814.3012891779     
   134.699996323261       -34814.4280640870     
   134.799996317324       -34814.5520173303     
   134.899996311387       -34814.6731904927     
   134.999996305451       -34814.7916245664     
   135.099996299514       -34814.9073599668     
   135.199996293577       -34815.0204369205     
   135.299996287640       -34815.1308955544     
   135.399996281703       -34815.2387755250     
   135.499996275766       -34815.3441165694     
   135.599996269830       -34815.4469584259     
   135.699996263893       -34815.5473408376     
   135.799996257956       -34815.6453035906     
   135.899996252019       -34815.7408870040     
   135.999996246082       -34815.8341310032     
   136.099996240146       -34815.9250758597     
   136.199996234209       -34816.0137619742     
   136.299996228272       -34816.1002298488     
   136.399996222335       -34816.1845200224     
   136.499996216398       -34816.2666736084     
   136.599996210461       -34816.3467312409     
   136.699996204525       -34816.4247338018     
   136.799996198588       -34816.5007221979     
   136.899996192651       -34816.5747372510     
   136.999996186714       -34816.6468197881     
   137.099996180777       -34816.7170108388     
   137.199996174841       -34816.7853508711     
   137.299996168904       -34816.8518803781     
   137.399996162967       -34816.9166396755     
   137.499996157030       -34816.9796687111     
   137.599996151093       -34817.0410074545     
   137.699996145156       -34817.1006955136     
   137.799996139220       -34817.1587719670     
   137.899996133283       -34817.2152756575     
   137.999996127346       -34817.2702450176     
   138.099996121409       -34817.3237179298     
   138.199996115472       -34817.3757322717     
   138.299996109536       -34817.4263250614     
   138.399996103599       -34817.4755328722     
   138.499996097662       -34817.5233918049     
   138.599996091725       -34817.5699374026     
   138.699996085788       -34817.6152045517     
   138.799996079851       -34817.6592279105     
   138.899996073915       -34817.7020412987     
   138.999996067978       -34817.7436778797     
   139.099996062041       -34817.7841702982     
   139.199996056104       -34817.8235505228     
   139.299996050167       -34817.8618498811     
   139.399996044231       -34817.8990989932     
   139.499996038294       -34817.9353282680     
   139.599996032357       -34817.9705669101     
   139.699996026420       -34818.0048436849     
   139.799996020483       -34818.0381866513     
   139.899996014546       -34818.0706232461     
   139.999996008610       -34818.1021802171     
   140.099996002673       -34818.1328835510     
   140.199995996736       -34818.1627587638     
   140.299995990799       -34818.1918307697     
   140.399995984862       -34818.2201235456     
   140.499995978926       -34818.2476605112     
   140.599995972989       -34818.2744644887     
   140.699995967052       -34818.3005576139     
   140.799995961115       -34818.3259614195     
   140.899995955178       -34818.3506967874     
   140.999995949241       -34818.3747838980     
   141.099995943305       -34818.3982423855     
   141.199995937368       -34818.4210915208     
   141.299995931431       -34818.4433496422     
   141.399995925494       -34818.4650345517     
   141.499995919557       -34818.4861635389     
   141.599995913621       -34818.5067533199     
   141.699995907684       -34818.5268200432     
   141.799995901747       -34818.5463793813     
   141.899995895810       -34818.5654463817     
   141.999995889873       -34818.5840355878     
   142.099995883936       -34818.6021611419     
   142.199995878000       -34818.6198365508     
   142.299995872063       -34818.6370748525     
   142.399995866126       -34818.6538887617     
   142.499995860189       -34818.6702904661     
   142.599995854252       -34818.6862917479     
   142.699995848316       -34818.7019038474     
   142.799995842379       -34818.7171376672     
   142.899995836442       -34818.7320037101     
   142.999995830505       -34818.7465120886     
   143.099995824568       -34818.7606725442     
   143.199995818631       -34818.7744944549     
   143.299995812695       -34818.7879868563     
   143.399995806758       -34818.8011584511     
   143.499995800821       -34818.8140176266     
   143.599995794884       -34818.8265725411     
   143.699995788947       -34818.8388308936     
   143.799995783011       -34818.8508001789     
   143.899995777074       -34818.8624876319     
   143.999995771137       -34818.8739003538     
   144.099995765200       -34818.8850449422     
   144.199995759263       -34818.8959278861     
   144.299995753326       -34818.9065555836     
   144.399995747390       -34818.9169339921     
   144.499995741453       -34818.9270689250     
   144.599995735516       -34818.9369662262     
   144.699995729579       -34818.9466311752     
   144.799995723642       -34818.9560691873     
   144.899995717706       -34818.9652853593     
   144.999995711769       -34818.9742846124     
   145.099995705832       -34818.9830718968     
   145.199995699895       -34818.9916517387     
   145.299995693958       -34819.0000290135     
   145.399995688021       -34819.0082078352     
   145.499995682085       -34819.0161927254     
   145.599995676148       -34819.0239876866     
   145.699995670211       -34819.0315969547     
   145.799995664274       -34819.0390244210     
   145.899995658337       -34819.0462739849     
   145.999995652401       -34819.0533495244     
   146.099995646464       -34819.0602545962     
   146.199995640527       -34819.0669929836     
   146.299995634590       -34819.0735681653     
   146.399995628653       -34819.0799835461     
   146.499995622716       -34819.0862426390     
   146.599995616780       -34819.0923487662     
   146.699995610843       -34819.0983051189     
   146.799995604906       -34819.1041149102     
   146.899995598969       -34819.1097813644     
   146.999995593032       -34819.1153075571     
   147.099995587096       -34819.1206964834     
   147.199995581159       -34819.1259511248     
   147.299995575222       -34819.1310744106     
   147.399995569285       -34819.1360692322     
   147.499995563348       -34819.1409384274     
   147.599995557411       -34819.1456847813     
   147.699995551475       -34819.1503110451     
   147.799995545538       -34819.1548199063     
   147.899995539601       -34819.1592140163     
   147.999995533664       -34819.1634959975     
   148.099995527727       -34819.1676684116     
   148.199995521791       -34819.1717337639     
   148.299995515854       -34819.1756945471     
   148.399995509917       -34819.1795531874     
   148.499995503980       -34819.1833121072     
   148.599995498043       -34819.1869736687     
   148.699995492106       -34819.1905403032     
   148.799995486170       -34819.1940141593     
   148.899995480233       -34819.1973974680     
   148.999995474296       -34819.2006924786     
   149.099995468359       -34819.2039015033     
   149.199995462422       -34819.2070264556     
   149.299995456486       -34819.2100694783     
   149.399995450549       -34819.2130327923     
   149.499995444612       -34819.2159181763     
   149.599995438675       -34819.2187277381     
   149.699995432738       -34819.2214634676     
   149.799995426802       -34819.2241270706     
   149.899995420865       -34819.2267207099     
   149.999995414928       -34819.2292458639     
