   95.0999986742407        11990.5722903632     
   95.1999986683039        11990.5722903504     
   95.2999986623671        11990.5722903375     
   95.3999986564303        11990.5722903247     
   95.4999986504935        11990.5722903118     
   95.5999986445566        11990.5722902990     
   95.6999986386198        11990.5722902861     
   95.7999986326830        11990.5722902733     
   95.8999986267462        11990.5722902604     
   95.9999986208094        11990.5722902476     
   96.0999986148725        11990.5722902347     
   96.1999986089357        11990.5722902219     
   96.2999986029989        11990.5722902090     
   96.3999985970621        11990.5722901962     
   96.4999985911253        11990.5722901833     
   96.5999985851885        11990.5722901705     
   96.6999985792516        11990.5722901576     
   96.7999985733148        11990.5722901447     
   96.8999985673780        11990.5722901319     
   96.9999985614412        11990.5722901190     
   97.0999985555044        11990.5722901062     
   97.1999985495676        11990.5722900933     
   97.2999985436307        11990.5722900804     
   97.3999985376939        11990.5722900676     
   97.4999985317571        11990.5722900547     
   97.5999985258203        11990.5722900418     
   97.6999985198835        11990.5722900290     
   97.7999985139466        11990.5722900161     
   97.8999985080098        11990.5722900032     
   97.9999985020730        11990.5722899904     
   98.0999984961362        11990.5722899775     
   98.1999984901994        11990.5722899646     
   98.2999984842626        11990.5722899517     
   98.3999984783257        11990.5722899389     
   98.4999984723889        11990.5722899260     
   98.5999984664521        11990.5722899131     
   98.6999984605153        11990.5722899002     
   98.7999984545785        11990.5722898874     
   98.8999984486417        11990.5722898745     
   98.9999984427048        11990.5722898616     
   99.0999984367680        11990.5722898487     
   99.1999984308312        11990.5722898359     
   99.2999984248944        11990.5722898230     
   99.3999984189576        11990.5722898101     
   99.4999984130207        11990.5722897972     
   99.5999984070839        11990.5722897843     
   99.6999984011471        11990.5722897714     
   99.7999983952103        11990.5722897586     
   99.8999983892735        11990.5722897457     
   99.9999983833367        11990.5722897328     
   100.099998377400        6563.89241893485     
   100.199998371463        6898.22911410357     
   100.299998365526        7156.18986529028     
   100.399998359589        7362.61927953211     
   100.499998353653        7531.78381406562     
   100.599998347716        7673.04836328236     
   100.699998341779        7792.87726024590     
   100.799998335842        7895.86869423029     
   100.899998329905        7985.35612197045     
   100.999998323968        8063.80306740285     
   101.099998318032        8133.08196776943     
   101.199998312095        8194.66127871507     
   101.299998306158        8249.72080399572     
   101.399998300221        8299.22080621553     
   101.499998294284        8343.94693654051     
   101.599998288348        8384.54430970781     
   101.699998282411        8421.54558960703     
   101.799998276474        8455.39389164710     
   101.899998270537        8486.46081032754     
   101.999998264600        8515.06035155669     
   102.099998258663        8541.45977074437     
   102.199998252727        8565.88821585175     
   102.299998246790        8588.54384117125     
   102.399998240853        8609.59980353869     
   102.499998234916        8629.20930509221     
   102.599998228979        8647.50962812750     
   102.699998223043        8664.62498942716     
   102.799998217106        8680.66811783538     
   102.899998211169        8695.74073752194     
   102.999998205232        8709.93345983145     
   103.099998199295        8723.32571077884     
   103.199998193358        8735.98614768833     
   103.299998187422        8747.97367532399     
   103.399998181485        8759.33888084362     
   103.499998175548        8770.12559393498     
   103.599998169611        8780.37232342553     
   103.699998163674        8790.11343437860     
   103.799998157738        8799.38003433967     
   103.899998151801        8808.20060211755     
   103.999998145864        8816.60141829721     
   104.099998139927        8824.60685734126     
   104.199998133990        8832.23959017919     
   104.299998128054        8839.52073246020     
   104.399998122117        8846.46996151000     
   104.499998116180        8853.10561589901     
   104.599998110243        8859.44478534337     
   104.699998104306        8865.50339480237     
   104.799998098369        8871.29628442002     
   104.899998092433        8876.83728579909     
   104.999998086496        8882.13929457382     
   105.099998080559        8887.21433907717     
   105.199998074622        8892.07364490517     
   105.299998068685        8896.72769526332     
   105.399998062749        8901.18628707638     
   105.499998056812        8905.45858294047     
   105.599998050875        8909.55315906178     
   105.699998044938        8913.47804938331     
   105.799998039001        8917.24078612943     
   105.899998033064        8920.84843701639     
   105.999998027128        8924.30763938024     
   106.099998021191        8927.62463147049     
   106.199998015254        8930.80528114695     
   106.299998009317        8933.85511220500     
   106.399998003380        8936.77932853829     
   106.499997997444        8939.58283633255     
   106.599997991507        8942.27026446772     
   106.699997985570        8944.84598329019     
   106.799997979633        8947.31412190198     
   106.899997973696        8949.67858410104     
   106.999997967759        8951.94306309232     
   107.099997961823        8954.11105507946     
   107.199997955886        8956.18587183569     
   107.299997949949        8958.17065234312     
   107.399997944012        8960.06837358088     
   107.499997938075        8961.88186053505     
   107.599997932139        8963.61379549669     
   107.699997926202        8965.26672670719     
   107.799997920265        8966.84307640535     
   107.899997914328        8968.34514832509     
   107.999997908391        8969.77513468925     
   108.099997902454        8971.13512273767     
   108.199997896518        8972.42710082953     
   108.299997890581        8973.65296415096     
   108.399997884644        8974.81452005961     
   108.499997878707        8975.91349309380     
   108.599997872770        8976.95152967159     
   108.699997866834        8977.93020250340     
   108.799997860897        8978.85101473858     
   108.899997854960        8979.71540386659     
   108.999997849023        8980.52474538943     
   109.099997843086        8981.28035628232     
   109.199997837149        8981.98349825749     
   109.299997831213        8982.63538084456     
   109.399997825276        8983.23716430049     
   109.499997819339        8983.78996236036     
   109.599997813402        8984.29484483988     
   109.699997807465        8984.75284009945     
   109.799997801529        8985.16493737827     
   109.899997795592        8985.53208900773     
   109.999997789655        8985.85521251069     
   110.099997783718        8986.13519259457     
   110.199997777781        8986.37288304471     
   110.299997771844        8986.56910852212     
   110.399997765908        8986.72466627501     
   110.499997759971        8986.84032776474     
   110.599997754034        8986.91684021414     
   110.699997748097        8986.95492808131     
   110.799997742160        8986.95529446306     
   110.899997736224        8986.91862243024     
   110.999997730287        8986.84557630198     
   111.099997724350        8986.73680285839     
   111.199997718413        8986.59293249604     
   111.299997712476        8986.41458032928     
   111.399997706539        8986.20234723951     
   111.499997700603        8985.95682087368     
   111.599997694666        8985.67857659649     
   111.699997688729        8985.36817839621     
   111.799997682792        8985.02617974688     
   111.899997676855        8984.65312442798     
   111.999997670919        8984.24954730400     
   112.099997664982        8983.81597506458     
   112.199997659045        8983.35292692709     
   112.299997653108        8982.86091530252     
   112.399997647171        8982.34044642633     
   112.499997641234        8981.79202095496     
   112.599997635298        8981.21613452941     
   112.699997629361        8980.61327830611     
   112.799997623424        8979.98393945723     
   112.899997617487        8979.32860164056     
   112.999997611550        8978.64774543933     
   113.099997605614        8977.94184877414     
   113.199997599677        8977.21138728627     
   113.299997593740        8976.45683469408     
   113.399997587803        8975.67866312269     
   113.499997581866        8974.87734340824     
   113.599997575929        8974.05334537674     
   113.699997569993        8973.20713809752     
   113.799997564056        8972.33919011455     
   113.899997558119        8971.44996965333     
   113.999997552182        8970.53994480536     
   114.099997546245        8969.60958369098     
   114.199997540309        8968.65935459923     
   114.299997534372        8967.68972610923     
   114.399997528435        8966.70116719001     
   114.499997522498        8965.69414728020     
   114.599997516561        8964.66913634981     
   114.699997510624        8963.62660494335     
   114.799997504688        8962.56702420427     
   114.899997498751        8961.49086588355     
   114.999997492814        8960.39860233059     
   115.099997486877        8959.29070646855     
   115.199997480940        8958.16765175464     
   115.299997475004        8957.02991212514     
   115.399997469067        8955.87796192665     
   115.499997463130        8954.71227583394     
   115.599997457193        8953.53332875473     
   115.699997451256        8952.34159572260     
   115.799997445319        8951.13755177821     
   115.899997439383        8949.92167183961     
   115.999997433446        8948.69443056245     
   116.099997427509        8947.45630219055     
   116.199997421572        8946.20776039754     
   116.299997415635        8944.94927812028     
   116.399997409699        8943.68132738463     
   116.499997403762        8942.40437912426     
   116.599997397825        8941.11890299310     
   116.699997391888        8939.82536717218     
   116.799997385951        8938.52423817141     
   116.899997380014        8937.21598062695     
   116.999997374078        8935.90105709462     
   117.099997368141        8934.57992784056     
   117.199997362204        8933.25305062890     
   117.299997356267        8931.92088050772     
   117.399997350330        8930.58386959358     
   117.499997344394        8929.24246685531     
   117.599997338457        8927.89711789750     
   117.699997332520        8926.54826474430     
   117.799997326583        8925.19634562433     
   117.899997320646        8923.84179475672     
   117.999997314709        8922.48504213923     
   118.099997308773        8921.12651333866     
   118.199997302836        8919.76662928421     
   118.299997296899        8918.40580606417     
   118.399997290962        8917.04445472642     
   118.499997285025        8915.68298108305     
   118.599997279089        8914.32178551963     
   118.699997273152        8912.96126280951     
   118.799997267215        8911.60180193328     
   118.899997261278        8910.24378590416     
   118.999997255341        8908.88759159927     
   119.099997249404        8907.53358959709     
   119.199997243468        8906.18214402173     
   119.299997237531        8904.83361239372     
   119.399997231594        8903.48834548828     
   119.499997225657        8902.14668720041     
   119.599997219720        8900.80897441760     
   119.699997213784        8899.47553690039     
   119.799997207847        8898.14669717037     
   119.899997201910        8896.82277040617     
   119.999997195973        8895.50406434754     
   120.099997190036        17336.2859481996     
   120.199997184100        17221.6880887526     
   120.299997178163        17098.0179760171     
   120.399997172226        16962.8903213561     
   120.499997166289        16815.6846938664     
   120.599997160352        16655.9039617665     
   120.699997154415        16483.2298177746     
   120.799997148479        16297.6003682767     
   120.899997142542        16099.3068796973     
   120.999997136605        15889.1110769984     
   121.099997130668        15668.3181633098     
   121.199997124731        15438.6065473567     
   121.299997118795        15201.7629915956     
   121.399997112858        14959.9325522339     
   121.499997106921        14715.9469993220     
   121.599997100984        14473.1631147921     
   121.699997095047        14235.0994092922     
   121.799997089110        14005.1181014965     
   121.899997083174        13786.1890736035     
   121.999997077237        13580.7316862411     
   122.099997071300        13390.5254718032     
   122.199997065363        13216.6816867963     
   122.299997059426        13059.6698594159     
   122.399997053490        12919.3897858524     
   122.499997047553        12795.2739789375     
   122.599997041616        12686.4035926144     
   122.699997035679        12591.6229164943     
   122.799997029742        12509.6418489674     
   122.899997023805        12439.1204733793     
   122.999997017869        12378.7338450145     
   123.099997011932        12327.2178947824     
   123.199997005995        12283.3989733424     
   123.299997000058        12246.2102330276     
   123.399996994121        12214.6980760885     
   123.499996988185        12188.0215595626     
   123.599996982248        12165.4471447001     
   123.699996976311        12146.3406462850     
   123.799996970374        12130.1577495297     
   123.899996964437        12116.4340530928     
   123.999996958500        12104.7752740852     
   124.099996952564        12094.8480084236     
   124.199996946627        12086.3712652011     
   124.299996940690        12079.1088729316     
   124.399996934753        12072.8627755981     
   124.499996928816        12067.4671863974     
   124.599996922880        12062.7835381640     
   124.699996916943        12058.6961549592     
   124.799996911006        12055.1085643613     
   124.899996905069        12051.9403710021     
   124.999996899132        12049.1246164720     
   125.099996893195        12046.6055571571     
   125.199996887259        12044.3367988136     
   125.299996881322        12042.2797340256     
   125.399996875385        12040.4022357161     
   125.499996869448        12038.6775663749     
   125.599996863511        12037.0834685033     
   125.699996857575        12035.6014069400     
   125.799996851638        12034.2159382398     
   125.899996845701        12032.9141861730     
   125.999996839764        12031.6854057407     
   126.099996833827        12030.5206209460     
   126.199996827890        12029.4123239686     
   126.299996821954        12028.3542254212     
   126.399996816017        12027.3410470582     
   126.499996810080        12026.3683498029     
   126.599996804143        12025.4323910437     
   126.699996798206        12024.5300062908     
   126.799996792270        12023.6585110213     
   126.899996786333        12022.8156192843     
   126.999996780396        12021.9993762092     
   127.099996774459        12021.2081020465     
   127.199996768522        12020.4403457716     
   127.299996762585        12019.6948466185     
   127.399996756649        12018.9705021860     
   127.499996750712        12018.2663419950     
   127.599996744775        12017.5815055600     
   127.699996738838        12016.9152242068     
   127.799996732901        12016.2668059889     
   127.899996726965        12015.6356231762     
   127.999996721028        12015.0211018725     
   128.099996715091        12014.4227133988     
   128.199996709154        12013.8399671374     
   128.299996703217        12013.2724045878     
   128.399996697280        12012.7195944289     
   128.499996691344        12012.1811284096     
   128.599996685407        12011.6566179342     
   128.699996679470        12011.1456912195     
   128.799996673533        12010.6479909226     
   128.899996667596        12010.1631721757     
   128.999996661660        12009.6909009387     
   129.099996655723        12009.2308526354     
   129.199996649786        12008.7827110139     
   129.299996643849        12008.3461672090     
   129.399996637912        12007.9209189564     
   129.499996631975        12007.5066699554     
   129.599996626039        12007.1031293486     
   129.699996620102        12006.7100112945     
   129.799996614165        12006.3270346386     
   129.899996608228        12005.9539226594     
   129.999996602291        12005.5904028769     
   130.099996596355        12005.2362069252     
   130.199996590418        12004.8910704778     
   130.299996584481        12004.5547332232     
   130.399996578544        12004.2269388789     
   130.499996572607        12003.9074352495     
   130.599996566670        12003.5959743116     
   130.699996560734        12003.2923123453     
   130.799996554797        12002.9962100640     
   130.899996548860        12002.7074328000     
   130.999996542923        12002.4257506933     
   131.099996536986        12002.1509388766     
   131.199996531050        12001.8827777147     
   131.299996525113        12001.6210530091     
   131.399996519176        12001.3655562048     
   131.499996513239        12001.1160846467     
   131.599996507302        12000.8724417534     
   131.699996501365        12000.6344372249     
   131.799996495429        12000.4018872371     
   131.899996489492        12000.1746146031     
   131.999996483555        11999.9524488441     
   132.099996477618        11999.7352263864     
   132.199996471681        11999.5227906983     
   132.299996465745        11999.3149921793     
   132.399996459808        11999.1116882129     
   132.499996453871        11998.9127431773     
   132.599996447934        11998.7180284675     
   132.699996441997        11998.5274222829     
   132.799996436060        11998.3408095225     
   132.899996430124        11998.1580817001     
   132.999996424187        11997.9791366518     
   133.099996418250        11997.8038784049     
   133.199996412313        11997.6322168690     
   133.299996406376        11997.4640676034     
   133.399996400440        11997.2993515048     
   133.499996394503        11997.1379945248     
   133.599996388566        11996.9799273413     
   133.699996382629        11996.8250850132     
   133.799996376692        11996.6734066906     
   133.899996370756        11996.5248352547     
   133.999996364819        11996.3793169863     
   134.099996358882        11996.2368012369     
   134.199996352945        11996.0972401253     
   134.299996347008        11995.9605882223     
   134.399996341071        11995.8268022468     
   134.499996335135        11995.6958407771     
   134.599996329198        11995.5676639940     
   134.699996323261        11995.4422334555     
   134.799996317324        11995.3195118200     
   134.899996311387        11995.1994626621     
   134.999996305451        11995.0820502638     
   135.099996299514        11994.9672394492     
   135.199996293577        11994.8549954151     
   135.299996287640        11994.7452836175     
   135.399996281703        11994.6380696311     
   135.499996275766        11994.5333190471     
   135.599996269830        11994.4309973885     
   135.699996263893        11994.3310700381     
   135.799996257956        11994.2335021767     
   135.899996252019        11994.1382587552     
   135.999996246082        11994.0453044568     
   136.099996240146        11993.9546036576     
   136.199996234209        11993.8661204360     
   136.299996228272        11993.7798185599     
   136.399996222335        11993.6956614923     
   136.499996216398        11993.6136124161     
   136.599996210461        11993.5336342478     
   136.699996204525        11993.4556896588     
   136.799996198588        11993.3797410954     
   136.899996192651        11993.3057508292     
   136.999996186714        11993.2336809607     
   137.099996180777        11993.1634934970     
   137.199996174841        11993.0951503771     
   137.299996168904        11993.0286134899     
   137.399996162967        11992.9638447230     
   137.499996157030        11992.9008060174     
   137.599996151093        11992.8394593906     
   137.699996145156        11992.7797669899     
   137.799996139220        11992.7216911338     
   137.899996133283        11992.6651943233     
   137.999996127346        11992.6102393036     
   138.099996121409        11992.5567890856     
   138.199996115472        11992.5048069846     
   138.299996109536        11992.4542566688     
   138.399996103599        11992.4051021632     
   138.499996097662        11992.3573078867     
   138.599996091725        11992.3108386913     
   138.699996085788        11992.2656598608     
   138.799996079851        11992.2217371700     
   138.899996073915        11992.1790368852     
   138.999996067978        11992.1375257958     
   139.099996062041        11992.0971712017     
   139.199996056104        11992.0579409912     
   139.299996050167        11992.0198035869     
   139.399996044231        11991.9827280134     
   139.499996038294        11991.9466838637     
   139.599996032357        11991.9116413719     
   139.699996026420        11991.8775713561     
   139.799996020483        11991.8444452872     
   139.899996014546        11991.8122352355     
   139.999996008610        11991.7809139208     
   140.099996002673        11991.7504546971     
   140.199995996736        11991.7208315624     
   140.299995990799        11991.6920191491     
   140.399995984862        11991.6639927471     
   140.499995978926        11991.6367283090     
   140.599995972989        11991.6102023899     
   140.699995967052        11991.5843922208     
   140.799995961115        11991.5592756422     
   140.899995955178        11991.5348311419     
   140.999995949241        11991.5110378502     
   141.099995943305        11991.4878754752     
   141.199995937368        11991.4653244068     
   141.299995931431        11991.4433655654     
   141.399995925494        11991.4219805548     
   141.499995919557        11991.4011515236     
   141.599995913621        11991.3808612116     
   141.699995907684        11991.3610929394     
   141.799995901747        11991.3418305390     
   141.899995895810        11991.3230584757     
   141.999995889873        11991.3047617276     
   142.099995883936        11991.2869257422     
   142.199995878000        11991.2695365710     
   142.299995872063        11991.2525807437     
   142.399995866126        11991.2360451865     
   142.499995860189        11991.2199174429     
   142.599995854252        11991.2041854653     
   142.699995848316        11991.1888376482     
   142.799995842379        11991.1738628255     
   142.899995836442        11991.1592502577     
   142.999995830505        11991.1449896154     
   143.099995824568        11991.1310709679     
   143.199995818631        11991.1174847679     
   143.299995812695        11991.1042218381     
   143.399995806758        11991.0912733575     
   143.499995800821        11991.0786308335     
   143.599995794884        11991.0662860654     
   143.699995788947        11991.0542312700     
   143.799995783011        11991.0424589143     
   143.899995777074        11991.0309617478     
   143.999995771137        11991.0197327072     
   144.099995765200        11991.0087651786     
   144.199995759263        11990.9980527094     
   144.299995753326        11990.9875889863     
   144.399995747390        11990.9773680951     
   144.499995741453        11990.9673842862     
   144.599995735516        11990.9576318640     
   144.699995729579        11990.9481055991     
   144.799995723642        11990.9388002207     
   144.899995717706        11990.9297107373     
   144.999995711769        11990.9208323386     
   145.099995705832        11990.9121602501     
   145.199995699895        11990.9036900518     
   145.299995693958        11990.8954172024     
   145.399995688021        11990.8873375941     
   145.499995682085        11990.8794469299     
   145.599995676148        11990.8717413263     
   145.699995670211        11990.8642167602     
   145.799995664274        11990.8568694903     
   145.899995658337        11990.8496958010     
   145.999995652401        11990.8426920115     
   146.099995646464        11990.8358547001     
   146.199995640527        11990.8291803104     
   146.299995634590        11990.8226655185     
   146.399995628653        11990.8163070761     
   146.499995622716        11990.8101016758     
   146.599995616780        11990.8040461662     
   146.699995610843        11990.7981375013     
   146.799995604906        11990.7923726343     
   146.899995598969        11990.7867485267     
   146.999995593032        11990.7812622528     
   147.099995587096        11990.7759109607     
   147.199995581159        11990.7706918225     
   147.299995575222        11990.7656020488     
   147.399995569285        11990.7606388924     
   147.499995563348        11990.7557996532     
   147.599995557411        11990.7510816697     
   147.699995551475        11990.7464823263     
   147.799995545538        11990.7419990425     
   147.899995539601        11990.7376292801     
   147.999995533664        11990.7333705371     
   148.099995527727        11990.7292203526     
   148.199995521791        11990.7251763004     
   148.299995515854        11990.7212359926     
   148.399995509917        11990.7173970776     
   148.499995503980        11990.7136572259     
   148.599995498043        11990.7100141435     
   148.699995492106        11990.7064655076     
   148.799995486170        11990.7030091824     
   148.899995480233        11990.6996430052     
   148.999995474296        11990.6963647894     
   149.099995468359        11990.6931723171     
   149.199995462422        11990.6900636551     
   149.299995456486        11990.6870367245     
   149.399995450549        11990.6840893781     
   149.499995444612        11990.6812198086     
   149.599995438675        11990.6784259829     
   149.699995432738        11990.6757059430     
   149.799995426802        11990.6730579499     
   149.899995420865        11990.6704799563     
   149.999995414928        11990.6679703819     
