   95.0999986742407        11990.5722903632     
   95.1999986683039        11990.5722903504     
   95.2999986623671        11990.5722903375     
   95.3999986564303        11990.5722903247     
   95.4999986504935        11990.5722903118     
   95.5999986445566        11990.5722902990     
   95.6999986386198        11990.5722902861     
   95.7999986326830        11990.5722902733     
   95.8999986267462        11990.5722902604     
   95.9999986208094        11990.5722902476     
   96.0999986148725        11990.5722902347     
   96.1999986089357        11990.5722902219     
   96.2999986029989        11990.5722902090     
   96.3999985970621        11990.5722901962     
   96.4999985911253        11990.5722901833     
   96.5999985851885        11990.5722901705     
   96.6999985792516        11990.5722901576     
   96.7999985733148        11990.5722901447     
   96.8999985673780        11990.5722901319     
   96.9999985614412        11990.5722901190     
   97.0999985555044        11990.5722901062     
   97.1999985495676        11990.5722900933     
   97.2999985436307        11990.5722900804     
   97.3999985376939        11990.5722900676     
   97.4999985317571        11990.5722900547     
   97.5999985258203        11990.5722900418     
   97.6999985198835        11990.5722900290     
   97.7999985139466        11990.5722900161     
   97.8999985080098        11990.5722900032     
   97.9999985020730        11990.5722899904     
   98.0999984961362        11990.5722899775     
   98.1999984901994        11990.5722899646     
   98.2999984842626        11990.5722899517     
   98.3999984783257        11990.5722899389     
   98.4999984723889        11990.5722899260     
   98.5999984664521        11990.5722899131     
   98.6999984605153        11990.5722899002     
   98.7999984545785        11990.5722898874     
   98.8999984486417        11990.5722898745     
   98.9999984427048        11990.5722898616     
   99.0999984367680        11990.5722898487     
   99.1999984308312        11990.5722898359     
   99.2999984248944        11990.5722898230     
   99.3999984189576        11990.5722898101     
   99.4999984130207        11990.5722897972     
   99.5999984070839        11990.5722897843     
   99.6999984011471        11990.5722897714     
   99.7999983952103        11990.5722897586     
   99.8999983892735        11990.5722897457     
   99.9999983833367        11990.5722897328     
   100.099998377400        12268.5635500624     
   100.199998371463        12444.5684576271     
   100.299998365526        12585.5750701404     
   100.399998359589        12698.8247406135     
   100.499998353653        12789.7654854046     
   100.599998347716        12862.9217237985     
   100.699998341779        12921.8915906587     
   100.799998335842        12969.4860005467     
   100.899998329905        13007.9027777299     
   100.999998323968        13038.8681513022     
   101.099998318032        13063.7314519051     
   101.199998312095        13083.5285716780     
   101.299998306158        13099.0412428600     
   101.399998300221        13110.8652926161     
   101.499998294284        13119.4775515254     
   101.599998288348        13125.2855919761     
   101.699998282411        13128.6556752219     
   101.799998276474        13129.9243735624     
   101.899998270537        13129.4014628880     
   101.999998264600        13127.3694394074     
   102.099998258663        13124.0824550314     
   102.199998252727        13119.7658598082     
   102.299998246790        13114.6166982813     
   102.399998240853        13108.8050951056     
   102.499998234916        13102.4762973044     
   102.599998228979        13095.7531075018     
   102.699998223043        13088.7384732320     
   102.799998217106        13081.5180516114     
   102.899998211169        13074.1626264105     
   102.999998205232        13066.7303059785     
   103.099998199295        13059.2684707343     
   103.199998193358        13051.8154669401     
   103.299998187422        13044.4020606449     
   103.399998181485        13037.0526745647     
   103.499998175548        13029.7864340274     
   103.599998169611        13022.6180480494     
   103.699998163674        13015.5585497898     
   103.799998157738        13008.6159179865     
   103.899998151801        13001.7955981407     
   103.999998145864        12995.1009394975     
   104.099998139927        12988.5335613794     
   104.199998133990        12982.0936603455     
   104.299998128054        12975.7802676531     
   104.399998122117        12969.5914651409     
   104.499998116180        12963.5245661622     
   104.599998110243        12957.5762672035     
   104.699998104306        12951.7427748815     
   104.799998098369        12946.0199122574     
   104.899998092433        12940.4032077633     
   104.999998086496        12934.8879695280     
   105.099998080559        12929.4693474296     
   105.199998074622        12924.1423848441     
   105.299998068685        12918.9020617496     
   105.399998062749        12913.7433305833     
   105.499998056812        12908.6611460331     
   105.599998050875        12903.6504897593     
   105.699998044938        12898.7063908872     
   105.799998039001        12893.8239429784     
   105.899998033064        12888.9983180730     
   105.999998027128        12884.2247783037     
   106.099998021191        12879.4986854923     
   106.199998015254        12874.8155090729     
   106.299998009317        12870.1708326234     
   106.399998003380        12865.5603592331     
   106.499997997444        12860.9799158897     
   106.599997991507        12856.4254570309     
   106.699997985570        12851.8930673754     
   106.799997979633        12847.3789641177     
   106.899997973696        12842.8794985569     
   106.999997967759        12838.3911572060     
   107.099997961823        12833.9105624227     
   107.199997955886        12829.4344725910     
   107.299997949949        12824.9597818789     
   107.399997944012        12820.4835195971     
   107.499997938075        12816.0028491829     
   107.599997932139        12811.5150668244     
   107.699997926202        12807.0175997792     
   107.799997920265        12802.5080043841     
   107.899997914328        12797.9839638163     
   107.999997908391        12793.4432856320     
   108.099997902454        12788.8838991241     
   108.199997896518        12784.3038525408     
   108.299997890581        12779.7013102025     
   108.399997884644        12775.0745495621     
   108.499997878707        12770.4219582441     
   108.599997872770        12765.7420310982     
   108.699997866834        12761.0333673049     
   108.799997860897        12756.2946675555     
   108.899997854960        12751.5247313362     
   108.999997849023        12746.7224543351     
   109.099997843086        12741.8868259854     
   109.199997837149        12737.0169271589     
   109.299997831213        12732.1119280142     
   109.399997825276        12727.1710860019     
   109.499997819339        12722.1937440281     
   109.599997813402        12717.1793287650     
   109.699997807465        12712.1273491132     
   109.799997801529        12707.0373947893     
   109.899997795592        12701.9091350463     
   109.999997789655        12696.7423174987     
   110.099997783718        12691.5367670351     
   110.199997777781        12686.2923848364     
   110.299997771844        12681.0091474127     
   110.399997765908        12675.6871057822     
   110.499997759971        12670.3263845725     
   110.599997754034        12664.9271812173     
   110.699997748097        12659.4897651486     
   110.799997742160        12654.0144769754     
   110.899997736224        12648.5017276501     
   110.999997730287        12642.9519976065     
   111.099997724350        12637.3658358619     
   111.199997718413        12631.7438590676     
   111.299997712476        12626.0867505068     
   111.399997706539        12620.3952590277     
   111.499997700603        12614.6701979076     
   111.599997694666        12608.9124436415     
   111.699997688729        12603.1229346510     
   111.799997682792        12597.3026699097     
   111.899997676855        12591.4527074826     
   111.999997670919        12585.5741629772     
   112.099997664982        12579.6682079044     
   112.199997659045        12573.7360679506     
   112.299997653108        12567.7790211580     
   112.399997647171        12561.7983960178     
   112.499997641234        12555.7955694746     
   112.599997635298        12549.7719648454     
   112.699997629361        12543.7290496564     
   112.799997623424        12537.6683333987     
   112.899997617487        12531.5913652103     
   112.999997611550        12525.4997314837     
   113.099997605614        12519.3950534073     
   113.199997599677        12513.2789844453     
   113.299997593740        12507.1532077591     
   113.399997587803        12501.0194335748     
   113.499997581866        12494.8793965222     
   113.599997575929        12488.7348528999     
   113.699997569993        12482.5875779431     
   113.799997564056        12476.4393630488     
   113.899997558119        12470.2920129823     
   113.999997552182        12464.1473430756     
   114.099997546245        12458.0071764169     
   114.199997540309        12451.8733410443     
   114.299997534372        12445.7476671487     
   114.399997528435        12439.6319842911     
   114.499997522498        12433.5281186450     
   114.599997516561        12427.4378902687     
   114.699997510624        12421.3631104135     
   114.799997504688        12415.3055788767     
   114.899997498751        12409.2670814049     
   114.999997492814        12403.2493871544     
   115.099997486877        12397.2542462116     
   115.199997480940        12391.2833871863     
   115.299997475004        12385.3385148744     
   115.399997469067        12379.4213080031     
   115.499997463130        12373.5334170583     
   115.599997457193        12367.6764622011     
   115.699997451256        12361.8520312766     
   115.799997445319        12356.0616779200     
   115.899997439383        12350.3069197603     
   115.999997433446        12344.5892367299     
   116.099997427509        12338.9100694753     
   116.199997421572        12333.2708178796     
   116.299997415635        12327.6728396895     
   116.399997409699        12322.1174492558     
   116.499997403762        12316.6059163853     
   116.599997397825        12311.1394653000     
   116.699997391888        12305.7192737138     
   116.799997385951        12300.3464720178     
   116.899997380014        12295.0221425751     
   116.999997374078        12289.7473191274     
   117.099997368141        12284.5229863112     
   117.199997362204        12279.3500792764     
   117.299997356267        12274.2294834128     
   117.399997350330        12269.1620341794     
   117.499997344394        12264.1485170301     
   117.599997338457        12259.1896674412     
   117.699997332520        12254.2861710271     
   117.799997326583        12249.4386637522     
   117.899997320646        12244.6477322267     
   117.999997314709        12239.9139140855     
   118.099997308773        12235.2376984488     
   118.199997302836        12230.6195264595     
   118.299997296899        12226.0597918895     
   118.399997290962        12221.5588418133     
   118.499997285025        12217.1169773562     
   118.599997279089        12212.7344544756     
   118.699997273152        12208.4114848514     
   118.799997267215        12204.1482366860     
   118.899997261278        12199.9448358861     
   118.999997255341        12195.8013667915     
   119.099997249404        12191.7178733635     
   119.199997243468        12187.6943602230     
   119.299997237531        12183.7307937451     
   119.399997231594        12179.8271031942     
   119.499997225657        12175.9831818693     
   119.599997219720        12172.1988882796     
   119.699997213784        12168.4740473244     
   119.799997207847        12164.8084514967     
   119.899997201910        12161.2018620919     
   119.999997195973        12157.6540104220     
   120.099997190036        12154.1645990320     
   120.199997184100        12150.7333029210     
   120.299997178163        12147.3597707562     
   120.399997172226        12144.0436260826     
   120.499997166289        12140.7844685287     
   120.599997160352        12137.5818749976     
   120.699997154415        12134.4354008513     
   120.799997148479        12131.3445810749     
   120.899997142542        12128.3089314306     
   120.999997136605        12125.3279495914     
   121.099997130668        12122.4011162561     
   121.199997124731        12119.5278962453     
   121.299997118795        12116.7077395721     
   121.399997112858        12113.9400824951     
   121.499997106921        12111.2243485422     
   121.599997100984        12108.5599495135     
   121.699997095047        12105.9462864549     
   121.799997089110        12103.3827506114     
   121.899997083174        12100.8687243447     
   121.999997077237        12098.4035820319     
   122.099997071300        12095.9866909313     
   122.199997065363        12093.6174120223     
   122.299997059426        12091.2951008162     
   122.399997053490        12089.0191081383     
   122.499997047553        12086.7887808852     
   122.599997041616        12084.6034627476     
   122.699997035679        12082.4624949105     
   122.799997029742        12080.3652167231     
   122.899997023805        12078.3109663397     
   122.999997017869        12076.2990813366     
   123.099997011932        12074.3288992984     
   123.199997005995        12072.3997583789     
   123.299997000058        12070.5109978366     
   123.399996994121        12068.6619585430     
   123.499996988185        12066.8519834656     
   123.599996982248        12065.0804181253     
   123.699996976311        12063.3466110337     
   123.799996970374        12061.6499141001     
   123.899996964437        12059.9896830196     
   123.999996958500        12058.3652776390     
   124.099996952564        12056.7760622974     
   124.199996946627        12055.2214061482     
   124.299996940690        12053.7006834598     
   124.399996934753        12052.2132738965     
   124.499996928816        12050.7585627768     
   124.599996922880        12049.3359413198     
   124.699996916943        12047.9448068654     
   124.799996911006        12046.5845630827     
   124.899996905069        12045.2546201594     
   124.999996899132        12043.9543949735     
   125.099996893195        12042.6833112544     
   125.199996887259        12041.4407997223     
   125.299996881322        12040.2262982175     
   125.399996875385        12039.0392518166     
   125.499996869448        12037.8791129307     
   125.599996863511        12036.7453413977     
   125.699996857575        12035.6374045548     
   125.799996851638        12034.5547773079     
   125.899996845701        12033.4969421816     
   125.999996839764        12032.4633893670     
   126.099996833827        12031.4536167516     
   126.199996827890        12030.4671299473     
   126.299996821954        12029.5034423024     
   126.399996816017        12028.5620749103     
   126.499996810080        12027.6425566092     
   126.599996804143        12026.7444239729     
   126.699996798206        12025.8672212943     
   126.799996792270        12025.0105005622     
   126.899996786333        12024.1738214363     
   126.999996780396        12023.3567512088     
   127.099996774459        12022.5588647651     
   127.199996768522        12021.7797445399     
   127.299996762585        12021.0189804659     
   127.399996756649        12020.2761699170     
   127.499996750712        12019.5509176551     
   127.599996744775        12018.8428357598     
   127.699996738838        12018.1515435684     
   127.799996732901        12017.4766676017     
   127.899996726965        12016.8178414942     
   127.999996721028        12016.1747059186     
   128.099996715091        12015.5469085040     
   128.199996709154        12014.9341037591     
   128.299996703217        12014.3359529911     
   128.399996697280        12013.7521242137     
   128.499996691344        12013.1822920738     
   128.599996685407        12012.6261377480     
   128.699996679470        12012.0833488709     
   128.799996673533        12011.5536194312     
   128.899996667596        12011.0366496893     
   128.999996661660        12010.5321460823     
   129.099996655723        12010.0398211309     
   129.199996649786        12009.5593933510     
   129.299996643849        12009.0905871554     
   129.399996637912        12008.6331327625     
   129.499996631975        12008.1867661054     
   129.599996626039        12007.7512287338     
   129.699996620102        12007.3262677225     
   129.799996614165        12006.9116355808     
   129.899996608228        12006.5070901531     
   129.999996602291        12006.1123945329     
   130.099996596355        12005.7273169654     
   130.199996590418        12005.3516307597     
   130.299996584481        12004.9851141948     
   130.399996578544        12004.6275504297     
   130.499996572607        12004.2787274145     
   130.599996566670        12003.9384377996     
   130.699996560734        12003.6064788491     
   130.799996554797        12003.2826523530     
   130.899996548860        12002.9667645346     
   130.999996542923        12002.6586259779     
   131.099996536986        12002.3580515312     
   131.199996531050        12002.0648602259     
   131.299996525113        12001.7788751964     
   131.399996519176        12001.4999235947     
   131.499996513239        12001.2278365141     
   131.599996507302        12000.9624489066     
   131.699996501365        12000.7035995051     
   131.799996495429        12000.4511307431     
   131.899996489492        12000.2048886829     
   131.999996483555        11999.9647229415     
   132.099996477618        11999.7304866094     
   132.199996471681        11999.5020361794     
   132.299996465745        11999.2792314847     
   132.399996459808        11999.0619356164     
   132.499996453871        11998.8500148572     
   132.599996447934        11998.6433386213     
   132.699996441997        11998.4417793657     
   132.799996436060        11998.2452125581     
   132.899996430124        11998.0535165781     
   132.999996424187        11997.8665726752     
   133.099996418250        11997.6842648961     
   133.199996412313        11997.5064800233     
   133.299996406376        11997.3331075284     
   133.399996400440        11997.1640394908     
   133.499996394503        11996.9991705601     
   133.599996388566        11996.8383978801     
   133.699996382629        11996.6816210561     
   133.799996376692        11996.5287420709     
   133.899996370756        11996.3796652603     
   133.999996364819        11996.2342972397     
   134.099996358882        11996.0925468603     
   134.199996352945        11995.9543251657     
   134.299996347008        11995.8195453205     
   134.399996341071        11995.6881225855     
   134.499996335135        11995.5599742607     
   134.599996329198        11995.4350196238     
   134.699996323261        11995.3131799233     
   134.799996317324        11995.1943782824     
   134.899996311387        11995.0785396964     
   134.999996305451        11994.9655909765     
   135.099996299514        11994.8554607008     
   135.199996293577        11994.7480791720     
   135.299996287640        11994.6433784025     
   135.399996281703        11994.5412920416     
   135.499996275766        11994.4417553435     
   135.599996269830        11994.3447051642     
   135.699996263893        11994.2500798764     
   135.799996257956        11994.1578193574     
   135.899996252019        11994.0678649554     
   135.999996246082        11993.9801594525     
   136.099996240146        11993.8946470281     
   136.199996234209        11993.8112732137     
   136.299996228272        11993.7299848911     
   136.399996222335        11993.6507302375     
   136.499996216398        11993.5734587025     
   136.599996210461        11993.4981209619     
   136.699996204525        11993.4246689148     
   136.799996198588        11993.3530556451     
   136.899996192651        11993.2832353839     
   136.999996186714        11993.2151634889     
   137.099996180777        11993.1487964010     
   137.199996174841        11993.0840916609     
   137.299996168904        11993.0210078452     
   137.399996162967        11992.9595045447     
   137.499996157030        11992.8995423565     
   137.599996151093        11992.8410828329     
   137.699996145156        11992.7840884934     
   137.799996139220        11992.7285227829     
   137.899996133283        11992.6743500473     
   137.999996127346        11992.6215355077     
   138.099996121409        11992.5700452583     
   138.199996115472        11992.5198462081     
   138.299996109536        11992.4709061111     
   138.399996103599        11992.4231935147     
   138.499996097662        11992.3766777482     
   138.599996091725        11992.3313288870     
   138.699996085788        11992.2871177717     
   138.799996079851        11992.2440159420     
   138.899996073915        11992.2019956517     
   138.999996067978        11992.1610298495     
   139.099996062041        11992.1210921707     
   139.199996056104        11992.0821568740     
   139.299996050167        11992.0441988828     
   139.399996044231        11992.0071937402     
   139.499996038294        11991.9711175907     
   139.599996032357        11991.9359471629     
   139.699996026420        11991.9016598052     
   139.799996020483        11991.8682333742     
   139.899996014546        11991.8356463117     
   139.999996008610        11991.8038776034     
   140.099996002673        11991.7729067515     
   140.199995996736        11991.7427137384     
   140.299995990799        11991.7132791099     
   140.399995984862        11991.6845838298     
   140.499995978926        11991.6566093903     
   140.599995972989        11991.6293377115     
   140.699995967052        11991.6027511707     
   140.799995961115        11991.5768325905     
   140.899995955178        11991.5515652280     
   140.999995949241        11991.5269327630     
   141.099995943305        11991.5029192298     
   141.199995937368        11991.4795091650     
   141.299995931431        11991.4566873819     
   141.399995925494        11991.4344391494     
   141.499995919557        11991.4127500783     
   141.599995913621        11991.3916061365     
   141.699995907684        11991.3709936473     
   141.799995901747        11991.3508992818     
   141.899995895810        11991.3313100044     
   141.999995889873        11991.3122131701     
   142.099995883936        11991.2935964200     
   142.199995878000        11991.2754476854     
   142.299995872063        11991.2577552229     
   142.399995866126        11991.2405075964     
   142.499995860189        11991.2236936273     
   142.599995854252        11991.2073024139     
   142.699995848316        11991.1913233423     
   142.799995842379        11991.1757460687     
   142.899995836442        11991.1605604996     
   142.999995830505        11991.1457568081     
   143.099995824568        11991.1313254150     
   143.199995818631        11991.1172569695     
   143.299995812695        11991.1035423011     
   143.399995806758        11991.0901726145     
   143.499995800821        11991.0771391353     
   143.599995794884        11991.0644335201     
   143.699995788947        11991.0520474638     
   143.799995783011        11991.0399729514     
   143.899995777074        11991.0282021804     
   143.999995771137        11991.0167275090     
   144.099995765200        11991.0055414897     
   144.199995759263        11990.9946368643     
   144.299995753326        11990.9840065584     
   144.399995747390        11990.9736436767     
   144.499995741453        11990.9635415007     
   144.599995735516        11990.9536934813     
   144.699995729579        11990.9440932376     
   144.799995723642        11990.9347345526     
   144.899995717706        11990.9256113555     
   144.999995711769        11990.9167176424     
   145.099995705832        11990.9080477505     
   145.199995699895        11990.8995960226     
   145.299995693958        11990.8913569197     
   145.399995688021        11990.8833251970     
   145.499995682085        11990.8754955065     
   145.599995676148        11990.8678628989     
   145.699995670211        11990.8604223327     
   145.799995664274        11990.8531690055     
   145.899995658337        11990.8460982671     
   145.999995652401        11990.8392054033     
   146.099995646464        11990.8324860173     
   146.199995640527        11990.8259357674     
   146.299995634590        11990.8195503899     
   146.399995628653        11990.8133256684     
   146.499995622716        11990.8072576071     
   146.599995616780        11990.8013422721     
   146.699995610843        11990.7955758252     
   146.799995604906        11990.7899545164     
   146.899995598969        11990.7844746926     
   146.999995593032        11990.7791327935     
   147.099995587096        11990.7739253474     
   147.199995581159        11990.7688489735     
   147.299995575222        11990.7639003766     
   147.399995569285        11990.7590763444     
   147.499995563348        11990.7543737423     
   147.599995557411        11990.7497895128     
   147.699995551475        11990.7453206777     
   147.799995545538        11990.7409642696     
   147.899995539601        11990.7367175389     
   147.999995533664        11990.7325777410     
   148.099995527727        11990.7285421652     
   148.199995521791        11990.7246081424     
   148.299995515854        11990.7207731120     
   148.399995509917        11990.7170346812     
   148.499995503980        11990.7133903727     
   148.599995498043        11990.7098377061     
   148.699995492106        11990.7063745471     
   148.799995486170        11990.7029985937     
   148.899995480233        11990.6997075107     
   148.999995474296        11990.6964993821     
   149.099995468359        11990.6933719544     
   149.199995462422        11990.6903232755     
   149.299995456486        11990.6873513807     
   149.399995450549        11990.6844542115     
   149.499995444612        11990.6816300834     
   149.599995438675        11990.6788769289     
   149.699995432738        11990.6761932055     
   149.799995426802        11990.6735769237     
   149.899995420865        11990.6710266249     
   149.999995414928        11990.6685404100     
