   95.0999986742407       0.000000000000000E+000
   95.1999986683039       0.000000000000000E+000
   95.2999986623671       0.000000000000000E+000
   95.3999986564303       0.000000000000000E+000
   95.4999986504935       0.000000000000000E+000
   95.5999986445566       0.000000000000000E+000
   95.6999986386198       0.000000000000000E+000
   95.7999986326830       0.000000000000000E+000
   95.8999986267462       0.000000000000000E+000
   95.9999986208094       0.000000000000000E+000
   96.0999986148725       0.000000000000000E+000
   96.1999986089357       0.000000000000000E+000
   96.2999986029989       0.000000000000000E+000
   96.3999985970621       0.000000000000000E+000
   96.4999985911253       0.000000000000000E+000
   96.5999985851885       0.000000000000000E+000
   96.6999985792516       0.000000000000000E+000
   96.7999985733148       0.000000000000000E+000
   96.8999985673780       0.000000000000000E+000
   96.9999985614412       0.000000000000000E+000
   97.0999985555044       0.000000000000000E+000
   97.1999985495676       0.000000000000000E+000
   97.2999985436307       0.000000000000000E+000
   97.3999985376939       0.000000000000000E+000
   97.4999985317571       0.000000000000000E+000
   97.5999985258203       0.000000000000000E+000
   97.6999985198835       0.000000000000000E+000
   97.7999985139466       0.000000000000000E+000
   97.8999985080098       0.000000000000000E+000
   97.9999985020730       0.000000000000000E+000
   98.0999984961362       0.000000000000000E+000
   98.1999984901994       0.000000000000000E+000
   98.2999984842626       0.000000000000000E+000
   98.3999984783257       0.000000000000000E+000
   98.4999984723889       0.000000000000000E+000
   98.5999984664521       0.000000000000000E+000
   98.6999984605153       0.000000000000000E+000
   98.7999984545785       0.000000000000000E+000
   98.8999984486417       0.000000000000000E+000
   98.9999984427048       0.000000000000000E+000
   99.0999984367680       0.000000000000000E+000
   99.1999984308312       0.000000000000000E+000
   99.2999984248944       0.000000000000000E+000
   99.3999984189576       0.000000000000000E+000
   99.4999984130207       0.000000000000000E+000
   99.5999984070839       0.000000000000000E+000
   99.6999984011471       0.000000000000000E+000
   99.7999983952103       0.000000000000000E+000
   99.8999983892735       0.000000000000000E+000
   99.9999983833367       0.000000000000000E+000
   100.099998377400       5.931062151957520E-002
   100.199998371463       2.676028677943243E-002
   100.299998365526       2.002408278028466E-002
   100.399998359589       1.827973684755648E-002
   100.499998353653       1.752131545932651E-002
   100.599998347716       1.697336383369321E-002
   100.699998341779       1.648311154070192E-002
   100.799998335842       1.601872287997941E-002
   100.899998329905       1.557239792072742E-002
   100.999998323968       1.514145406604341E-002
   101.099998318032       1.472448536537111E-002
   101.199998312095       1.432050431925924E-002
   101.299998306158       1.392872183717857E-002
   101.399998300221       1.354848334689670E-002
   101.499998294284       1.317924236595186E-002
   101.599998288348       1.282053879208263E-002
   101.699998282411       1.247197778082096E-002
   101.799998276474       1.213321186724267E-002
   101.899998270537       1.180392759134271E-002
   101.999998264600       1.148383597749855E-002
   102.099998258663       1.117266564411367E-002
   102.199998252727       1.087015760148257E-002
   102.299998246790       1.057606133334609E-002
   102.399998240853       1.029013223284720E-002
   102.499998234916       1.001213067496406E-002
   102.599998228979       9.741822802812878E-003
   102.699998223043       9.478982539602573E-003
   102.799998217106       9.223393795167172E-003
   102.899998211169       8.974851783631943E-003
   102.999998205232       8.733162899081983E-003
   103.099998199295       8.498143322421430E-003
   103.199998193358       8.269616987799501E-003
   103.299998187422       8.047413565926172E-003
   103.399998181485       7.831366880266260E-003
   103.499998175548       7.621313888813125E-003
   103.599998169611       7.417094171429751E-003
   103.699998163674       7.218549781536665E-003
   103.799998157738       7.025525316617345E-003
   103.899998151801       6.837868093186717E-003
   103.999998145864       6.655428350389144E-003
   104.099998139927       6.478059439012853E-003
   104.199998133990       6.305617975615380E-003
   104.299998128054       6.137963955606545E-003
   104.399998122117       5.974960826799648E-003
   104.499998116180       5.816475528429687E-003
   104.599998110243       5.662378501689426E-003
   104.699998104306       5.512543677643859E-003
   104.799998098369       5.366848447614167E-003
   104.899998092433       5.225173620244563E-003
   104.999998086496       5.087403368580737E-003
   105.099998080559       4.953425169763590E-003
   105.199998074622       4.823129739330310E-003
   105.299998068685       4.696410961655168E-003
   105.399998062749       4.573165817695691E-003
   105.499998056812       4.453294310951364E-003
   105.599998050875       4.336699392328913E-003
   105.699998044938       4.223286884468444E-003
   105.799998039001       4.112965405959628E-003
   105.899998033064       4.005646295804447E-003
   105.999998027128       3.901243538399260E-003
   106.099998021191       3.799673689276687E-003
   106.199998015254       3.700855801787648E-003
   106.299998009317       3.604711354883475E-003
   106.399998003380       3.511164182122008E-003
   106.499997997444       3.420140402002237E-003
   106.599997991507       3.331568349710323E-003
   106.699997985570       3.245378510341873E-003
   106.799997979633       3.161503453654904E-003
   106.899997973696       3.079877770387396E-003
   106.999997967759       3.000438010169981E-003
   107.099997961823       2.923122621047185E-003
   107.199997955886       2.847871890622044E-003
   107.299997949949       2.774627888815598E-003
   107.399997944012       2.703334412244446E-003
   107.499997938075       2.633936930200460E-003
   107.599997932139       2.566382532218925E-003
   107.699997926202       2.500619877213197E-003
   107.799997920265       2.436599144152778E-003
   107.899997914328       2.374271984259612E-003
   107.999997908391       2.313591474691888E-003
   108.099997902454       2.254512073684211E-003
   108.199997896518       2.196989577114237E-003
   108.299997890581       2.140981076457646E-003
   108.399997884644       2.086444918100116E-003
   108.499997878707       2.033340663969596E-003
   108.599997872770       1.981629053453190E-003
   108.699997866834       1.931271966560846E-003
   108.799997860897       1.882232388303081E-003
   108.899997854960       1.834474374243630E-003
   108.999997849023       1.787963017192592E-003
   109.099997843086       1.742664415004721E-003
   109.199997837149       1.698545639447124E-003
   109.299997831213       1.655574706103804E-003
   109.399997825276       1.613720545279738E-003
   109.499997819339       1.572952973876246E-003
   109.599997813402       1.533242668201211E-003
   109.699997807465       1.494561137684624E-003
   109.799997801529       1.456880699468454E-003
   109.899997795592       1.420174453840094E-003
   109.999997789655       1.384416260480799E-003
   110.099997783718       1.349580715502170E-003
   110.199997777781       1.315643129239764E-003
   110.299997771844       1.282579504780762E-003
   110.399997765908       1.250366517198148E-003
   110.499997759971       1.218981493466707E-003
   110.599997754034       1.188402393036808E-003
   110.699997748097       1.158607789042232E-003
   110.799997742160       1.129576850121024E-003
   110.899997736224       1.101289322824658E-003
   110.999997730287       1.073725514598677E-003
   111.099997724350       1.046866277309690E-003
   111.199997718413       1.020692991303319E-003
   111.299997712476       9.951875499724168E-004
   111.399997706539       9.703323448169448E-004
   111.499997700603       9.461102509792399E-004
   111.599997694666       9.225046132375675E-004
   111.699997688729       8.994992324404575E-004
   111.799997682792       8.770783523677279E-004
   111.899997676855       8.552266470034343E-004
   111.999997670919       8.339292082037402E-004
   112.099997664982       8.131715337494469E-004
   112.199997659045       7.929395157660873E-004
   112.299997653108       7.732194295018594E-004
   112.399997647171       7.539979224488520E-004
   112.499997641234       7.352620037969499E-004
   112.599997635298       7.169990342078458E-004
   112.699997629361       6.991967158991995E-004
   112.799997623424       6.818430830279148E-004
   112.899997617487       6.649264923615731E-004
   112.999997611550       6.484356142302368E-004
   113.099997605614       6.323594237466256E-004
   113.199997599677       6.166871922878075E-004
   113.299997593740       6.014084792281454E-004
   113.399997587803       5.865131239165767E-004
   113.499997581866       5.719912378884397E-004
   113.599997575929       5.578331973055998E-004
   113.699997569993       5.440296356171923E-004
   113.799997564056       5.305714364325177E-004
   113.899997558119       5.174497266010854E-004
   113.999997552182       5.046558694920124E-004
   114.099997546245       4.921814584665773E-004
   114.199997540309       4.800183105379812E-004
   114.299997534372       4.681584602124077E-004
   114.399997528435       4.565941535056037E-004
   114.499997522498       4.453178421295960E-004
   114.599997516561       4.343221778442232E-004
   114.699997510624       4.236000069685701E-004
   114.799997504688       4.131443650470915E-004
   114.899997498751       4.029484716662887E-004
   114.999997492814       3.930057254165895E-004
   115.099997486877       3.833096989962664E-004
   115.199997480940       3.738541344517934E-004
   115.299997475004       3.646329385517281E-004
   115.399997469067       3.556401782895380E-004
   115.499997463130       3.468700765119448E-004
   115.599997457193       3.383170076690537E-004
   115.699997451256       3.299754936825786E-004
   115.799997445319       3.218401999289162E-004
   115.899997439383       3.139059313339278E-004
   115.999997433446       3.061676285761012E-004
   116.099997427509       2.986203643947671E-004
   116.199997421572       2.912593400009848E-004
   116.299997415635       2.840798815877496E-004
   116.399997409699       2.770774369367817E-004
   116.499997403762       2.702475721196519E-004
   116.599997397825       2.635859682899606E-004
   116.699997391888       2.570884185644750E-004
   116.799997385951       2.507508249907933E-004
   116.899997380014       2.445691955988028E-004
   116.999997374078       2.385396415341806E-004
   117.099997368141       2.326583742709930E-004
   117.199997362204       2.269217029018183E-004
   117.299997356267       2.213260315030302E-004
   117.399997350330       2.158678565731805E-004
   117.499997344394       2.105437645423260E-004
   117.599997338457       2.053504293510788E-004
   117.699997332520       2.002846100961258E-004
   117.799997326583       1.953431487419048E-004
   117.899997320646       1.905229678956370E-004
   117.999997314709       1.858210686443253E-004
   118.099997308773       1.812345284519341E-004
   118.199997302836       1.767604991152963E-004
   118.299997296899       1.723962047766674E-004
   118.399997290962       1.681389399920931E-004
   118.499997285025       1.639860678533449E-004
   118.599997279089       1.599350181623504E-004
   118.699997273152       1.559832856565458E-004
   118.799997267215       1.521284282837833E-004
   118.899997261278       1.483680655253272E-004
   118.999997255341       1.446998767657731E-004
   119.099997249404       1.411215997083826E-004
   119.199997243468       1.376310288346138E-004
   119.299997237531       1.342260139067861E-004
   119.399997231594       1.309044585123969E-004
   119.499997225657       1.276643186492102E-004
   119.599997219720       1.245036013496007E-004
   119.699997213784       1.214203633433886E-004
   119.799997207847       1.184127097579672E-004
   119.899997201910       1.154787928544427E-004
   119.999997195973       1.126168107991206E-004
   120.099997190036       1.146561318361341E-004
   120.199997184100       1.142082128073790E-004
   120.299997178163       1.136461605706973E-004
   120.399997172226       1.129905069496708E-004
   120.499997166289       1.122498234456556E-004
   120.599997160352       1.114306350515614E-004
   120.699997154415       1.105377266122090E-004
   120.799997148479       1.095743330926161E-004
   120.899997142542       1.085422040398007E-004
   120.999997136605       1.074414927313337E-004
   121.099997130668       1.062709643314387E-004
   121.199997124731       1.050300749019172E-004
   121.299997118795       1.037213928319699E-004
   121.399997112858       1.023484680416852E-004
   121.499997106921       1.009130201348237E-004
   121.599997100984       9.941557294554001E-005
   121.699997095047       9.785707859113238E-005
   121.799997089110       9.623987192410988E-005
   121.899997083174       9.456794972717588E-005
   121.999997077237       9.284682690834754E-005
   122.099997071300       9.108320227476887E-005
   122.199997065363       8.928458365504982E-005
   122.299997059426       8.745892614165585E-005
   122.399997053490       8.561429799967802E-005
   122.499997047553       8.375858699259182E-005
   122.599997041616       8.189926083850560E-005
   122.699997035679       8.004319034987611E-005
   122.799997029742       7.819653600522800E-005
   122.899997023805       7.636469196864910E-005
   122.999997017869       7.455227741612269E-005
   123.099997011932       7.276316345226196E-005
   123.199997005995       7.100052426457418E-005
   123.299997000058       6.926690269067221E-005
   123.399996994121       6.756428240547172E-005
   123.499996988185       6.589416100787217E-005
   123.599996982248       6.425762013223668E-005
   123.699996976311       6.265539020983218E-005
   123.799996970374       6.108790864076081E-005
   123.899996964437       5.955537094233462E-005
   123.999996958500       5.805777497498494E-005
   124.099996952564       5.659495867400302E-005
   124.199996946627       5.516663189244467E-005
   124.299996940690       5.377240303409212E-005
   124.399996934753       5.241180116172124E-005
   124.499996928816       5.108429423157559E-005
   124.599996922880       4.978930404829486E-005
   124.699996916943       4.852621846822841E-005
   124.799996911006       4.729440131066623E-005
   124.899996905069       4.609320037106277E-005
   124.999996899132       4.492195387021007E-005
   125.099996893195       4.377999561985478E-005
   125.199996887259       4.266665913856914E-005
   125.299996881322       4.158128091165378E-005
   125.399996875385       4.052320295498178E-005
   125.499996869448       3.949177481410033E-005
   125.599996863511       3.848635510625257E-005
   125.699996857575       3.750631269311725E-005
   125.799996851638       3.655102755595648E-005
   125.899996845701       3.561989143154412E-005
   125.999996839764       3.471230825605666E-005
   126.099996833827       3.382769445542343E-005
   126.199996827890       3.296547911320001E-005
   126.299996821954       3.212510404113102E-005
   126.399996816017       3.130602377276577E-005
   126.499996810080       3.050770549643994E-005
   126.599996804143       2.972962894104473E-005
   126.699996798206       2.897128622501068E-005
   126.799996792270       2.823218167728179E-005
   126.899996786333       2.751183163705900E-005
   126.999996780396       2.680976423787693E-005
   127.099996774459       2.612551918042088E-005
   127.199996768522       2.545864749761674E-005
   127.299996762585       2.480871131483463E-005
   127.399996756649       2.417528360748322E-005
   127.499996750712       2.355794795749316E-005
   127.599996744775       2.295629831061990E-005
   127.699996738838       2.236993873510473E-005
   127.799996732901       2.179848318280197E-005
   127.899996726965       2.124155525348326E-005
   127.999996721028       2.069878796278715E-005
   128.099996715091       2.016982351374825E-005
   128.199996709154       1.965431307315682E-005
   128.299996703217       1.915191655187256E-005
   128.399996697280       1.866230238984968E-005
   128.499996691344       1.818514734578981E-005
   128.599996685407       1.772013629145811E-005
   128.699996679470       1.726696201075496E-005
   128.799996673533       1.682532500312795E-005
   128.899996667596       1.639493329198739E-005
   128.999996661660       1.597550223746934E-005
   129.099996655723       1.556675435362184E-005
   129.199996649786       1.516841913019293E-005
   129.299996643849       1.478023285865571E-005
   129.399996637912       1.440193846235185E-005
   129.499996631975       1.403328533118693E-005
   129.599996626039       1.367402915992202E-005
   129.699996620102       1.332393179072487E-005
   129.799996614165       1.298276105966282E-005
   129.899996608228       1.265029064686658E-005
   129.999996602291       1.232629993031140E-005
   130.099996596355       1.201057384350754E-005
   130.199996590418       1.170290273653714E-005
   130.299996584481       1.140308224060110E-005
   130.399996578544       1.111091313585777E-005
   130.499996572607       1.082620122263574E-005
   130.599996566670       1.054875719584407E-005
   130.699996560734       1.027839652248805E-005
   130.799996554797       1.001493932223222E-005
   130.899996548860       9.758210250939367E-006
   130.999996542923       9.508038387128021E-006
   131.099996536986       9.264257121238271E-006
   131.199996531050       9.026704047669704E-006
   131.299996525113       8.795220859513508E-006
   131.399996519176       8.569653245902780E-006
   131.499996513239       8.349850791918878E-006
   131.599996507302       8.135666881003930E-006
   131.699996501365       7.926958599808188E-006
   131.799996495429       7.723586645413270E-006
   131.899996489492       7.525415234829698E-006
   131.999996483555       7.332312016857332E-006
   132.099996477618       7.144147985934359E-006
   132.199996471681       6.960797398388587E-006
   132.299996465745       6.782137690638874E-006
   132.399996459808       6.608049399440170E-006
   132.499996453871       6.438416084077117E-006
   132.599996447934       6.273124250710390E-006
   132.699996441997       6.112063278186522E-006
   132.799996436060       5.955125346254185E-006
   132.899996430124       5.802205364985277E-006
   132.999996424187       5.653200906498587E-006
   133.099996418250       5.508012137848081E-006
   133.199996412313       5.366541756136959E-006
   133.299996406376       5.228694924691388E-006
   133.399996400440       5.094379211249372E-006
   133.499996394503       4.963504527533733E-006
   133.599996388566       4.835983070191216E-006
   133.699996382629       4.711729263429791E-006
   133.799996376692       4.590659703008500E-006
   133.899996370756       4.472693101465439E-006
   133.999996364819       4.357750234921046E-006
   134.099996358882       4.245753891103003E-006
   134.199996352945       4.136628818698615E-006
   134.299996347008       4.030301677870614E-006
   134.399996341071       3.926700992140522E-006
   134.499996335135       3.825757101383077E-006
   134.599996329198       3.727402116038875E-006
   134.699996323261       3.631569872451014E-006
   134.799996317324       3.538195889254221E-006
   134.899996311387       3.447217324961379E-006
   134.999996305451       3.358572936541858E-006
   135.099996299514       3.272203039033867E-006
   135.199996293577       3.188049466205817E-006
   135.299996287640       3.106055532173080E-006
   135.399996281703       3.026165993931952E-006
   135.499996275766       2.948327014921854E-006
   135.599996269830       2.872486129439134E-006
   135.699996263893       2.798592207953944E-006
   135.799996257956       2.726595423299105E-006
   135.899996252019       2.656447217741901E-006
   135.999996246082       2.588100270775403E-006
   136.099996240146       2.521508467845681E-006
   136.199996234209       2.456626869790316E-006
   136.299996228272       2.393411683062427E-006
   136.399996222335       2.331820230698625E-006
   136.499996216398       2.271810924057113E-006
   136.599996210461       2.213343235162220E-006
   136.699996204525       2.156377669861752E-006
   136.799996198588       2.100875741597557E-006
   136.899996192651       2.046799945843854E-006
   136.999996186714       1.994113735201791E-006
   137.099996180777       1.942781495124917E-006
   137.199996174841       1.892768520204474E-006
   137.299996168904       1.844040991126106E-006
   137.399996162967       1.796565952164684E-006
   137.499996157030       1.750311289246151E-006
   137.599996151093       1.705245708592344E-006
   137.699996145156       1.661338715865863E-006
   137.799996139220       1.618560595851152E-006
   137.899996133283       1.576882392671690E-006
   137.999996127346       1.536275890481669E-006
   138.099996121409       1.496713594649741E-006
   138.199996115472       1.458168713444309E-006
   138.299996109536       1.420615140122847E-006
   138.399996103599       1.384027435527828E-006
   138.499996097662       1.348380811102408E-006
   138.599996091725       1.313651112333071E-006
   138.699996085788       1.279814802611232E-006
   138.799996079851       1.246848947520145E-006
   138.899996073915       1.214731199482953E-006
   138.999996067978       1.183439782826783E-006
   139.099996062041       1.152953479223071E-006
   139.199996056104       1.123251613484964E-006
   139.299996050167       1.094314039732280E-006
   139.399996044231       1.066121127901470E-006
   139.499996038294       1.038653750615704E-006
   139.599996032357       1.011893270340545E-006
   139.699996026420       9.858215269195255E-007
   139.799996020483       9.604208253935434E-007
   139.899996014546       9.356739241391062E-007
   139.999996008610       9.115640233034123E-007
   140.099996002673       8.880747535319768E-007
   140.199995996736       8.651901649915609E-007
   140.299995990799       8.428947166605186E-007
   140.399995984862       8.211732658855376E-007
   140.499995978926       8.000110582212146E-007
   140.599995972989       7.793937175178054E-007
   140.699995967052       7.593072362574554E-007
   140.799995961115       7.397379661419632E-007
   140.899995955178       7.206726089147342E-007
   140.999995949241       7.020982074166224E-007
   141.099995943305       6.840021368739099E-007
   141.199995937368       6.663720964055917E-007
   141.299995931431       6.491961007351866E-007
   141.399995925494       6.324624721284092E-007
   141.499995919557       6.161598325315615E-007
   141.599995913621       6.002770959064511E-007
   141.699995907684       5.848034607619161E-007
   141.799995901747       5.697284028774623E-007
   141.899995895810       5.550416682061916E-007
   141.999995889873       5.407332659648446E-007
   142.099995883936       5.267934618989775E-007
   142.199995878000       5.132127717122895E-007
   142.299995872063       4.999819546723353E-007
   142.399995866126       4.870920073775995E-007
   142.499995860189       4.745341576762788E-007
   142.599995854252       4.622998587473209E-007
   142.699995848316       4.503807833284051E-007
   142.799995842379       4.387688180943316E-007
   142.899995836442       4.274560581759342E-007
   142.999995830505       4.164348018195264E-007
   143.099995824568       4.056975451828436E-007
   143.199995818631       3.952369772634152E-007
   143.299995812695       3.850459749564795E-007
   143.399995806758       3.751175982389059E-007
   143.499995800821       3.654450854762357E-007
   143.599995794884       3.560218488502892E-007
   143.699995788947       3.468414698990432E-007
   143.799995783011       3.378976951774026E-007
   143.899995777074       3.291844320243446E-007
   143.999995771137       3.206957444404851E-007
   144.099995765200       3.124258490646015E-007
   144.199995759263       3.043691112630314E-007
   144.299995753326       2.965200413137932E-007
   144.399995747390       2.888732906838708E-007
   144.499995741453       2.814236484098424E-007
   144.599995735516       2.741660375689622E-007
   144.699995729579       2.670955118320120E-007
   144.799995723642       2.602072521190183E-007
   144.899995717706       2.534965633273938E-007
   144.999995711769       2.469588711506136E-007
   145.099995705832       2.405897189784542E-007
   145.199995699895       2.343847648704588E-007
   145.299995693958       2.283397786181226E-007
   145.399995688021       2.224506388657484E-007
   145.499995682085       2.167133303245484E-007
   145.599995676148       2.111239410399429E-007
   145.699995670211       2.056786597436395E-007
   145.799995664274       2.003737732618137E-007
   145.899995658337       1.952056639978107E-007
   145.999995652401       1.901708074758967E-007
   146.099995646464       1.852657699460397E-007
   146.199995640527       1.804872060565103E-007
   146.299995634590       1.758318565779320E-007
   146.399995628653       1.712965461914801E-007
   146.499995622716       1.668781813332298E-007
   146.599995616780       1.625737480903976E-007
   146.699995610843       1.583803101541531E-007
   146.799995604906       1.542950068254504E-007
   146.899995598969       1.503150510708137E-007
   146.999995593032       1.464377276271875E-007
   147.099995587096       1.426603911568233E-007
   147.199995581159       1.389804644494280E-007
   147.299995575222       1.353954366698267E-007
   147.399995569285       1.319028616508937E-007
   147.499995563348       1.285003562301301E-007
   147.599995557411       1.251855986290169E-007
   147.699995551475       1.219563268740740E-007
   147.799995545538       1.188103372581623E-007
   147.899995539601       1.157454828416278E-007
   147.999995533664       1.127596719917735E-007
   148.099995527727       1.098508669597005E-007
   148.199995521791       1.070170824937938E-007
   148.299995515854       1.042563844890655E-007
   148.399995509917       1.015668886707029E-007
   148.499995503980       9.894675931194253E-008
   148.599995498043       9.639420798440715E-008
   148.699995492106       9.390749234120264E-008
   148.799995486170       9.148491492952934E-008
   148.899995480233       8.912482203649626E-008
   148.999995474296       8.682560256294238E-008
   149.099995468359       8.458568692657305E-008
   149.199995462422       8.240354599157509E-008
   149.299995456486       8.027769002952509E-008
   149.399995450549       7.820666770424043E-008
   149.499995444612       7.618906508162009E-008
   149.599995438675       7.422350466911052E-008
   149.699995432738       7.230864447590180E-008
   149.799995426802       7.044317709832990E-008
   149.899995420865       6.862582883134810E-008
   149.999995414928       6.685535879746206E-008
