   95.0999986742407        1147.77694097566     
   95.1999986683039        1147.77694097972     
   95.2999986623671        1147.77694098378     
   95.3999986564303        1147.77694098784     
   95.4999986504935        1147.77694099190     
   95.5999986445566        1147.77694099595     
   95.6999986386198        1147.77694100002     
   95.7999986326830        1147.77694100407     
   95.8999986267462        1147.77694100814     
   95.9999986208094        1147.77694101219     
   96.0999986148725        1147.77694101626     
   96.1999986089357        1147.77694102032     
   96.2999986029989        1147.77694102438     
   96.3999985970621        1147.77694102844     
   96.4999985911253        1147.77694103250     
   96.5999985851885        1147.77694103656     
   96.6999985792516        1147.77694104062     
   96.7999985733148        1147.77694104469     
   96.8999985673780        1147.77694104875     
   96.9999985614412        1147.77694105281     
   97.0999985555044        1147.77694105687     
   97.1999985495676        1147.77694106094     
   97.2999985436307        1147.77694106500     
   97.3999985376939        1147.77694106906     
   97.4999985317571        1147.77694107313     
   97.5999985258203        1147.77694107720     
   97.6999985198835        1147.77694108126     
   97.7999985139466        1147.77694108532     
   97.8999985080098        1147.77694108939     
   97.9999985020730        1147.77694109346     
   98.0999984961362        1147.77694109753     
   98.1999984901994        1147.77694110159     
   98.2999984842626        1147.77694110565     
   98.3999984783257        1147.77694110972     
   98.4999984723889        1147.77694111379     
   98.5999984664521        1147.77694111786     
   98.6999984605153        1147.77694112192     
   98.7999984545785        1147.77694112599     
   98.8999984486417        1147.77694113006     
   98.9999984427048        1147.77694113413     
   99.0999984367680        1147.77694113820     
   99.1999984308312        1147.77694114227     
   99.2999984248944        1147.77694114634     
   99.3999984189576        1147.77694115041     
   99.4999984130207        1147.77694115448     
   99.5999984070839        1147.77694115854     
   99.6999984011471        1147.77694116261     
   99.7999983952103        1147.77694116668     
   99.8999983892735        1147.77694117075     
   99.9999983833367        1147.77694117482     
   100.099998377400        1125.10577646824     
   100.199998371463        1097.77319788350     
   100.299998365526        1075.68555630127     
   100.399998359589        1057.28942221324     
   100.499998353653        1041.61522914708     
   100.599998347716        1027.99887648551     
   100.699998341779        1015.96212116104     
   100.799998335842        1005.16068671094     
   100.899998329905        995.357989821778     
   100.999998323968        986.397655020690     
   101.099998318032        978.171972249589     
   101.199998312095        970.597858097049     
   101.299998306158        963.604223665843     
   101.399998300221        957.126987610144     
   101.499998294284        951.107662982630     
   101.599998288348        945.493266223869     
   101.699998282411        940.236475351839     
   101.799998276474        935.295605212359     
   101.899998270537        930.634330713447     
   101.999998264600        926.221241513076     
   102.099998258663        922.029331328880     
   102.199998252727        918.035490674704     
   102.299998246790        914.220028740399     
   102.399998240853        910.566216617897     
   102.499998234916        907.059829055697     
   102.599998228979        903.688671827638     
   102.699998223043        900.442113207028     
   102.799998217106        897.310669820541     
   102.899998211169        894.285701822099     
   102.999998205232        891.359242148121     
   103.099998199295        888.523940748979     
   103.199998193358        885.773076028612     
   103.299998187422        883.100583863952     
   103.399998181485        880.501071108591     
   103.499998175548        877.969800740110     
   103.599998169611        875.502650384850     
   103.699998163674        873.096052741892     
   103.799998157738        870.746927477238     
   103.899998151801        868.452612307578     
   103.999998145864        866.210798339009     
   104.099998139927        864.019472352138     
   104.199998133990        861.876867001943     
   104.299998128054        859.781418823323     
   104.399998122117        857.731733354703     
   104.499998116180        855.726556450154     
   104.599998110243        853.764750810191     
   104.699998104306        851.845276826710     
   104.799998098369        849.967176951119     
   104.899998092433        848.129562919296     
   104.999998086496        846.331605285461     
   105.099998080559        844.572524820938     
   105.199998074622        842.851585421925     
   105.299998068685        841.168088241491     
   105.399998062749        839.521366817507     
   105.499998056812        837.910783016182     
   105.599998050875        836.335723643767     
   105.699998044938        834.795597610147     
   105.799998039001        833.289833548249     
   105.899998033064        831.817877812596     
   105.999998027128        830.379192793070     
   106.099998021191        828.973255492430     
   106.199998015254        827.599556323766     
   106.299998009317        826.257598093500     
   106.399998003380        824.946895138375     
   106.499997997444        823.666972593495     
   106.599997991507        822.417365769014     
   106.699997985570        821.197619619190     
   106.799997979633        820.007288287757     
   106.899997973696        818.845934718976     
   106.999997967759        817.713130321724     
   107.099997961823        816.608454679285     
   107.199997955886        815.531495296659     
   107.299997949949        814.481847379090     
   107.399997944012        813.459113636607     
   107.499997938075        812.462904109096     
   107.599997932139        811.492836009812     
   107.699997926202        810.548533581828     
   107.799997920265        809.629627966466     
   107.899997914328        808.735757079568     
   107.999997908391        807.866565496337     
   108.099997902454        807.021704338814     
   108.199997896518        806.200831169647     
   108.299997890581        805.403609886286     
   108.399997884644        804.629710617853     
   108.499997878707        803.878809621684     
   108.599997872770        803.150589181386     
   108.699997866834        802.444737502041     
   108.799997860897        801.760948606200     
   108.899997854960        801.098922227068     
   108.999997849023        800.458363700430     
   109.099997843086        799.838983854918     
   109.199997837149        799.240498898864     
   109.299997831213        798.662630305291     
   109.399997825276        798.105104695090     
   109.499997819339        797.567653716809     
   109.599997813402        797.050013923907     
   109.699997807465        796.551926649509     
   109.799997801529        796.073137879348     
   109.899997795592        795.613398120916     
   109.999997789655        795.172462271136     
   110.099997783718        794.750089481988     
   110.199997777781        794.346043022523     
   110.299997771844        793.960090139966     
   110.399997765908        793.592001919262     
   110.499997759971        793.241553139090     
   110.599997754034        792.908522128155     
   110.699997748097        792.592690618165     
   110.799997742160        792.293843597995     
   110.899997736224        792.011769163158     
   110.999997730287        791.746258369244     
   111.099997724350        791.497105079322     
   111.199997718413        791.264105814480     
   111.299997712476        791.047059604066     
   111.399997706539        790.845767833966     
   111.499997700603        790.660034095284     
   111.599997694666        790.489664036892     
   111.699997688729        790.334465214010     
   111.799997682792        790.194246939913     
   111.899997676855        790.068820140901     
   111.999997670919        789.957997207833     
   112.099997664982        789.861591855183     
   112.199997659045        789.779418976832     
   112.299997653108        789.711294508087     
   112.399997647171        789.657035287937     
   112.499997641234        789.616458925429     
   112.599997635298        789.589383668157     
   112.699997629361        789.575628274574     
   112.799997623424        789.575011890181     
   112.899997617487        789.587353926294     
   112.999997611550        789.612473945687     
   113.099997605614        789.650191548569     
   113.199997599677        789.700326267298     
   113.299997593740        789.762697461597     
   113.399997587803        789.837124224104     
   113.499997581866        789.923425285726     
   113.599997575929        790.021418929074     
   113.699997569993        790.130922909330     
   113.799997564056        790.251754376767     
   113.899997558119        790.383729807796     
   113.999997552182        790.526664942213     
   114.099997546245        790.680374726162     
   114.199997540309        790.844673260801     
   114.299997534372        791.019373758232     
   114.399997528435        791.204288503786     
   114.499997522498        791.399228824856     
   114.599997516561        791.604005066483     
   114.699997510624        791.818426573141     
   114.799997504688        792.042301677955     
   114.899997498751        792.275437697999     
   114.999997492814        792.517640934998     
   115.099997486877        792.768716686919     
   115.199997480940        793.028469260421     
   115.299997475004        793.296701993775     
   115.399997469067        793.573217283905     
   115.499997463130        793.857816621956     
   115.599997457193        794.150300631832     
   115.699997451256        794.450469117623     
   115.799997445319        794.758121114159     
   115.899997439383        795.073054945353     
   115.999997433446        795.395068287287     
   116.099997427509        795.723958234534     
   116.199997421572        796.059521374170     
   116.299997415635        796.401553862913     
   116.399997409699        796.749851508045     
   116.499997403762        797.104209854539     
   116.599997397825        797.464424274394     
   116.699997391888        797.830290059275     
   116.799997385951        798.201602518101     
   116.899997380014        798.578157074888     
   116.999997374078        798.959749373642     
   117.099997368141        799.346175380496     
   117.199997362204        799.737231491056     
   117.299997356267        800.132714638964     
   117.399997350330        800.532422405738     
   117.499997344394        800.936153131535     
   117.599997338457        801.343706025758     
   117.699997332520        801.754881280844     
   117.799997326583        802.169480183602     
   117.899997320646        802.587305227814     
   117.999997314709        803.008160225819     
   118.099997308773        803.431850419700     
   118.199997302836        803.858182591389     
   118.299997296899        804.286965171559     
   118.399997290962        804.718008347068     
   118.499997285025        805.151124166569     
   118.599997279089        805.586126644222     
   118.699997273152        806.022831861096     
   118.799997267215        806.461058063859     
   118.899997261278        806.900625760855     
   118.999997255341        807.341357817918     
   119.099997249404        807.783079544042     
   119.199997243468        808.225618784442     
   119.299997237531        808.668806000002     
   119.399997231594        809.112474348038     
   119.499997225657        809.556459762507     
   119.599997219720        810.000601023455     
   119.699997213784        810.444739827156     
   119.799997207847        810.888720853088     
   119.899997201910        811.332391823110     
   119.999997195973        811.775603557643     
   120.099997190036        803.685390158999     
   120.199997184100        811.302207010006     
   120.299997178163        820.096432099984     
   120.399997172226        829.951120691924     
   120.499997166289        840.803537714519     
   120.599997160352        852.576425635291     
   120.699997154415        865.178590353075     
   120.799997148479        878.505765439203     
   120.899997142542        892.442003015220     
   120.999997136605        906.862223957558     
   121.099997130668        921.633902796419     
   121.199997124731        936.609694073373     
   121.299997118795        951.617754291093     
   121.399997112858        966.478545600355     
   121.499997106921        981.028851898593     
   121.599997100984        995.125792223746     
   121.699997095047        1008.64378730421     
   121.799997089110        1021.47471320559     
   121.899997083174        1033.53075873797     
   121.999997077237        1044.74778798486     
   122.099997071300        1055.08741445087     
   122.199997065363        1064.53685741512     
   122.299997059426        1073.10666156745     
   122.399997053490        1080.82692274478     
   122.499997047553        1087.74276904946     
   122.599997041616        1093.90973794680     
   122.699997035679        1099.38951267895     
   122.799997029742        1104.24629819023     
   122.899997023805        1108.54395825464     
   122.999997017869        1112.34391633772     
   123.099997011932        1115.70374585484     
   123.199997005995        1118.67633574027     
   123.299997000058        1121.30950546222     
   123.399996994121        1123.64595002524     
   123.499996988185        1125.72341174715     
   123.599996982248        1127.57499556251     
   123.699996976311        1129.22956440520     
   123.799996970374        1130.71216874907     
   123.899996964437        1132.04447878613     
   123.999996958500        1133.24519891258     
   124.099996952564        1134.33045249516     
   124.199996946627        1135.31413079475     
   124.299996940690        1136.20820394568     
   124.399996934753        1137.02299449720     
   124.499996928816        1137.76741560420     
   124.599996922880        1138.44917681983     
   124.699996916943        1139.07496082189     
   124.799996911006        1139.65057447082     
   124.899996905069        1140.18107746863     
   124.999996899132        1140.67089165055     
   125.099996893195        1141.12389365107     
   125.199996887259        1141.54349337558     
   125.299996881322        1141.93270040685     
   125.399996875385        1142.29418019124     
   125.499996869448        1142.63030158812     
   125.599996863511        1142.94317713539     
   125.699996857575        1143.23469718392     
   125.799996851638        1143.50655886714     
   125.899996845701        1143.76029073352     
   125.999996839764        1143.99727372699     
   126.099996833827        1144.21875910070     
   126.199996827890        1144.42588374462     
   126.299996821954        1144.61968334112     
   126.399996816017        1144.80110368548     
   126.499996810080        1144.97101045978     
   126.599996804143        1145.13019770190     
   126.699996798206        1145.27939515906     
   126.799996792270        1145.41927471014     
   126.899996786333        1145.55045598298     
   126.999996780396        1145.67351129506     
   127.099996774459        1145.78897000801     
   127.199996768522        1145.89732238177     
   127.299996762585        1145.99902300372     
   127.399996756649        1146.09449385693     
   127.499996750712        1146.18412702715     
   127.599996744775        1146.26828719353     
   127.699996738838        1146.34731383121     
   127.799996732901        1146.42152320586     
   127.899996726965        1146.49121019883     
   127.999996721028        1146.55664998407     
   128.099996715091        1146.61809946612     
   128.199996709154        1146.67579873281     
   128.299996703217        1146.72997227994     
   128.399996697280        1146.78083017095     
   128.499996691344        1146.82856910323     
   128.599996685407        1146.87337339065     
   128.699996679470        1146.91541589764     
   128.799996673533        1146.95485881342     
   128.899996667596        1146.99185447772     
   128.999996661660        1147.02654609118     
   129.099996655723        1147.05906834671     
   129.199996649786        1147.08954807309     
   129.299996643849        1147.11810481381     
   129.399996637912        1147.14485128758     
   129.499996631975        1147.16989397557     
   129.599996626039        1147.19333349128     
   129.699996620102        1147.21526501225     
   129.799996614165        1147.23577870053     
   129.899996608228        1147.25496004470     
   129.999996602291        1147.27289013421     
   130.099996596355        1147.28964601472     
   130.199996590418        1147.30530094623     
   130.299996584481        1147.31992465908     
   130.399996578544        1147.33358355419     
   130.499996572607        1147.34634091532     
   130.599996566670        1147.35825710330     
   130.699996560734        1147.36938971609     
   130.799996554797        1147.37979373281     
   130.899996548860        1147.38952164309     
   130.999996542923        1147.39862355903     
   131.099996536986        1147.40714731497     
   131.199996531050        1147.41513855307     
   131.299996525113        1147.42264079626     
   131.399996519176        1147.42969551180     
   131.499996513239        1147.43634216519     
   131.599996507302        1147.44261826572     
   131.699996501365        1147.44855940522     
   131.799996495429        1147.45419929544     
   131.899996489492        1147.45956980103     
   131.999996483555        1147.46470096069     
   132.099996477618        1147.46962097161     
   132.199996471681        1147.47435628744     
   132.299996465745        1147.47893163556     
   132.399996459808        1147.48336994263     
   132.499996453871        1147.48769246484     
   132.599996447934        1147.49191883119     
   132.699996441997        1147.49606692205     
   132.799996436060        1147.50015313322     
   132.899996430124        1147.50419217577     
   132.999996424187        1147.50819735252     
   133.099996418250        1147.51218036795     
   133.199996412313        1147.51615163024     
   133.299996406376        1147.52012006670     
   133.399996400440        1147.52409333020     
   133.499996394503        1147.52807786543     
   133.599996388566        1147.53207886181     
   133.699996382629        1147.53610040503     
   133.799996376692        1147.54014559060     
   133.899996370756        1147.54421645757     
   133.999996364819        1147.54831415273     
   134.099996358882        1147.55243899154     
   134.199996352945        1147.55659056212     
   134.299996347008        1147.56076769483     
   134.399996341071        1147.56496861928     
   134.499996335135        1147.56919099610     
   134.599996329198        1147.57343201000     
   134.699996323261        1147.57768844723     
   134.799996317324        1147.58195667801     
   134.899996311387        1147.58623279098     
   134.999996305451        1147.59051262673     
   135.099996299514        1147.59479182002     
   135.199996293577        1147.59906588152     
   135.299996287640        1147.60333024442     
   135.399996281703        1147.60758024173     
   135.499996275766        1147.61181121417     
   135.599996269830        1147.61601852607     
   135.699996263893        1147.62019759235     
   135.799996257956        1147.62434390869     
   135.899996252019        1147.62845314460     
   135.999996246082        1147.63252103282     
   136.099996240146        1147.63654349201     
   136.199996234209        1147.64051661793     
   136.299996228272        1147.64443669287     
   136.399996222335        1147.64830019213     
   136.499996216398        1147.65210387409     
   136.599996210461        1147.65584463995     
   136.699996204525        1147.65951965041     
   136.799996198588        1147.66312629589     
   136.899996192651        1147.66666219789     
   136.999996186714        1147.67012521793     
   137.099996180777        1147.67351349582     
   137.199996174841        1147.67682534348     
   137.299996168904        1147.68005932833     
   137.399996162967        1147.68321424386     
   137.499996157030        1147.68628908933     
   137.599996151093        1147.68928311948     
   137.699996145156        1147.69219578596     
   137.799996139220        1147.69502671817     
   137.899996133283        1147.69777575451     
   137.999996127346        1147.70044291823     
   138.099996121409        1147.70302839253     
   138.199996115472        1147.70553259118     
   138.299996109536        1147.70795603469     
   138.399996103599        1147.71029940045     
   138.499996097662        1147.71256351497     
   138.599996091725        1147.71474933662     
   138.699996085788        1147.71685792947     
   138.799996079851        1147.71889052675     
   138.899996073915        1147.72084842696     
   138.999996067978        1147.72273302151     
   139.099996062041        1147.72454579792     
   139.199996056104        1147.72628832547     
   139.299996050167        1147.72796223517     
   139.399996044231        1147.72956921869     
   139.499996038294        1147.73111107617     
   139.599996032357        1147.73258958478     
   139.699996026420        1147.73400658701     
   139.799996020483        1147.73536395986     
   139.899996014546        1147.73666360376     
   139.999996008610        1147.73790743830     
   140.099996002673        1147.73909738279     
   140.199995996736        1147.74023539077     
   140.299995990799        1147.74132341887     
   140.399995984862        1147.74236338520     
   140.499995978926        1147.74335721680     
   140.599995972989        1147.74430682363     
   140.699995967052        1147.74521409850     
   140.799995961115        1147.74608090904     
   140.899995955178        1147.74690909663     
   140.999995949241        1147.74770046401     
   141.099995943305        1147.74845677961     
   141.199995937368        1147.74917982217     
   141.299995931431        1147.74987126370     
   141.399995925494        1147.75053276137     
   141.499995919557        1147.75116592532     
   141.599995913621        1147.75177231914     
   141.699995907684        1147.75235345832     
   141.799995901747        1147.75291080515     
   141.899995895810        1147.75344577501     
   141.999995889873        1147.75395973000     
   142.099995883936        1147.75445397433     
   142.199995878000        1147.75492976506     
   142.299995872063        1147.75538829660     
   142.399995866126        1147.75583070617     
   142.499995860189        1147.75625810503     
   142.599995854252        1147.75667153450     
   142.699995848316        1147.75707196431     
   142.799995842379        1147.75746032450     
   142.899995836442        1147.75783749922     
   142.999995830505        1147.75820430927     
   143.099995824568        1147.75856153032     
   143.199995818631        1147.75890988785     
   143.299995812695        1147.75925005894     
   143.399995806758        1147.75958267310     
   143.499995800821        1147.75990831358     
   143.599995794884        1147.76022751566     
   143.699995788947        1147.76054077927     
   143.799995783011        1147.76084855886     
   143.899995777074        1147.76115126865     
   143.999995771137        1147.76144927880     
   144.099995765200        1147.76174293484     
   144.199995759263        1147.76203254150     
   144.299995753326        1147.76231836366     
   144.399995747390        1147.76260064606     
   144.499995741453        1147.76287960017     
   144.599995735516        1147.76315539907     
   144.699995729579        1147.76342820783     
   144.799995723642        1147.76369815129     
   144.899995717706        1147.76396533612     
   144.999995711769        1147.76422985035     
   145.099995705832        1147.76449175571     
   145.199995699895        1147.76475110870     
   145.299995693958        1147.76500794849     
   145.399995688021        1147.76526228832     
   145.499995682085        1147.76551412149     
   145.599995676148        1147.76576344821     
   145.699995670211        1147.76601024157     
   145.799995664274        1147.76625447675     
   145.899995658337        1147.76649611575     
   145.999995652401        1147.76673510951     
   146.099995646464        1147.76697141467     
   146.199995640527        1147.76720496818     
   146.299995634590        1147.76743571335     
   146.399995628653        1147.76766359111     
   146.499995622716        1147.76788853132     
   146.599995616780        1147.76811046862     
   146.699995610843        1147.76832934051     
   146.799995604906        1147.76854508030     
   146.899995598969        1147.76875761950     
   146.999995593032        1147.76896689466     
   147.099995587096        1147.76917284666     
   147.199995581159        1147.76937541629     
   147.299995575222        1147.76957454764     
   147.399995569285        1147.76977018773     
   147.499995563348        1147.76996228838     
   147.599995557411        1147.77015080466     
   147.699995551475        1147.77033569389     
   147.799995545538        1147.77051691869     
   147.899995539601        1147.77069445540     
   147.999995533664        1147.77086827819     
   148.099995527727        1147.77103835977     
   148.199995521791        1147.77120468934     
   148.299995515854        1147.77136725337     
   148.399995509917        1147.77152604781     
   148.499995503980        1147.77168107141     
   148.599995498043        1147.77183232774     
   148.699995492106        1147.77197982186     
   148.799995486170        1147.77212357428     
   148.899995480233        1147.77226360512     
   148.999995474296        1147.77239993510     
   149.099995468359        1147.77253258628     
   149.199995462422        1147.77266160116     
   149.299995456486        1147.77278701356     
   149.399995450549        1147.77290885631     
   149.499995444612        1147.77302718501     
   149.599995438675        1147.77314204087     
   149.699995432738        1147.77325347280     
   149.799995426802        1147.77336154385     
   149.899995420865        1147.77346629740     
   149.999995414928        1147.77356780920     
