   95.0999986742407      -1.130467547925238E-004
   95.1999986683039      -1.130467534546457E-004
   95.2999986623671      -1.130467521166796E-004
   95.3999986564303      -1.130467507786251E-004
   95.4999986504935      -1.130467494404824E-004
   95.5999986445566      -1.130467481022512E-004
   95.6999986386198      -1.130467467639321E-004
   95.7999986326830      -1.130467454255244E-004
   95.8999986267462      -1.130467440870284E-004
   95.9999986208094      -1.130467427484444E-004
   96.0999986148725      -1.130467414097719E-004
   96.1999986089357      -1.130467400710111E-004
   96.2999986029989      -1.130467387321618E-004
   96.3999985970621      -1.130467373932245E-004
   96.4999985911253      -1.130467360541987E-004
   96.5999985851885      -1.130467347150844E-004
   96.6999985792516      -1.130467333758819E-004
   96.7999985733148      -1.130467320365912E-004
   96.8999985673780      -1.130467306972117E-004
   96.9999985614412      -1.130467293577442E-004
   97.0999985555044      -1.130467280181880E-004
   97.1999985495676      -1.130467266785434E-004
   97.2999985436307      -1.130467253388105E-004
   97.3999985376939      -1.130467239989895E-004
   97.4999985317571      -1.130467226590794E-004
   97.5999985258203      -1.130467213190812E-004
   97.6999985198835      -1.130467199789942E-004
   97.7999985139466      -1.130467186388198E-004
   97.8999985080098      -1.130467172985558E-004
   97.9999985020730      -1.130467159582037E-004
   98.0999984961362      -1.130467146177629E-004
   98.1999984901994      -1.130467132772337E-004
   98.2999984842626      -1.130467119366163E-004
   98.3999984783257      -1.130467105959103E-004
   98.4999984723889      -1.130467092551158E-004
   98.5999984664521      -1.130467079142325E-004
   98.6999984605153      -1.130467065732608E-004
   98.7999984545785      -1.130467052322006E-004
   98.8999984486417      -1.130467038910518E-004
   98.9999984427048      -1.130467025498145E-004
   99.0999984367680      -1.130467012084886E-004
   99.1999984308312      -1.130466998670740E-004
   99.2999984248944      -1.130466985255709E-004
   99.3999984189576      -1.130466971839791E-004
   99.4999984130207      -1.130466958422990E-004
   99.5999984070839      -1.130466945005299E-004
   99.6999984011471      -1.130466931586721E-004
   99.7999983952103      -1.130466918167262E-004
   99.8999983892735      -1.130466904746911E-004
   99.9999983833367      -1.130466891325675E-004
   100.099998377400       8.892795922231144E-005
   100.199998371463       2.493869680772489E-004
   100.299998365526       3.929698749122850E-004
   100.399998359589       4.964423519744165E-004
   100.499998353653       5.240125875785005E-004
   100.599998347716       4.343625503241752E-004
   100.699998341779       2.161538989389285E-004
   100.799998335842      -6.437808791910085E-005
   100.899998329905      -2.859009516810701E-004
   100.999998323968      -3.596903023561458E-004
   101.099998318032      -2.707237747387968E-004
   101.199998312095      -5.336830599927791E-005
   101.299998306158       2.445684610854950E-004
   101.399998300221       5.817390768950529E-004
   101.499998294284       9.287347116063507E-004
   101.599998288348       1.266922364718636E-003
   101.699998282411       1.585557180682008E-003
   101.799998276474       1.879123639968460E-003
   101.899998270537       2.145379395345007E-003
   101.999998264600       2.384048858918299E-003
   102.099998258663       2.595994259037014E-003
   102.199998252727       2.782706007598276E-003
   102.299998246790       2.945996172802075E-003
   102.399998240853       3.087815988503321E-003
   102.499998234916       3.210145006183452E-003
   102.599998228979       3.314918567453142E-003
   102.699998223043       3.403975345907956E-003
   102.799998217106       3.479018587530319E-003
   102.899998211169       3.541591621040569E-003
   102.999998205232       3.593069188185660E-003
   103.099998199295       3.634663202418876E-003
   103.199998193358       3.667438375326230E-003
   103.299998187422       3.692332118814464E-003
   103.399998181485       3.710174231673556E-003
   103.499998175548       3.721703859946097E-003
   103.599998169611       3.727582968871906E-003
   103.699998163674       3.728406628874938E-003
   103.799998157738       3.724710847237906E-003
   103.899998151801       3.716978705370281E-003
   103.999998145864       3.705645409139237E-003
   104.099998139927       3.691102666887247E-003
   104.199998133990       3.673702643962436E-003
   104.299998128054       3.653761623598053E-003
   104.399998122117       3.631563430179932E-003
   104.499998116180       3.607362630697923E-003
   104.599998110243       3.581387512539994E-003
   104.699998104306       3.553842831448030E-003
   104.799998098369       3.524912325711462E-003
   104.899998092433       3.494760997590460E-003
   104.999998086496       3.463537168340274E-003
   105.099998080559       3.431374317606721E-003
   105.199998074622       3.398392721245630E-003
   105.299998068685       3.364700903589465E-003
   105.399998062749       3.330396921230760E-003
   105.499998056812       3.295569495228380E-003
   105.599998050875       3.260299008321043E-003
   105.699998044938       3.224658382646999E-003
   105.799998039001       3.188713852267960E-003
   105.899998033064       3.152525643549578E-003
   105.999998027128       3.116148575018435E-003
   106.099998021191       3.079632587029936E-003
   106.199998015254       3.043023210414188E-003
   106.299998009317       3.006361982007990E-003
   106.399998003380       2.969686814049254E-003
   106.499997997444       2.933032323438679E-003
   106.599997991507       2.896430126089510E-003
   106.699997985570       2.859909100845997E-003
   106.799997979633       2.823495626811030E-003
   106.899997973696       2.787213797462107E-003
   106.999997967759       2.751085614366345E-003
   107.099997961823       2.715131162994563E-003
   107.199997955886       2.679368772695018E-003
   107.299997949949       2.643815162704947E-003
   107.399997944012       2.608485575722810E-003
   107.499997938075       2.573393900402318E-003
   107.599997932139       2.538552783942630E-003
   107.699997926202       2.503973735765595E-003
   107.799997920265       2.469667223213979E-003
   107.899997914328       2.435642759877469E-003
   107.999997908391       2.401908987422026E-003
   108.099997902454       2.368473751322821E-003
   108.199997896518       2.335344171105053E-003
   108.299997890581       2.302526705488982E-003
   108.399997884644       2.270027212863947E-003
   108.499997878707       2.237851007400522E-003
   108.599997872770       2.206002911163008E-003
   108.699997866834       2.174487302447871E-003
   108.799997860897       2.143308160614696E-003
   108.899997854960       2.112469107632420E-003
   108.999997849023       2.081973446530422E-003
   109.099997843086       2.051824196943803E-003
   109.199997837149       2.022024127929168E-003
   109.299997831213       1.992575788146841E-003
   109.399997825276       1.963481533634425E-003
   109.499997819339       1.934743553196425E-003
   109.599997813402       1.906363891636504E-003
   109.699997807465       1.878344470832438E-003
   109.799997801529       1.850687108852160E-003
   109.899997795592       1.823393537106443E-003
   109.999997789655       1.796465415750921E-003
   110.099997783718       1.769904347292728E-003
   110.199997777781       1.743711888567501E-003
   110.299997771844       1.717889561156390E-003
   110.399997765908       1.692438860269779E-003
   110.499997759971       1.667361262222900E-003
   110.599997754034       1.642658230525813E-003
   110.699997748097       1.618331220705826E-003
   110.799997742160       1.594381683873937E-003
   110.899997736224       1.570811069126021E-003
   110.999997730287       1.547620824869050E-003
   111.099997724350       1.524812399073144E-003
   111.199997718413       1.502387238560906E-003
   111.299997712476       1.480346787368810E-003
   111.399997706539       1.458692484253413E-003
   111.499997700603       1.437425759405703E-003
   111.599997694666       1.416548030399525E-003
   111.699997688729       1.396060697492050E-003
   111.799997682792       1.375965138282755E-003
   111.899997676855       1.356262701807302E-003
   111.999997670919       1.336954702146969E-003
   112.099997664982       1.318042411559942E-003
   112.199997659045       1.299527053263901E-003
   112.299997653108       1.281409793857013E-003
   112.399997647171       1.263691735477486E-003
   112.499997641234       1.246373907745099E-003
   112.599997635298       1.229457259536770E-003
   112.699997629361       1.212942650672736E-003
   112.799997623424       1.196830843521209E-003
   112.899997617487       1.181122494627609E-003
   112.999997611550       1.165818146388618E-003
   113.099997605614       1.150918218822952E-003
   113.199997599677       1.136423001495103E-003
   113.299997593740       1.122332645632752E-003
   113.399997587803       1.108647156494773E-003
   113.499997581866       1.095366386015733E-003
   113.599997575929       1.082490025766152E-003
   113.699997569993       1.070017600301457E-003
   113.799997564056       1.057948460886788E-003
   113.899997558119       1.046281779639267E-003
   113.999997552182       1.035016544185177E-003
   114.099997546245       1.024151552752738E-003
   114.199997540309       1.013685409816000E-003
   114.299997534372       1.003616522241867E-003
   114.399997528435       9.939430960026387E-004
   114.499997522498       9.846631334769847E-004
   114.599997516561       9.757744313323186E-004
   114.699997510624       9.672745789376830E-004
   114.799997504688       9.591609574749098E-004
   114.899997498751       9.514307395605784E-004
   114.999997492814       9.440808895243430E-004
   115.099997486877       9.371081642581179E-004
   115.199997480940       9.305091146727805E-004
   115.299997475004       9.242800877196511E-004
   115.399997469067       9.184172290129075E-004
   115.499997463130       9.129164859834750E-004
   115.599997457193       9.077736115975036E-004
   115.699997451256       9.029841685778659E-004
   115.799997445319       8.985435341457757E-004
   115.899997439383       8.944469052395137E-004
   115.999997433446       8.906893041845448E-004
   116.099997427509       8.872655848019777E-004
   116.199997421572       8.841704389125887E-004
   116.299997415635       8.813984032259187E-004
   116.399997409699       8.789438665582369E-004
   116.499997403762       8.768010773848562E-004
   116.599997397825       8.749641516614651E-004
   116.699997391888       8.734270809012954E-004
   116.799997385951       8.721837404715082E-004
   116.899997380014       8.712278980793881E-004
   116.999997374078       8.705532224123449E-004
   117.099997368141       8.701532919010898E-004
   117.199997362204       8.700216035862324E-004
   117.299997356267       8.701515819901353E-004
   117.399997350330       8.705365881392153E-004
   117.499997344394       8.711699284726665E-004
   117.599997338457       8.720448637256921E-004
   117.699997332520       8.731546178791672E-004
   117.799997326583       8.744923869188086E-004
   117.899997320646       8.760513474803531E-004
   117.999997314709       8.778246654391966E-004
   118.099997308773       8.798055043017099E-004
   118.199997302836       8.819870334343135E-004
   118.299997296899       8.843624360956570E-004
   118.399997290962       8.869249172618437E-004
   118.499997285025       8.896677112238638E-004
   118.599997279089       8.925840889389473E-004
   118.699997273152       8.956673651312991E-004
   118.799997267215       8.989109051214045E-004
   118.899997261278       9.023081313764568E-004
   118.999997255341       9.058525297773106E-004
   119.099997249404       9.095376555821514E-004
   119.199997243468       9.133571391013739E-004
   119.299997237531       9.173046910557218E-004
   119.399997231594       9.213741076279782E-004
   119.499997225657       9.255592752037133E-004
   119.599997219720       9.298541748019891E-004
   119.699997213784       9.342528861902856E-004
   119.799997207847       9.387495916881114E-004
   119.899997201910       9.433385796686094E-004
   119.999997195973       9.480142477435792E-004
   120.099997190036      -3.325201884235837E-003
   120.199997184100      -4.914213209444841E-003
   120.299997178163      -5.862404693293653E-003
   120.399997172226      -6.330413733929926E-003
   120.499997166289      -6.443569028807655E-003
   120.599997160352      -6.301589202767945E-003
   120.699997154415      -5.983123201943909E-003
   120.799997148479      -5.549553444703472E-003
   120.899997142542      -5.048166936412509E-003
   120.999997136605      -4.514800171213600E-003
   121.099997130668      -3.976218328001587E-003
   121.199997124731      -3.452502030087333E-003
   121.299997118795      -2.958606319432997E-003
   121.399997112858      -2.504571544203934E-003
   121.499997106921      -2.096196222453282E-003
   121.599997100984      -1.736309498502189E-003
   121.699997095047      -1.425590051917498E-003
   121.799997089110      -1.162842226176622E-003
   121.899997083174      -9.450697195208144E-004
   121.999997077237      -7.676741937918680E-004
   122.099997071300      -6.249586040839515E-004
   122.199997065363      -5.108570642180108E-004
   122.299997059426      -4.196315981977473E-004
   122.399997053490      -3.463212293733049E-004
   122.499997047553      -2.869023812150863E-004
   122.599997041616      -2.382448483943978E-004
   122.699997035679      -1.979711399921924E-004
   122.799997029742      -1.642949164960307E-004
   122.899997023805      -1.358759415052649E-004
   122.999997017869      -1.117036103690224E-004
   123.099997011932      -9.100872071370281E-005
   123.199997005995      -7.319868488679093E-005
   123.299997000058      -5.781069274729250E-005
   123.399996994121      -4.447806014524249E-005
   123.499996988185      -3.290605639194938E-005
   123.599996982248      -2.285447643099965E-005
   123.699996976311      -1.412499536357078E-005
   123.799996970374      -6.551916220593645E-006
   123.899996964437       4.666587969470657E-009
   123.999996958500       5.663975294562721E-006
   124.099996952564       1.052841207634744E-005
   124.199996946627       1.468651942676425E-005
   124.299996940690       1.821528011443795E-005
   124.399996934753       2.118192967042321E-005
   124.499996928816       2.364540540300504E-005
   124.599996922880       2.565752136712916E-005
   124.699996916943       2.726393418779127E-005
   124.799996911006       2.850494716370199E-005
   124.899996905069       2.941618757415034E-005
   124.999996899132       3.002918313025737E-005
   125.099996893195       3.037185703210362E-005
   125.199996887259       3.046895639625662E-005
   125.299996881322       3.034242539853495E-005
   125.399996875385       3.001173197056478E-005
   125.499996869448       2.949415504092410E-005
   125.599996863511       2.880503793391707E-005
   125.699996857575       2.795801251268389E-005
   125.799996851638       2.696519785477056E-005
   125.899996845701       2.583737665395671E-005
   125.999996839764       2.458415205880329E-005
   126.099996833827       2.321408728197652E-005
   126.199996827890       2.173483000572117E-005
   126.299996821954       2.015322335502992E-005
   126.399996816017       1.847540499506875E-005
   126.499996810080       1.670689573050444E-005
   126.599996804143       1.485267882080418E-005
   126.699996798206       1.291727109491554E-005
   126.799996792270       1.090478682101640E-005
   126.899996786333       8.818995182521974E-006
   126.999996780396       6.663372112787202E-006
   127.099996774459       4.441147154507675E-006
   127.199996768522       2.155345930984243E-006
   127.299996762585      -1.911712553587637E-007
   127.399996756649      -2.595674246656096E-006
   127.499996750712      -5.055530884088611E-006
   127.599996744775      -7.568177556633504E-006
   127.699996738838      -1.013109215714782E-005
   127.799996732901      -1.274176920524467E-005
   127.899996726965      -1.539769693862204E-005
   127.999996721028      -1.809633621451008E-005
   128.099996715091      -2.083510109930990E-005
   128.199996709154      -2.361134105834297E-005
   128.299996703217      -2.642232469011380E-005
   128.399996697280      -2.926522497761875E-005
   128.499996691344      -3.213710605745921E-005
   128.599996685407      -3.503491153113190E-005
   128.699996679470      -3.795545436521212E-005
   128.799996673533      -4.089540844768351E-005
   128.899996667596      -4.385130188105834E-005
   128.999996661660      -4.681951211065197E-005
   129.099996655723      -4.979626299159060E-005
   129.199996649786      -5.277762390713660E-005
   129.299996643849      -5.575951104677514E-005
   129.399996637912      -5.873769096419871E-005
   129.499996631975      -6.170778650008580E-005
   129.599996626039      -6.466528516936111E-005
   129.699996620102      -6.760555007662016E-005
   129.799996614165      -7.052383340232796E-005
   129.899996608228      -7.341529247459257E-005
   129.999996602291      -7.627500840456979E-005
   130.099996596355      -7.909800722269338E-005
   130.199996590418      -8.187928341114273E-005
   130.299996584481      -8.461382567828414E-005
   130.399996578544      -8.729664477399773E-005
   130.499996572607      -8.992280309346113E-005
   130.599996566670      -9.248744576572245E-005
   130.699996560734      -9.498583288135691E-005
   130.799996554797      -9.741337246391122E-005
   130.899996548860      -9.976565375600572E-005
   130.999996542923      -1.020384803621224E-004
   131.099996536986      -1.042279027608808E-004
   131.199996531050      -1.063302496965825E-004
   131.299996525113      -1.083421579544807E-004
   131.399996519176      -1.102606000330339E-004
   131.499996513239      -1.120829092537410E-004
   131.599996507302      -1.138068018806974E-004
   131.699996501365      -1.154303958690698E-004
   131.799996495429      -1.169522259153889E-004
   131.899996489492      -1.183712545413671E-004
   131.999996483555      -1.196868790470525E-004
   132.099996477618      -1.208989341745209E-004
   132.199996471681      -1.220076904836354E-004
   132.299996465745      -1.230138484785938E-004
   132.399996459808      -1.239185286085745E-004
   132.499996453871      -1.247232572843497E-004
   132.599996447934      -1.254299492729581E-004
   132.699996441997      -1.260408866956406E-004
   132.799996436060      -1.265586950513863E-004
   132.899996430124      -1.269863166634863E-004
   132.999996424187      -1.273269819760504E-004
   133.099996418250      -1.275841791730056E-004
   133.199996412313      -1.277616225700998E-004
   133.299996406376      -1.278632202396566E-004
   133.399996400440      -1.278930413187538E-004
   133.499996394503      -1.278552834133021E-004
   133.599996388566      -1.277542404989097E-004
   133.699996382629      -1.275942716794037E-004
   133.799996376692      -1.273797711064127E-004
   133.899996370756      -1.271151393553103E-004
   133.999996364819      -1.268047564769364E-004
   134.099996358882      -1.264529569140409E-004
   134.199996352945      -1.260640064214126E-004
   134.299996347008      -1.256420811043099E-004
   134.399996341071      -1.251912486148307E-004
   134.499996335135      -1.247154515446987E-004
   134.599996329198      -1.242184929985684E-004
   134.699996323261      -1.237040243048844E-004
   134.799996317324      -1.231755348106685E-004
   134.899996311387      -1.226363436629323E-004
   134.999996305451      -1.220895934798775E-004
   135.099996299514      -1.215382457909651E-004
   135.199996293577      -1.209850781261320E-004
   135.299996287640      -1.204326826117663E-004
   135.399996281703      -1.198834659492285E-004
   135.499996275766      -1.193396506285762E-004
   135.599996269830      -1.188032772457837E-004
   135.699996263893      -1.182762077907967E-004
   135.799996257956      -1.177601297788288E-004
   135.899996252019      -1.172565610997290E-004
   135.999996246082      -1.167668554774927E-004
   136.099996240146      -1.162922084290570E-004
   136.199996234209      -1.158336636196296E-004
   136.299996228272      -1.153921195306656E-004
   136.399996222335      -1.149683363544028E-004
   136.499996216398      -1.145629430387064E-004
   136.599996210461      -1.141764444229499E-004
   136.699996204525      -1.138092284012478E-004
   136.799996198588      -1.134615730629386E-004
   136.899996192651      -1.131336537660413E-004
   136.999996186714      -1.128255501090790E-004
   137.099996180777      -1.125372527604563E-004
   137.199996174841      -1.122686701323461E-004
   137.299996168904      -1.120196348680332E-004
   137.399996162967      -1.117899101269356E-004
   137.499996157030      -1.115791956531209E-004
   137.599996151093      -1.113871336217807E-004
   137.699996145156      -1.112133142508299E-004
   137.799996139220      -1.110572811788646E-004
   137.899996133283      -1.109185366047093E-004
   137.999996127346      -1.107965461853987E-004
   138.099996121409      -1.106907436991718E-004
   138.199996115472      -1.106005354720872E-004
   138.299996109536      -1.105253045721477E-004
   138.399996103599      -1.104644147820240E-004
   138.499996097662      -1.104172143446358E-004
   138.599996091725      -1.103830394940926E-004
   138.699996085788      -1.103612177792193E-004
   138.799996079851      -1.103510711771945E-004
   138.899996073915      -1.103519190147209E-004
   138.999996067978      -1.103630806964666E-004
   139.099996062041      -1.103838782495147E-004
   139.199996056104      -1.104136386828290E-004
   139.299996050167      -1.104516961838540E-004
   139.399996044231      -1.104973941387534E-004
   139.499996038294      -1.105500869980638E-004
   139.599996032357      -1.106091419806060E-004
   139.699996026420      -1.106739406360539E-004
   139.799996020483      -1.107438802526789E-004
   139.899996014546      -1.108183751354617E-004
   139.999996008610      -1.108968577410100E-004
   140.099996002673      -1.109787796874279E-004
   140.199995996736      -1.110636126380082E-004
   140.299995990799      -1.111508490642196E-004
   140.399995984862      -1.112400028921307E-004
   140.499995978926      -1.113306100379018E-004
   140.599995972989      -1.114222288408493E-004
   140.699995967052      -1.115144403845741E-004
   140.799995961115      -1.116068487292684E-004
   140.899995955178      -1.116990810441689E-004
   140.999995949241      -1.117907876512874E-004
   141.099995943305      -1.118816419909905E-004
   141.199995937368      -1.119713404927503E-004
   141.299995931431      -1.120596023888233E-004
   141.399995925494      -1.121461694352552E-004
   141.499995919557      -1.122308055849474E-004
   141.599995913621      -1.123132965853765E-004
   141.699995907684      -1.123934495214334E-004
   141.799995901747      -1.124710923095165E-004
   141.899995895810      -1.125460731281253E-004
   141.999995889873      -1.126182598189902E-004
   142.099995883936      -1.126875392471986E-004
   142.199995878000      -1.127538166048042E-004
   142.299995872063      -1.128170147094185E-004
   142.399995866126      -1.128770732670456E-004
   142.499995860189      -1.129339480884334E-004
   142.599995854252      -1.129876103231777E-004
   142.699995848316      -1.130380456562237E-004
   142.799995842379      -1.130852534972643E-004
   142.899995836442      -1.131292461629474E-004
   142.999995830505      -1.131700480553001E-004
   143.099995824568      -1.132076948398078E-004
   143.199995818631      -1.132422326258654E-004
   143.299995812695      -1.132737171537716E-004
   143.399995806758      -1.133022129900629E-004
   143.499995800821      -1.133277927347956E-004
   143.599995794884      -1.133505362475178E-004
   143.699995788947      -1.133705298708870E-004
   143.799995783011      -1.133878657017492E-004
   143.899995777074      -1.134026408646648E-004
   143.999995771137      -1.134149568192415E-004
   144.099995765200      -1.134249186623536E-004
   144.199995759263      -1.134326345001952E-004
   144.299995753326      -1.134382148263683E-004
   144.399995747390      -1.134417719057856E-004
   144.499995741453      -1.134434192244060E-004
   144.599995735516      -1.134432709629779E-004
   144.699995729579      -1.134414414543032E-004
   144.799995723642      -1.134380447466367E-004
   144.899995717706      -1.134331941327441E-004
   144.999995711769      -1.134270017386551E-004
   145.099995705832      -1.134195781518507E-004
   145.199995699895      -1.134110320381949E-004
   145.299995693958      -1.134014698554549E-004
   145.399995688021      -1.133909955110503E-004
   145.499995682085      -1.133797101457166E-004
   145.599995676148      -1.133677118444781E-004
   145.699995670211      -1.133550954699429E-004
   145.799995664274      -1.133419524417683E-004
   145.899995658337      -1.133283705993495E-004
   145.999995652401      -1.133144340635784E-004
   146.099995646464      -1.133002231099342E-004
   146.199995640527      -1.132858141114028E-004
   146.299995634590      -1.132712794403926E-004
   146.399995628653      -1.132566874374530E-004
   146.499995622716      -1.132421023953624E-004
   146.599995616780      -1.132275845316523E-004
   146.699995610843      -1.132131900033368E-004
   146.799995604906      -1.131989709403964E-004
   146.899995598969      -1.131849754847328E-004
   146.999995593032      -1.131712478350919E-004
   147.099995587096      -1.131578283181231E-004
   147.199995581159      -1.131447534703823E-004
   147.299995575222      -1.131320561248567E-004
   147.399995569285      -1.131197655106455E-004
   147.499995563348      -1.131079073585605E-004
   147.599995557411      -1.130965040161584E-004
   147.699995551475      -1.130855745695248E-004
   147.799995545538      -1.130751349688032E-004
   147.899995539601      -1.130651981610697E-004
   147.999995533664      -1.130557742262327E-004
   148.099995527727      -1.130468705138042E-004
   148.199995521791      -1.130384917846379E-004
   148.299995515854      -1.130306403556240E-004
   148.399995509917      -1.130233162401558E-004
   148.499995503980      -1.130165172962407E-004
   148.599995498043      -1.130102393662388E-004
   148.699995492106      -1.130044764281711E-004
   148.799995486170      -1.129992207156939E-004
   148.899995480233      -1.129944628791258E-004
   148.999995474296      -1.129901921186900E-004
   149.099995468359      -1.129863963228370E-004
   149.199995462422      -1.129830621724339E-004
   149.299995456486      -1.129801753036584E-004
   149.399995450549      -1.129777204258879E-004
   149.499995444612      -1.129756814108333E-004
   149.599995438675      -1.129740414515052E-004
   149.699995432738      -1.129727831523706E-004
   149.799995426802      -1.129718886216166E-004
   149.899995420865      -1.129713396203565E-004
   149.999995414928      -1.129711175921810E-004
