   95.0999986742407        1.69666961665698     
   95.1999986683039        1.69666960687695     
   95.2999986623671        1.69666959709628     
   95.3999986564303        1.69666958731497     
   95.4999986504935        1.69666957753301     
   95.5999986445566        1.69666956775040     
   95.6999986386198        1.69666955796715     
   95.7999986326830        1.69666954818326     
   95.8999986267462        1.69666953839871     
   95.9999986208094        1.69666952861353     
   96.0999986148725        1.69666951882770     
   96.1999986089357        1.69666950904122     
   96.2999986029989        1.69666949925409     
   96.3999985970621        1.69666948946633     
   96.4999985911253        1.69666947967791     
   96.5999985851885        1.69666946988885     
   96.6999985792516        1.69666946009914     
   96.7999985733148        1.69666945030879     
   96.8999985673780        1.69666944051780     
   96.9999985614412        1.69666943072615     
   97.0999985555044        1.69666942093386     
   97.1999985495676        1.69666941114092     
   97.2999985436307        1.69666940134734     
   97.3999985376939        1.69666939155311     
   97.4999985317571        1.69666938175823     
   97.5999985258203        1.69666937196271     
   97.6999985198835        1.69666936216653     
   97.7999985139466        1.69666935236972     
   97.8999985080098        1.69666934257226     
   97.9999985020730        1.69666933277415     
   98.0999984961362        1.69666932297539     
   98.1999984901994        1.69666931317599     
   98.2999984842626        1.69666930337594     
   98.3999984783257        1.69666929357524     
   98.4999984723889        1.69666928377390     
   98.5999984664521        1.69666927397190     
   98.6999984605153        1.69666926416926     
   98.7999984545785        1.69666925436598     
   98.8999984486417        1.69666924456205     
   98.9999984427048        1.69666923475747     
   99.0999984367680        1.69666922495224     
   99.1999984308312        1.69666921514636     
   99.2999984248944        1.69666920533984     
   99.3999984189576        1.69666919553267     
   99.4999984130207        1.69666918572485     
   99.5999984070839        1.69666917591638     
   99.6999984011471        1.69666916610726     
   99.7999983952103        1.69666915629750     
   99.8999983892735        1.69666914648709     
   99.9999983833367        1.69666913667603     
   100.099998377400        1.76009599867244     
   100.199998371463        1.92255023196676     
   100.299998365526        2.18634460639738     
   100.399998359589        2.57292477659369     
   100.499998353653        3.12076477898507     
   100.599998347716        3.88581136496271     
   100.699998341779        4.93548469962070     
   100.799998335842        6.32245687566359     
   100.899998329905        8.02605658962317     
   100.999998323968        9.88901778540923     
   101.099998318032        11.6413372251399     
   101.199998312095        13.0432071975661     
   101.299998306158        14.0009478129804     
   101.399998300221        14.5459296326736     
   101.499998294284        14.7538804300733     
   101.599998288348        14.6940797805783     
   101.699998282411        14.4165924604259     
   101.799998276474        13.9567685822493     
   101.899998270537        13.3434318066955     
   101.999998264600        12.6056298025995     
   102.099998258663        11.7762908478658     
   102.199998252727        10.8923749278628     
   102.299998246790        9.99208088981246     
   102.399998240853        9.11061455890907     
   102.499998234916        8.27637864539442     
   102.599998228979        7.50890715066777     
   102.699998223043        6.81883269409208     
   102.799998217106        6.20933435703813     
   102.899998211169        5.67822602127179     
   102.999998205232        5.22000540474259     
   103.099998199295        4.82750250692902     
   103.199998193358        4.49303370066747     
   103.299998187422        4.20911807608320     
   103.399998181485        3.96886595115053     
   103.499998175548        3.76614805131688     
   103.599998169611        3.59563103846020     
   103.699998163674        3.45273920420114     
   103.799998157738        3.33358067400834     
   103.899998151801        3.23486101280519     
   103.999998145864        3.15379691779110     
   104.099998139927        3.08803635691140     
   104.199998133990        3.03558779696426     
   104.299998128054        2.99475910819937     
   104.399998122117        2.96410567884861     
   104.499998116180        2.94238680247272     
   104.599998110243        2.92852925367364     
   104.699998104306        2.92159698888721     
   104.799998098369        2.92076600932325     
   104.899998092433        2.92530355289411     
   104.999998086496        2.93455091482565     
   105.099998080559        2.94790931944802     
   105.199998074622        2.96482837287584     
   105.299998068685        2.98479671622897     
   105.399998062749        3.00733457213806     
   105.499998056812        3.03198793483164     
   105.599998050875        3.05832419784847     
   105.699998044938        3.08592904517236     
   105.799998039001        3.11440445321444     
   105.899998033064        3.14336766436867     
   105.999998027128        3.17245099967135     
   106.099998021191        3.20130238019292     
   106.199998015254        3.22958642591346     
   106.299998009317        3.25698599870629     
   106.399998003380        3.28320405422194     
   106.499997997444        3.30796566730529     
   106.599997991507        3.33102009820504     
   106.699997985570        3.35214277300963     
   106.799997979633        3.37113706189733     
   106.899997973696        3.38783575287473     
   106.999997967759        3.40210213636395     
   107.099997961823        3.41383063653521     
   107.199997955886        3.42294694769608     
   107.299997949949        3.42940765722766     
   107.399997944012        3.43319935925816     
   107.499997938075        3.43433728440990     
   107.599997932139        3.43286348947974     
   107.699997926202        3.42884466609729     
   107.799997920265        3.42236963868591     
   107.899997914328        3.41354662921809     
   107.999997908391        3.40250036933268     
   108.099997902454        3.38936913963606     
   108.199997896518        3.37430181193549     
   108.299997890581        3.35745496330008     
   108.399997884644        3.33899012197192     
   108.499997878707        3.31907119489682     
   108.599997872770        3.29786211569528     
   108.699997866834        3.27552474093704     
   108.799997860897        3.25221701196436     
   108.899997854960        3.22809138985172     
   108.999997849023        3.20329356249716     
   109.099997843086        3.17796141561570     
   109.199997837149        3.15222425355628     
   109.299997831213        3.12620225144542     
   109.399997825276        3.10000611705939     
   109.499997819339        3.07373693893020     
   109.599997813402        3.04748619637097     
   109.699997807465        3.02133590716331     
   109.799997801529        2.99535888941390     
   109.899997795592        2.96961911542099     
   109.999997789655        2.94417213708011     
   110.099997783718        2.91906556432947     
   110.199997777781        2.89433958021448     
   110.299997771844        2.87002747828206     
   110.399997765908        2.84615621009772     
   110.499997759971        2.82274693265876     
   110.599997754034        2.79981554733082     
   110.699997748097        2.77737322361154     
   110.799997742160        2.75542690252829     
   110.899997736224        2.73397977580048     
   110.999997730287        2.71303173803229     
   111.099997724350        2.69257981017345     
   111.199997718413        2.67261853329309     
   111.299997712476        2.65314033237508     
   111.399997706539        2.63413585037726     
   111.499997700603        2.61559425321575     
   111.599997694666        2.59750350665707     
   111.699997688729        2.57985062633313     
   111.799997682792        2.56262190226721     
   111.899997676855        2.54580309939600     
   111.999997670919        2.52937963563805     
   112.099997664982        2.51333673907644     
   112.199997659045        2.49765958581568     
   112.299997653108        2.48233342003617     
   112.399997647171        2.46734365772511     
   112.499997641234        2.45267597549248     
   112.599997635298        2.43831638581669     
   112.699997629361        2.42425129998433     
   112.799997623424        2.41046757990979     
   112.899997617487        2.39695257994309     
   112.999997611550        2.38369417969327     
   113.099997605614        2.37068080881908     
   113.199997599677        2.35790146466814     
   113.299997593740        2.34534572356460     
   113.399997587803        2.33300374649841     
   113.499997581866        2.32086627988427     
   113.599997575929        2.30892465201792     
   113.699997569993        2.29717076579422     
   113.799997564056        2.28559708819546     
   113.899997558119        2.27419663702891     
   113.999997552182        2.26296296533141     
   114.099997546245        2.25189014382740     
   114.199997540309        2.24097274178862     
   114.299997534372        2.23020580660878     
   114.399997528435        2.21958484237568     
   114.499997522498        2.20910578769649     
   114.599997516561        2.19876499299705     
   114.699997510624        2.18855919750685     
   114.799997504688        2.17848550610331     
   114.899997498751        2.16854136617779     
   114.999997492814        2.15872454466303     
   115.099997486877        2.14903310534715     
   115.199997480940        2.13946538658010     
   115.299997475004        2.13001997946602     
   115.399997469067        2.12069570662120     
   115.499997463130        2.11149160156452     
   115.599997457193        2.10240688879625     
   115.699997451256        2.09344096461157     
   115.799997445319        2.08459337868462     
   115.899997439383        2.07586381645144     
   115.999997433446        2.06725208231211     
   116.099997427509        2.05875808366523     
   116.199997421572        2.05038181578263     
   116.299997415635        2.04212334752521     
   116.399997409699        2.03398280789737     
   116.499997403762        2.02596037343202     
   116.599997397825        2.01805625639464     
   116.699997391888        2.01027069379148     
   116.799997385951        2.00260393716516     
   116.899997380014        1.99505624315573     
   116.999997374078        1.98762786480639     
   117.099997368141        1.98031904358886     
   117.199997362204        1.97313000212431     
   117.299997356267        1.96606093757137     
   117.399997350330        1.95911201565580     
   117.499997344394        1.95228336531247     
   117.599997338457        1.94557507391246     
   117.699997332520        1.93898718304691     
   117.799997326583        1.93251968483749     
   117.899997320646        1.92617251874807     
   117.999997314709        1.91994556886786     
   118.099997308773        1.91383866163913     
   118.199997302836        1.90785156400279     
   118.299997296899        1.90198398193637     
   118.399997290962        1.89623555935690     
   118.499997285025        1.89060587736708     
   118.599997279089        1.88509445381839     
   118.699997273152        1.87970074316949     
   118.799997267215        1.87442413661741     
   118.899997261278        1.86926396248342     
   118.999997255341        1.86421948682374     
   119.099997249404        1.85928991425955     
   119.199997243468        1.85447438899987     
   119.299997237531        1.84977199603982     
   119.399997231594        1.84518176252050     
   119.499997225657        1.84070265923345     
   119.599997219720        1.83633360225591     
   119.699997213784        1.83207345470159     
   119.799997207847        1.82792102857583     
   119.899997201910        1.82387508672152     
   119.999997195973        1.81993434484478     
   120.099997190036        1.81609747360927     
   120.199997184100        1.81236310078945     
   120.299997178163        1.80872981347349     
   120.399997172226        1.80519616030628     
   120.499997166289        1.80176065376488     
   120.599997160352        1.79842177245860     
   120.699997154415        1.79517796344634     
   120.799997148479        1.79202764456487     
   120.899997142542        1.78896920676122     
   120.999997136605        1.78600101642409     
   121.099997130668        1.78312141770810     
   121.199997124731        1.78032873484705     
   121.299997118795        1.77762127444905     
   121.399997112858        1.77499732777241     
   121.499997106921        1.77245517297557     
   121.599997100984        1.76999307733846     
   121.699997095047        1.76760929945139     
   121.799997089110        1.76530209136818     
   121.899997083174        1.76306970072131     
   121.999997077237        1.76091037279339     
   122.099997071300        1.75882235254640     
   122.199997065363        1.75680388660265     
   122.299997059426        1.75485322517706     
   122.399997053490        1.75296862395805     
   122.499997047553        1.75114834593419     
   122.599997041616        1.74939066316678     
   122.699997035679        1.74769385850390     
   122.799997029742        1.74605622723692     
   122.899997023805        1.74447607869622     
   122.999997017869        1.74295173778575     
   123.099997011932        1.74148154645445     
   123.199997005995        1.74006386510442     
   123.299997000058        1.73869707393376     
   123.399996994121        1.73737957421399     
   123.499996988185        1.73610978950136     
   123.599996982248        1.73488616678070     
   123.699996976311        1.73370717754273     
   123.799996970374        1.73257131879250     
   123.899996964437        1.73147711399048     
   123.999996958500        1.73042311392582     
   124.099996952564        1.72940789752075     
   124.199996946627        1.72843007256782     
   124.299996940690        1.72748827639901     
   124.399996934753        1.72658117648767     
   124.499996928816        1.72570747098413     
   124.599996922880        1.72486588918444     
   124.699996916943        1.72405519193450     
   124.799996911006        1.72327417196937     
   124.899996905069        1.72252165418936     
   124.999996899132        1.72179649587369     
   125.099996893195        1.72109758683288     
   125.199996887259        1.72042384950196     
   125.299996881322        1.71977423897497     
   125.399996875385        1.71914774298271     
   125.499996869448        1.71854338181549     
   125.599996863511        1.71796020819304     
   125.699996857575        1.71739730708185     
   125.799996851638        1.71685379546433     
   125.899996845701        1.71632882205888     
   125.999996839764        1.71582156699582     
   126.099996833827        1.71533124144884     
   126.199996827890        1.71485708722603     
   126.299996821954        1.71439837632127     
   126.399996816017        1.71395441042914     
   126.499996810080        1.71352452042568     
   126.599996804143        1.71310806581646     
   126.699996798206        1.71270443415540     
   126.799996792270        1.71231304043576     
   126.899996786333        1.71193332645665     
   126.999996780396        1.71156476016610     
   127.099996774459        1.71120683498447     
   127.199996768522        1.71085906910935     
   127.299996762585        1.71052100480517     
   127.399996756649        1.71019220767889     
   127.499996750712        1.70987226594493     
   127.599996744775        1.70956078968075     
   127.699996738838        1.70925741007583     
   127.799996732901        1.70896177867540     
   127.899996726965        1.70867356662197     
   127.999996721028        1.70839246389550     
   128.099996715091        1.70811817855486     
   128.199996709154        1.70785043598226     
   128.299996703217        1.70758897813201     
   128.399996697280        1.70733356278575     
   128.499996691344        1.70708396281535     
   128.599996685407        1.70683996545518     
   128.699996679470        1.70660137158511     
   128.799996673533        1.70636799502536     
   128.899996667596        1.70613966184477     
   128.999996661660        1.70591620968325     
   129.099996655723        1.70569748708957     
   129.199996649786        1.70548335287577     
   129.299996643849        1.70527367548836     
   129.399996637912        1.70506833239758     
   129.499996631975        1.70486720950545     
   129.599996626039        1.70467020057279     
   129.699996620102        1.70447720666599     
   129.799996614165        1.70428813562402     
   129.899996608228        1.70410290154567     
   129.999996602291        1.70392142429775     
   130.099996596355        1.70374362904395     
   130.199996590418        1.70356944579490     
   130.299996584481        1.70339880897918     
   130.399996578544        1.70323165703540     
   130.499996572607        1.70306793202509     
   130.599996566670        1.70290757926653     
   130.699996560734        1.70275054698912     
   130.799996554797        1.70259678600800     
   130.899996548860        1.70244624941864     
   130.999996542923        1.70229889231120     
   131.099996536986        1.70215467150409     
   131.199996531050        1.70201354529630     
   131.299996525113        1.70187547323801     
   131.399996519176        1.70174041591932     
   131.499996513239        1.70160833477592     
   131.599996507302        1.70147919191165     
   131.699996501365        1.70135294993730     
   131.799996495429        1.70122957182472     
   131.899996489492        1.70110902077628     
   131.999996483555        1.70099126010820     
   132.099996477618        1.70087625314765     
   132.199996471681        1.70076396314328     
   132.299996465745        1.70065435318764     
   132.399996459808        1.70054738615124     
   132.499996453871        1.70044302462861     
   132.599996447934        1.70034123089335     
   132.699996441997        1.70024196686421     
   132.799996436060        1.70014519407983     
   132.899996430124        1.70005087368158     
   132.999996424187        1.69995896640536     
   133.099996418250        1.69986943257927     
   133.199996412313        1.69978223212960     
   133.299996406376        1.69969732459125     
   133.399996400440        1.69961466912538     
   133.499996394503        1.69953422454037     
   133.599996388566        1.69945594931912     
   133.699996382629        1.69937980164834     
   133.799996376692        1.69930573945340     
   133.899996370756        1.69923372043402     
   133.999996364819        1.69916370210497     
   134.099996358882        1.69909564183621     
   134.199996352945        1.69902949689740     
   134.299996347008        1.69896522450204     
   134.399996341071        1.69890278185258     
   134.499996335135        1.69884212618814     
   134.599996329198        1.69878321482949     
   134.699996323261        1.69872600522680     
   134.799996317324        1.69867045500621     
   134.899996311387        1.69861652201443     
   134.999996305451        1.69856416436551     
   135.099996299514        1.69851334048452     
   135.199996293577        1.69846400914975     
   135.299996287640        1.69841612953588     
   135.399996281703        1.69836966125377     
   135.499996275766        1.69832456438820     
   135.599996269830        1.69828079953583     
   135.699996263893        1.69823832784036     
   135.799996257956        1.69819711102487     
   135.899996252019        1.69815711142233     
   135.999996246082        1.69811829200628     
   136.099996240146        1.69808061641680     
   136.199996234209        1.69804404898441     
   136.299996228272        1.69800855475285     
   136.399996222335        1.69797409950033     
   136.499996216398        1.69794064975682     
   136.599996210461        1.69790817281945     
   136.699996204525        1.69787663676596     
   136.799996198588        1.69784601046755     
   136.899996192651        1.69781626359762     
   136.999996186714        1.69778736663889     
   137.099996180777        1.69775929088817     
   137.199996174841        1.69773200846016     
   137.299996168904        1.69770549228983     
   137.399996162967        1.69767971613136     
   137.499996157030        1.69765465455585     
   137.599996151093        1.69763028294733     
   137.699996145156        1.69760657749719     
   137.799996139220        1.69758351519841     
   137.899996133283        1.69756107383700     
   137.999996127346        1.69753923198180     
   138.099996121409        1.69751796897382     
   138.199996115472        1.69749726491370     
   138.299996109536        1.69747710064823     
   138.399996103599        1.69745745775761     
   138.499996097662        1.69743831853970     
   138.599996091725        1.69741966599420     
   138.699996085788        1.69740148380574     
   138.799996079851        1.69738375632665     
   138.899996073915        1.69736646855909     
   138.999996067978        1.69734960613618     
   139.099996062041        1.69733315530382     
   139.199996056104        1.69731710290217     
   139.299996050167        1.69730143634613     
   139.399996044231        1.69728614360468     
   139.499996038294        1.69727121318204     
   139.599996032357        1.69725663409789     
   139.699996026420        1.69724239586682     
   139.799996020483        1.69722848847952     
   139.899996014546        1.69721490238190     
   139.999996008610        1.69720162845713     
   140.099996002673        1.69718865800596     
   140.199995996736        1.69717598272815     
   140.299995990799        1.69716359470236     
   140.399995984862        1.69715148636940     
   140.499995978926        1.69713965051280     
   140.599995972989        1.69712808024208     
   140.699995967052        1.69711676897486     
   140.799995961115        1.69710571042133     
   140.899995955178        1.69709489856647     
   140.999995949241        1.69708432765498     
   141.099995943305        1.69707399217598     
   141.199995937368        1.69706388684892     
   141.299995931431        1.69705400660890     
   141.399995925494        1.69704434659380     
   141.499995919557        1.69703490212949     
   141.599995913621        1.69702566871897     
   141.699995907684        1.69701664202963     
   141.799995901747        1.69700781788170     
   141.899995895810        1.69699919223784     
   141.999995889873        1.69699076119320     
   142.099995883936        1.69698252096442     
   142.199995878000        1.69697446788218     
   142.299995872063        1.69696659838154     
   142.399995866126        1.69695890899353     
   142.499995860189        1.69695139633872     
   142.599995854252        1.69694405711883     
   142.699995848316        1.69693688811106     
   142.799995842379        1.69692988616144     
   142.899995836442        1.69692304818064     
   142.999995830505        1.69691637113714     
   143.099995824568        1.69690985205384     
   143.199995818631        1.69690348800194     
   143.299995812695        1.69689727609843     
   143.399995806758        1.69689121350250     
   143.499995800821        1.69688529741130     
   143.599995794884        1.69687952505818     
   143.699995788947        1.69687389370953     
   143.799995783011        1.69686840066320     
   143.899995777074        1.69686304324562     
   143.999995771137        1.69685781881137     
   144.099995765200        1.69685272474110     
   144.199995759263        1.69684775844046     
   144.299995753326        1.69684291733890     
   144.399995747390        1.69683819888969     
   144.499995741453        1.69683360056935     
   144.599995735516        1.69682911987642     
   144.699995729579        1.69682475433284     
   144.799995723642        1.69682050148178     
   144.899995717706        1.69681635888929     
   144.999995711769        1.69681232414508     
   145.099995705832        1.69680839486138     
   145.199995699895        1.69680456867281     
   145.299995693958        1.69680084323976     
   145.399995688021        1.69679721624551     
   145.499995682085        1.69679368539962     
   145.599995676148        1.69679024843599     
   145.699995670211        1.69678690311677     
   145.799995664274        1.69678364723043     
   145.899995658337        1.69678047859395     
   145.999995652401        1.69677739505342     
   146.099995646464        1.69677439448176     
   146.199995640527        1.69677147478473     
   146.299995634590        1.69676863389803     
   146.399995628653        1.69676586978782     
   146.499995622716        1.69676318045423     
   146.599995616780        1.69676056392825     
   146.699995610843        1.69675801827579     
   146.799995604906        1.69675554159512     
   146.899995598969        1.69675313202021     
   146.999995593032        1.69675078772062     
   147.099995587096        1.69674850689954     
   147.199995581159        1.69674628779671     
   147.299995575222        1.69674412868774     
   147.399995569285        1.69674202788484     
   147.499995563348        1.69673998373732     
   147.599995557411        1.69673799463025     
   147.699995551475        1.69673605898577     
   147.799995545538        1.69673417526426     
   147.899995539601        1.69673234196215     
   147.999995533664        1.69673055761301     
   148.099995527727        1.69672882078639     
   148.199995521791        1.69672713008887     
   148.299995515854        1.69672548416519     
   148.399995509917        1.69672388169655     
   148.499995503980        1.69672232139520     
   148.599995498043        1.69672080201677     
   148.699995492106        1.69671932234696     
   148.799995486170        1.69671788120614     
   148.899995480233        1.69671647745472     
   148.999995474296        1.69671510998036     
   149.099995468359        1.69671377770742     
   149.199995462422        1.69671247959618     
   149.299995456486        1.69671121463363     
   149.399995450549        1.69670998184198     
   149.499995444612        1.69670878027478     
   149.599995438675        1.69670760901466     
   149.699995432738        1.69670646717443     
   149.799995426802        1.69670535389960     
   149.899995420865        1.69670426835670     
   149.999995414928        1.69670320974879     
