   95.0999986742407        97073.6514703260     
   95.1999986683039        97073.6514703260     
   95.2999986623671        97073.6514703260     
   95.3999986564303        97073.6514703260     
   95.4999986504935        97073.6514703260     
   95.5999986445566        97073.6514703260     
   95.6999986386198        97073.6514703260     
   95.7999986326830        97073.6514703260     
   95.8999986267462        97073.6514703260     
   95.9999986208094        97073.6514703260     
   96.0999986148725        97073.6514703260     
   96.1999986089357        97073.6514703260     
   96.2999986029989        97073.6514703260     
   96.3999985970621        97073.6514703260     
   96.4999985911253        97073.6514703260     
   96.5999985851885        97073.6514703260     
   96.6999985792516        97073.6514703260     
   96.7999985733148        97073.6514703260     
   96.8999985673780        97073.6514703260     
   96.9999985614412        97073.6514703260     
   97.0999985555044        97073.6514703260     
   97.1999985495676        97073.6514703260     
   97.2999985436307        97073.6514703260     
   97.3999985376939        97073.6514703260     
   97.4999985317571        97073.6514703260     
   97.5999985258203        97073.6514703260     
   97.6999985198835        97073.6514703260     
   97.7999985139466        97073.6514703260     
   97.8999985080098        97073.6514703260     
   97.9999985020730        97073.6514703260     
   98.0999984961362        97073.6514703260     
   98.1999984901994        97073.6514703260     
   98.2999984842626        97073.6514703260     
   98.3999984783257        97073.6514703260     
   98.4999984723889        97073.6514703260     
   98.5999984664521        97073.6514703260     
   98.6999984605153        97073.6514703260     
   98.7999984545785        97073.6514703260     
   98.8999984486417        97073.6514703260     
   98.9999984427048        97073.6514703260     
   99.0999984367680        97073.6514703260     
   99.1999984308312        97073.6514703260     
   99.2999984248944        97073.6514703260     
   99.3999984189576        97073.6514703260     
   99.4999984130207        97073.6514703260     
   99.5999984070839        97073.6514703260     
   99.6999984011471        97073.6514703260     
   99.7999983952103        97073.6514703260     
   99.8999983892735        97073.6514703260     
   99.9999983833367        97073.6514703260     
   100.099998377400        94960.3872698978     
   100.199998371463        93079.9862186592     
   100.299998365526        91367.8652575396     
   100.399998359589        89793.7974078211     
   100.499998353653        88337.2079200237     
   100.599998347716        86981.8208906155     
   100.699998341779        85714.5466173847     
   100.799998335842        84524.8631138757     
   100.899998329905        83404.3216038507     
   100.999998323968        82346.0895919629     
   101.099998318032        81344.5263815884     
   101.199998312095        80394.8560600183     
   101.299998306158        79492.9554279999     
   101.399998300221        78635.2199814635     
   101.499998294284        77818.4692781653     
   101.599998288348        77039.8731022932     
   101.699998282411        76296.8927302260     
   101.799998276474        75587.2347803510     
   101.899998270537        74908.8151122731     
   101.999998264600        74259.7304188876     
   102.099998258663        73638.2358170263     
   102.199998252727        73042.7274142654     
   102.299998246790        72471.7291928593     
   102.399998240853        71923.8835038301     
   102.499998234916        71397.9440746327     
   102.599998228979        70892.7699772635     
   102.699998223043        70407.3189010725     
   102.799998217106        69940.6386168373     
   102.899998211169        69491.8565577515     
   102.999998205232        69060.1684305725     
   103.099998199295        68644.8271997206     
   103.199998193358        68245.1335700223     
   103.299998187422        67860.4285229856     
   103.399998181485        67490.0878993663     
   103.499998175548        67133.5186710910     
   103.599998169611        66790.1564262883     
   103.699998163674        66459.4636279758     
   103.799998157738        66140.9283107559     
   103.899998151801        65834.0629927205     
   103.999998145864        65538.4036721472     
   104.099998139927        65253.5088436815     
   104.199998133990        64978.9585090447     
   104.299998128054        64714.3531797534     
   104.399998122117        64459.3128796979     
   104.499998116180        64213.4761588433     
   104.599998110243        63976.4991289914     
   104.699998104306        63748.0545305512     
   104.799998098369        63527.8308368250     
   104.899998092433        63315.5313999342     
   104.999998086496        63110.8736405533     
   105.099998080559        62913.5882820630     
   105.199998074622        62723.4186285907     
   105.299998068685        62540.1198857081     
   105.399998062749        62363.4585219013     
   105.499998056812        62193.2116687926     
   105.599998050875        62029.1665578544     
   105.699998044938        61871.1199913419     
   105.799998039001        61718.8778452226     
   105.899998033064        61572.2546019413     
   105.999998027128        61431.0729109615     
   106.099998021191        61295.1631751703     
   106.199998015254        61164.3631613316     
   106.299998009317        61038.5176329199     
   106.399998003380        60917.4780037700     
   106.499997997444        60801.1020111334     
   106.599997991507        60689.2534067788     
   106.699997985570        60581.8016649362     
   106.799997979633        60478.6217059462     
   106.899997973696        60379.5936345764     
   106.999997967759        60284.6024920435     
   107.099997961823        60193.5380208256     
   107.199997955886        60106.2944414872     
   107.299997949949        60022.7702407243     
   107.399997944012        59942.8679699019     
   107.499997938075        59866.4940535267     
   107.599997932139        59793.5586069176     
   107.699997926202        59723.9752626143     
   107.799997920265        59657.6610049584     
   107.899997914328        59594.5360123739     
   107.999997908391        59534.5235068868     
   108.099997902454        59477.5496104870     
   108.199997896518        59423.5432079123     
   108.299997890581        59372.4358155136     
   108.399997884644        59324.1614558675     
   108.499997878707        59278.6565378004     
   108.599997872770        59235.8597415500     
   108.699997866834        59195.7119087815     
   108.799997860897        59158.1559372073     
   108.899997854960        59123.1366795830     
   108.999997849023        59090.6008468437     
   109.099997843086        59060.4969151843     
   109.199997837149        59032.7750368835     
   109.299997831213        59007.3869547251     
   109.399997825276        58984.2859198015     
   109.499997819339        58963.4266125920     
   109.599997813402        58944.7650671371     
   109.699997807465        58928.2585982158     
   109.799997801529        58913.8657313550     
   109.899997795592        58901.5461356004     
   109.999997789655        58891.2605589178     
   110.099997783718        58882.9707661394     
   110.199997777781        58876.6394793536     
   110.299997771844        58872.2303206617     
   110.399997765908        58869.7077572266     
   110.499997759971        58869.0370485328     
   110.599997754034        58870.1841958012     
   110.699997748097        58873.1158934881     
   110.799997742160        58877.7994828232     
   110.899997736224        58884.2029073186     
   110.999997730287        58892.2946702173     
   111.099997724350        58902.0437938260     
   111.199997718413        58913.4197806935     
   111.299997712476        58926.3925765916     
   111.399997706539        58940.9325352713     
   111.499997700603        58957.0103849573     
   111.599997694666        58974.5971965355     
   111.699997688729        58993.6643534265     
   111.799997682792        59014.1835231005     
   111.899997676855        59036.1266302086     
   111.999997670919        59059.4658313051     
   112.099997664982        59084.1734911384     
   112.199997659045        59110.2221604789     
   112.299997653108        59137.5845554606     
   112.399997647171        59166.2335384191     
   112.499997641234        59196.1421001847     
   112.599997635298        59227.2833438239     
   112.699997629361        59259.6304697920     
   112.799997623424        59293.1567624691     
   112.899997617487        59327.8355780644     
   112.999997611550        59363.6403338513     
   113.099997605614        59400.5444987020     
   113.199997599677        59438.5215849087     
   113.299997593740        59477.5451412415     
   113.399997587803        59517.5887472247     
   113.499997581866        59558.6260085861     
   113.599997575929        59600.6305538689     
   113.699997569993        59643.5760321416     
   113.799997564056        59687.4361117945     
   113.899997558119        59732.1844803676     
   113.999997552182        59777.7948453882     
   114.099997546245        59824.2409361611     
   114.199997540309        59871.4965064887     
   114.299997534372        59919.5353382647     
   114.399997528435        59968.3312459096     
   114.499997522498        60017.8580815955     
   114.599997516561        60068.0897412230     
   114.699997510624        60119.0001711085     
   114.799997504688        60170.5633753257     
   114.899997498751        60222.7534236602     
   114.999997492814        60275.5444601453     
   115.099997486877        60328.9107120976     
   115.199997480940        60382.8264996541     
   115.299997475004        60437.2662457172     
   115.399997469067        60492.2044862952     
   115.499997463130        60547.6158811775     
   115.599997457193        60603.4752248936     
   115.699997451256        60659.7574579313     
   115.799997445319        60716.4376781434     
   115.899997439383        60773.4911523186     
   115.999997433446        60830.8933278649     
   116.099997427509        60888.6198445637     
   116.199997421572        60946.6465463598     
   116.299997415635        61004.9494931346     
   116.399997409699        61063.5049724376     
   116.499997403762        61122.2895111332     
   116.599997397825        61181.2798869196     
   116.699997391888        61240.4531396987     
   116.799997385951        61299.7865827541     
   116.899997380014        61359.2578137098     
   116.999997374078        61418.8447252396     
   117.099997368141        61478.5255154973     
   117.199997362204        61538.2786982433     
   117.299997356267        61598.0831126430     
   117.399997350330        61657.9179327137     
   117.499997344394        61717.7626763492     
   117.599997338457        61777.5972141986     
   117.699997332520        61837.4017776465     
   117.799997326583        61897.1569668585     
   117.899997320646        61956.8437581433     
   117.999997314709        62016.4435109142     
   118.099997308773        62075.9379741902     
   118.199997302836        62135.3092926260     
   118.299997296899        62194.5400120708     
   118.399997290962        62253.6130846402     
   118.499997285025        62312.5118733078     
   118.599997279089        62371.2201560077     
   118.699997273152        62429.7221292477     
   118.799997267215        62488.0024112396     
   118.899997261278        62546.0460445407     
   118.999997255341        62603.8384982115     
   119.099997249404        62661.3656695054     
   119.199997243468        62718.6138850762     
   119.299997237531        62775.5699017256     
   119.399997231594        62832.2209066944     
   119.499997225657        62888.5545175034     
   119.599997219720        62944.5587813575     
   119.699997213784        63000.2221741185     
   119.799997207847        63055.5335988659     
   119.899997201910        63110.4823840437     
   119.999997195973        63165.0582812293     
   120.099997190036        65660.5490230839     
   120.199997184100        68031.2360240297     
   120.299997178163        70308.0790582436     
   120.399997172226        72490.8502326192     
   120.499997166289        74578.6572972441     
   120.599997160352        76570.1880453601     
   120.699997154415        78463.8187341712     
   120.799997148479        80257.7389178223     
   120.899997142542        81950.1052593428     
   120.999997136605        83539.2448973606     
   121.099997130668        85023.9119453205     
   121.199997124731        86403.4674293991     
   121.299997118795        87677.7730761614     
   121.399997112858        88847.0590769198     
   121.499997106921        89912.1636588392     
   121.599997100984        90874.9026919361     
   121.699997095047        91738.2631954671     
   121.799997089110        92506.3986838993     
   121.899997083174        93184.4940035585     
   121.999997077237        93778.5593605366     
   122.099997071300        94295.1943993436     
   122.199997065363        94741.3464739539     
   122.299997059426        95124.0791130232     
   122.399997053490        95450.3642796040     
   122.499997047553        95726.9092957639     
   122.599997041616        95960.0246445425     
   122.699997035679        96155.5336669415     
   122.799997029742        96318.7209089973     
   122.899997023805        96454.3131736561     
   122.999997017869        96566.4861614747     
   123.099997011932        96658.8895886792     
   123.199997005995        96734.6844206266     
   123.299997000058        96796.5869742531     
   123.399996994121        96846.9158490759     
   123.499996988185        96887.6387697181     
   123.599996982248        96920.4173783540     
   123.699996976311        96946.6487733760     
   123.799996970374        96967.5031594072     
   123.899996964437        96983.9573787045     
   123.999996958500        96996.8243665842     
   124.099996952564        97006.7787449847     
   124.199996946627        97014.3788658935     
   124.299996940690        97020.0856621872     
   124.399996934753        97024.2786744343     
   124.499996928816        97027.2696114549     
   124.599996922880        97029.3137783939     
   124.699996916943        97030.6196756063     
   124.799996911006        97031.3570384362     
   124.899996905069        97031.6635549977     
   124.999996899132        97031.6504676842     
   125.099996893195        97031.4072354682     
   125.199996887259        97031.0054081644     
   125.299996881322        97030.5018411530     
   125.399996875385        97029.9413591843     
   125.499996869448        97029.3589607200     
   125.599996863511        97028.7816402824     
   125.699996857575        97028.2298918106     
   125.799996851638        97027.7189488471     
   125.899996845701        97027.2598050820     
   125.999996839764        97026.8600533371     
   126.099996833827        97026.5245741253     
   126.199996827890        97026.2560997458     
   126.299996821954        97026.0556754887     
   126.399996816017        97025.9230358630     
   126.499996810080        97025.8569107144     
   126.599996804143        97025.8552735469     
   126.699996798206        97025.9155422505     
   126.799996792270        97026.0347406989     
   126.899996786333        97026.2096281957     
   126.999996780396        97026.4368025655     
   127.099996774459        97026.7127816542     
   127.199996768522        97027.0340671939     
   127.299996762585        97027.3971942924     
   127.399996756649        97027.7987692183     
   127.499996750712        97028.2354977050     
   127.599996744775        97028.7042055965     
   127.699996738838        97029.2018533178     
   127.799996732901        97029.7255454111     
   127.899996726965        97030.2725361388     
   127.999996721028        97030.8402319825     
   128.099996715091        97031.4261917080     
   128.199996709154        97032.0281245359     
   128.299996703217        97032.6438868962     
   128.399996697280        97033.2714780824     
   128.499996691344        97033.9090351334     
   128.599996685407        97034.5548271763     
   128.699996679470        97035.2072493803     
   128.799996673533        97035.8648167363     
   128.899996667596        97036.5261577310     
   128.999996661660        97037.1900079694     
   129.099996655723        97037.8552040466     
   129.199996649786        97038.5206774374     
   129.299996643849        97039.1854478020     
   129.399996637912        97039.8486185763     
   129.499996631975        97040.5093704600     
   129.599996626039        97041.1669563826     
   129.699996620102        97041.8206964179     
   129.799996614165        97042.4699730126     
   129.899996608228        97043.1142263882     
   129.999996602291        97043.7529502725     
   130.099996596355        97044.3856878042     
   130.199996590418        97045.0120277154     
   130.299996584481        97045.6316007405     
   130.399996578544        97046.2440762450     
   130.499996572607        97046.8491590979     
   130.599996566670        97047.4465867190     
   130.699996560734        97048.0361263564     
   130.799996554797        97048.6175725709     
   130.899996548860        97049.1907448722     
   130.999996542923        97049.7554855839     
   131.099996536986        97050.3116578442     
   131.199996531050        97050.8591437972     
   131.299996525113        97051.3978429425     
   131.399996519176        97051.9276706221     
   131.499996513239        97052.4485566736     
   131.599996507302        97052.9604441976     
   131.699996501365        97053.4632884828     
   131.799996495429        97053.9570560279     
   131.899996489492        97054.4417236937     
   131.999996483555        97054.9172779497     
   132.099996477618        97055.3837142236     
   132.199996471681        97055.8410363281     
   132.299996465745        97056.2892560516     
   132.399996459808        97056.7283926706     
   132.499996453871        97057.1584726289     
   132.599996447934        97057.5795292569     
   132.699996441997        97057.9916025369     
   132.799996436060        97058.3947388981     
   132.899996430124        97058.7889910380     
   132.999996424187        97059.1744177976     
   133.099996418250        97059.5510840065     
   133.199996412313        97059.9190603944     
   133.299996406376        97060.2784234516     
   133.399996400440        97060.6292553346     
   133.499996394503        97060.9716437343     
   133.599996388566        97061.3056817545     
   133.699996382629        97061.6314677726     
   133.799996376692        97061.9491052758     
   133.899996370756        97062.2587026979     
   133.999996364819        97062.5603732241     
   134.099996358882        97062.8542345872     
   134.199996352945        97063.1404088216     
   134.299996347008        97063.4190220372     
   134.399996341071        97063.6902041509     
   134.499996335135        97063.9540886012     
   134.599996329198        97064.2108120467     
   134.699996323261        97064.4605140795     
   134.799996317324        97064.7033368838     
   134.899996311387        97064.9394249269     
   134.999996305451        97065.1689246266     
   135.099996299514        97065.3919840093     
   135.199996293577        97065.6087523739     
   135.299996287640        97065.8193799575     
   135.399996281703        97066.0240176204     
   135.499996275766        97066.2228165036     
   135.599996269830        97066.4159277219     
   135.699996263893        97066.6035020394     
   135.799996257956        97066.7856896070     
   135.899996252019        97066.9626396476     
   135.999996246082        97067.1345001966     
   136.099996240146        97067.3014178545     
   136.199996234209        97067.4635375494     
   136.299996228272        97067.6210022986     
   136.399996222335        97067.7739530191     
   136.499996216398        97067.9225283300     
   136.599996210461        97068.0668643872     
   136.699996204525        97068.2070947369     
   136.799996198588        97068.3433501403     
   136.899996192651        97068.4757585185     
   136.999996186714        97068.6044447876     
   137.099996180777        97068.7295308025     
   137.199996174841        97068.8511352795     
   137.299996168904        97068.9693737204     
   137.399996162967        97069.0843584054     
   137.499996157030        97069.1961983088     
   137.599996151093        97069.3049991429     
   137.699996145156        97069.4108632844     
   137.799996139220        97069.5138898299     
   137.899996133283        97069.6141745851     
   137.999996127346        97069.7118100881     
   138.099996121409        97069.8068856425     
   138.199996115472        97069.8994873692     
   138.299996109536        97069.9896982171     
   138.399996103599        97070.0775980771     
   138.499996097662        97070.1632637664     
   138.599996091725        97070.2467691419     
   138.699996085788        97070.3281851532     
   138.799996079851        97070.4075798882     
   138.899996073915        97070.4850187078     
   138.999996067978        97070.5605642556     
   139.099996062041        97070.6342765775     
   139.199996056104        97070.7062131940     
   139.299996050167        97070.7764291677     
   139.399996044231        97070.8449772114     
   139.499996038294        97070.9119077209     
   139.599996032357        97070.9772689589     
   139.699996026420        97071.0411070225     
   139.799996020483        97071.1034659868     
   139.899996014546        97071.1643879739     
   139.999996008610        97071.2239132939     
   140.099996002673        97071.2820803807     
   140.199995996736        97071.3389260197     
   140.299995990799        97071.3944853829     
   140.399995984862        97071.4487920312     
   140.499995978926        97071.5018780899     
   140.599995972989        97071.5537742878     
   140.699995967052        97071.6045100132     
   140.799995961115        97071.6541133777     
   140.899995955178        97071.7026112940     
   140.999995949241        97071.7500295654     
   141.099995943305        97071.7963929577     
   141.199995937368        97071.8417251530     
   141.299995931431        97071.8860489508     
   141.399995925494        97071.9293862508     
   141.499995919557        97071.9717580925     
   141.599995913621        97072.0131847784     
   141.699995907684        97072.0536858335     
   141.799995901747        97072.0932801265     
   141.899995895810        97072.1319858855     
   141.999995889873        97072.1698207386     
   142.099995883936        97072.2068017253     
   142.199995878000        97072.2429454399     
   142.299995872063        97072.2782679643     
   142.399995866126        97072.3127848949     
   142.499995860189        97072.3465114887     
   142.599995854252        97072.3794626018     
   142.699995848316        97072.4116527321     
   142.799995842379        97072.4430960444     
   142.899995836442        97072.4738064010     
   142.999995830505        97072.5037974004     
   143.099995824568        97072.5330824072     
   143.199995818631        97072.5616744915     
   143.299995812695        97072.5895865785     
   143.399995806758        97072.6168313957     
   143.499995800821        97072.6434213577     
   143.599995794884        97072.6693688894     
   143.699995788947        97072.6946861225     
   143.799995783011        97072.7193850606     
   143.899995777074        97072.7434775986     
   143.999995771137        97072.7669755447     
   144.099995765200        97072.7898904248     
   144.199995759263        97072.8122338275     
   144.299995753326        97072.8340171186     
   144.399995747390        97072.8552516137     
   144.499995741453        97072.8759484004     
   144.599995735516        97072.8961186488     
   144.699995729579        97072.9157732735     
   144.799995723642        97072.9349231538     
   144.899995717706        97072.9535790822     
   144.999995711769        97072.9717517050     
   145.099995705832        97072.9894515323     
   145.199995699895        97073.0066890630     
   145.299995693958        97073.0234746821     
   145.399995688021        97073.0398185936     
   145.499995682085        97073.0557309381     
   145.599995676148        97073.0712217633     
   145.699995670211        97073.0863009560     
   145.799995664274        97073.1009782729     
   145.899995658337        97073.1152635008     
   145.999995652401        97073.1291660680     
   146.099995646464        97073.1426953771     
   146.199995640527        97073.1558608871     
   146.299995634590        97073.1686715812     
   146.399995628653        97073.1811365308     
   146.499995622716        97073.1932646847     
   146.599995616780        97073.2050647537     
   146.699995610843        97073.2165453178     
   146.799995604906        97073.2277148430     
   146.899995598969        97073.2385817177     
   146.999995593032        97073.2491539338     
   147.099995587096        97073.2594395266     
   147.199995581159        97073.2694464661     
   147.299995575222        97073.2791823254     
   147.399995569285        97073.2886547040     
   147.499995563348        97073.2978709930     
   147.599995557411        97073.3068383043     
   147.699995551475        97073.3155638655     
   147.799995545538        97073.3240543754     
   147.899995539601        97073.3323165500     
   147.999995533664        97073.3403571514     
   148.099995527727        97073.3481826214     
   148.199995521791        97073.3557988995     
   148.299995515854        97073.3632123407     
   148.399995509917        97073.3704287346     
   148.499995503980        97073.3774539697     
   148.599995498043        97073.3842935491     
   148.699995492106        97073.3909530938     
   148.799995486170        97073.3974376560     
   148.899995480233        97073.4037525922     
   148.999995474296        97073.4099028120     
   149.099995468359        97073.4158932802     
   149.199995462422        97073.4217285738     
   149.299995456486        97073.4274134078     
   149.399995450549        97073.4329519656     
   149.499995444612        97073.4383486710     
   149.599995438675        97073.4436077705     
   149.699995432738        97073.4487331892     
   149.799995426802        97073.4537287163     
   149.899995420865        97073.4585984003     
   149.999995414928        97073.4633454421     
