   95.0999986742407        2933.99974363502     
   95.1999986683039        2933.99974363502     
   95.2999986623671        2933.99974363502     
   95.3999986564303        2933.99974363502     
   95.4999986504935        2933.99974363502     
   95.5999986445566        2933.99974363502     
   95.6999986386198        2933.99974363502     
   95.7999986326830        2933.99974363502     
   95.8999986267462        2933.99974363502     
   95.9999986208094        2933.99974363502     
   96.0999986148725        2933.99974363502     
   96.1999986089357        2933.99974363502     
   96.2999986029989        2933.99974363502     
   96.3999985970621        2933.99974363502     
   96.4999985911253        2933.99974363502     
   96.5999985851885        2933.99974363502     
   96.6999985792516        2933.99974363502     
   96.7999985733148        2933.99974363502     
   96.8999985673780        2933.99974363502     
   96.9999985614412        2933.99974363502     
   97.0999985555044        2933.99974363502     
   97.1999985495676        2933.99974363502     
   97.2999985436307        2933.99974363502     
   97.3999985376939        2933.99974363502     
   97.4999985317571        2933.99974363502     
   97.5999985258203        2933.99974363502     
   97.6999985198835        2933.99974363502     
   97.7999985139466        2933.99974363502     
   97.8999985080098        2933.99974363502     
   97.9999985020730        2933.99974363502     
   98.0999984961362        2933.99974363502     
   98.1999984901994        2933.99974363502     
   98.2999984842626        2933.99974363502     
   98.3999984783257        2933.99974363502     
   98.4999984723889        2933.99974363502     
   98.5999984664521        2933.99974363502     
   98.6999984605153        2933.99974363502     
   98.7999984545785        2933.99974363502     
   98.8999984486417        2933.99974363502     
   98.9999984427048        2933.99974363502     
   99.0999984367680        2933.99974363502     
   99.1999984308312        2933.99974363502     
   99.2999984248944        2933.99974363502     
   99.3999984189576        2933.99974363502     
   99.4999984130207        2933.99974363502     
   99.5999984070839        2933.99974363502     
   99.6999984011471        2933.99974363502     
   99.7999983952103        2933.99974363502     
   99.8999983892735        2933.99974363502     
   99.9999983833367        2933.99974363502     
   100.099998377400        3068.53152787353     
   100.199998371463        3055.63598435119     
   100.299998365526        3045.17813552535     
   100.399998359589        3036.43236995047     
   100.499998353653        3028.95629165432     
   100.599998347716        3022.49512181957     
   100.699998341779        3016.84980574589     
   100.799998335842        3011.85784511875     
   100.899998329905        3007.38509203801     
   100.999998323968        3003.32408456409     
   101.099998318032        2999.59532010670     
   101.199998312095        2996.14587433763     
   101.299998306158        2992.94317808042     
   101.399998300221        2989.96529915888     
   101.499998294284        2987.19259707556     
   101.599998288348        2984.60407285359     
   101.699998282411        2982.17745241926     
   101.799998276474        2979.89057439182     
   101.899998270537        2977.72263555299     
   101.999998264600        2975.65500355789     
   102.099998258663        2973.67181846956     
   102.199998252727        2971.76062541536     
   102.299998246790        2969.91307909826     
   102.399998240853        2968.12550270866     
   102.499998234916        2966.39890494330     
   102.599998228979        2964.73811006863     
   102.699998223043        2963.14999858928     
   102.799998217106        2961.64131918858     
   102.899998211169        2960.21678223543     
   102.999998205232        2958.87798869036     
   103.099998199295        2957.62332517598     
   103.199998193358        2956.44857534056     
   103.299998187422        2955.34784948541     
   103.399998181485        2954.31449747465     
   103.499998175548        2953.34182015724     
   103.599998169611        2952.42352952752     
   103.699998163674        2951.55398813893     
   103.799998157738        2950.72828852486     
   103.899998151801        2949.94223315739     
   103.999998145864        2949.19226233930     
   104.099998139927        2948.47536200060     
   104.199998133990        2947.78897041811     
   104.299998128054        2947.13089364108     
   104.399998122117        2946.49923353525     
   104.499998116180        2945.89232899888     
   104.599998110243        2945.30870921328     
   104.699998104306        2944.74705711470     
   104.799998098369        2944.20618115812     
   104.899998092433        2943.68499360416     
   104.999998086496        2943.18249383032     
   105.099998080559        2942.69775545595     
   105.199998074622        2942.22991633496     
   105.299998068685        2941.77817069368     
   105.399998062749        2941.34176286995     
   105.499998056812        2940.91998225058     
   105.599998050875        2940.51215910865     
   105.699998044938        2940.11766112292     
   105.799998039001        2939.73589041874     
   105.899998033064        2939.36628101420     
   105.999998027128        2939.00829658434     
   106.099998021191        2938.66142848065     
   106.199998015254        2938.32519395816     
   106.299998009317        2937.99913457459     
   106.399998003380        2937.68281473414     
   106.499997997444        2937.37582035563     
   106.599997991507        2937.07775764787     
   106.699997985570        2936.78825197950     
   106.799997979633        2936.50694683256     
   106.899997973696        2936.23350283114     
   106.999997967759        2935.96759683746     
   107.099997961823        2935.70892110937     
   107.199997955886        2935.45718251373     
   107.299997949949        2935.21210179080     
   107.399997944012        2934.97341286587     
   107.499997938075        2934.74086220393     
   107.599997932139        2934.51420820440     
   107.699997926202        2934.29322063264     
   107.799997920265        2934.07768008580     
   107.899997914328        2933.86737749024     
   107.999997908391        2933.66211362842     
   108.099997902454        2933.46169869316     
   108.199997896518        2933.26595186723     
   108.299997890581        2933.07470092653     
   108.399997884644        2932.88778186545     
   108.499997878707        2932.70503854248     
   108.599997872770        2932.52632234499     
   108.699997866834        2932.35149187174     
   108.799997860897        2932.18041263191     
   108.899997854960        2932.01295675945     
   108.999997849023        2931.84900274189     
   109.099997843086        2931.68843516234     
   109.199997837149        2931.53114445401     
   109.299997831213        2931.37702666617     
   109.399997825276        2931.22598324098     
   109.499997819339        2931.07792079998     
   109.599997813402        2930.93275094050     
   109.699997807465        2930.79039003969     
   109.799997801529        2930.65075906782     
   109.899997795592        2930.51378340722     
   109.999997789655        2930.37939268003     
   110.099997783718        2930.24752058139     
   110.199997777781        2930.11810471751     
   110.299997771844        2929.99108645098     
   110.399997765908        2929.86641075019     
   110.499997759971        2929.74402604340     
   110.599997754034        2929.62388407716     
   110.699997748097        2929.50593977884     
   110.799997742160        2929.39015112279     
   110.899997736224        2929.27647899927     
   110.999997730287        2929.16488708770     
   111.099997724350        2929.05534173194     
   111.199997718413        2928.94781181856     
   111.299997712476        2928.84226865765     
   111.399997706539        2928.73868586582     
   111.499997700603        2928.63703925162     
   111.599997694666        2928.53730670284     
   111.699997688729        2928.43946807603     
   111.799997682792        2928.34350508765     
   111.899997676855        2928.24940120716     
   111.999997670919        2928.15714155186     
   112.099997664982        2928.06671278342     
   112.199997659045        2927.97810300603     
   112.299997653108        2927.89130166629     
   112.399997647171        2927.80629945475     
   112.499997641234        2927.72308820913     
   112.599997635298        2927.64166081908     
   112.699997629361        2927.56201113258     
   112.799997623424        2927.48413386461     
   112.899997617487        2927.40802450712     
   112.999997611550        2927.33367924091     
   113.099997605614        2927.26109484961     
   113.199997599677        2927.19026863539     
   113.299997593740        2927.12119833695     
   113.399997587803        2927.05388204941     
   113.499997581866        2926.98831814659     
   113.599997575929        2926.92450520529     
   113.699997569993        2926.86244193221     
   113.799997564056        2926.80212709333     
   113.899997558119        2926.74355944465     
   113.999997552182        2926.68673766747     
   114.099997546245        2926.63166030484     
   114.199997540309        2926.57832570132     
   114.299997534372        2926.52673194550     
   114.399997528435        2926.47687681434     
   114.499997522498        2926.42875772210     
   114.599997516561        2926.38237167152     
   114.699997510624        2926.33771520682     
   114.799997504688        2926.29478437170     
   114.899997498751        2926.25357466897     
   114.999997492814        2926.21408102369     
   115.099997486877        2926.17629774941     
   115.199997480940        2926.14021851766     
   115.299997475004        2926.10583632999     
   115.399997469067        2926.07314349365     
   115.499997463130        2926.04213160009     
   115.599997457193        2926.01279150647     
   115.699997451256        2925.98511332024     
   115.799997445319        2925.95908638658     
   115.899997439383        2925.93469927879     
   115.999997433446        2925.91193979163     
   116.099997427509        2925.89079493728     
   116.199997421572        2925.87125094406     
   116.299997415635        2925.85329325784     
   116.399997409699        2925.83690654600     
   116.499997403762        2925.82207470373     
   116.599997397825        2925.80878086282     
   116.699997391888        2925.79700740265     
   116.799997385951        2925.78673596340     
   116.899997380014        2925.77794746128     
   116.999997374078        2925.77062210559     
   117.099997368141        2925.76473941786     
   117.199997362204        2925.76027825249     
   117.299997356267        2925.75721681902     
   117.399997350330        2925.75553270607     
   117.499997344394        2925.75520290616     
   117.599997338457        2925.75620384254     
   117.699997332520        2925.75851139629     
   117.799997326583        2925.76210093490     
   117.899997320646        2925.76694734181     
   117.999997314709        2925.77302504639     
   118.099997308773        2925.78030805469     
   118.199997302836        2925.78876998095     
   118.299997296899        2925.79838407914     
   118.399997290962        2925.80912327515     
   118.499997285025        2925.82096019900     
   118.599997279089        2925.83386721738     
   118.699997273152        2925.84781646587     
   118.799997267215        2925.86277988144     
   118.899997261278        2925.87872923463     
   118.999997255341        2925.89563616142     
   119.099997249404        2925.91347219492     
   119.199997243468        2925.93220879660     
   119.299997237531        2925.95181738696     
   119.399997231594        2925.97226937589     
   119.499997225657        2925.99353619209     
   119.599997219720        2926.01558931227     
   119.699997213784        2926.03840028918     
   119.799997207847        2926.06194077930     
   119.899997201910        2926.08618256948     
   119.999997195973        2926.11109760266     
   120.099997190036        2768.45309127416     
   120.199997184100        2773.90121647107     
   120.299997178163        2780.12447866724     
   120.399997172226        2786.38797868808     
   120.499997166289        2792.72059225813     
   120.599997160352        2799.14856742206     
   120.699997154415        2805.69213661438     
   120.799997148479        2812.36807951519     
   120.899997142542        2819.19982194349     
   120.999997136605        2826.24195858955     
   121.099997130668        2833.59572464020     
   121.199997124731        2841.30910578024     
   121.299997118795        2849.20606924732     
   121.399997112858        2856.98932576947     
   121.499997106921        2864.46445054295     
   121.599997100984        2871.56399627175     
   121.699997095047        2878.27683670271     
   121.799997089110        2884.59845254131     
   121.899997083174        2890.51307757548     
   121.999997077237        2895.99619372639     
   122.099997071300        2901.02438548078     
   122.199997065363        2905.58324642305     
   122.299997059426        2909.67074824831     
   122.399997053490        2913.29719666064     
   122.499997047553        2916.48337112194     
   122.599997041616        2919.25793046392     
   122.699997035679        2921.65471224136     
   122.799997029742        2923.71027609108     
   122.899997023805        2925.46186687175     
   122.999997017869        2926.94585674187     
   123.099997011932        2928.19664981000     
   123.199997005995        2929.24598999454     
   123.299997000058        2930.12259426320     
   123.399996994121        2930.85203152613     
   123.499996988185        2931.45677521279     
   123.599996982248        2931.95636975802     
   123.699996976311        2932.36766440899     
   123.799996970374        2932.70507997449     
   123.899996964437        2932.98088444672     
   123.999996958500        2933.20546159898     
   124.099996952564        2933.38756281796     
   124.199996946627        2933.53453686966     
   124.299996940690        2933.65253536767     
   124.399996934753        2933.74669373603     
   124.499996928816        2933.82128871894     
   124.599996922880        2933.87987420782     
   124.699996916943        2933.92539750456     
   124.799996911006        2933.96029824588     
   124.899996905069        2933.98659216683     
   124.999996899132        2934.00594174520     
   125.099996893195        2934.01971558668     
   125.199996887259        2934.02903820916     
   125.299996881322        2934.03483168338     
   125.399996875385        2934.03785039477     
   125.499996869448        2934.03871001509     
   125.599996863511        2934.03791161420     
   125.699996857575        2934.03586170147     
   125.799996851638        2934.03288886600     
   125.899996845701        2934.02925757863     
   125.999996839764        2934.02517962841     
   126.099996833827        2934.02082359172     
   126.199996827890        2934.01632266292     
   126.299996821954        2934.01178113080     
   126.399996816017        2934.00727971274     
   126.499996810080        2934.00287997750     
   126.599996804143        2933.99862796549     
   126.699996798206        2933.99455718445     
   126.799996792270        2933.99069106597     
   126.899996786333        2933.98704498352     
   126.999996780396        2933.98362790697     
   127.099996774459        2933.98044375564     
   127.199996768522        2933.97749250402     
   127.299996762585        2933.97477108229     
   127.399996756649        2933.97227410805     
   127.499996750712        2933.96999447913     
   127.599996744775        2933.96792385232     
   127.699996738838        2933.96605302765     
   127.799996732901        2933.96437225593     
   127.899996726965        2933.96287148288     
   127.999996721028        2933.96154054126     
   128.099996715091        2933.96036930218     
   128.199996709154        2933.95934778977     
   128.299996703217        2933.95846626972     
   128.399996697280        2933.95771531529     
   128.499996691344        2933.95708585347     
   128.599996685407        2933.95656919725     
   128.699996679470        2933.95615706767     
   128.799996673533        2933.95584160395     
   128.899996667596        2933.95561536793     
   128.999996661660        2933.95547134319     
   129.099996655723        2933.95540292744     
   129.199996649786        2933.95540392418     
   129.299996643849        2933.95546853036     
   129.399996637912        2933.95559132246     
   129.499996631975        2933.95576724196     
   129.599996626039        2933.95599157864     
   129.699996620102        2933.95625995439     
   129.799996614165        2933.95656830794     
   129.899996608228        2933.95691287508     
   129.999996602291        2933.95729017490     
   130.099996596355        2933.95769699369     
   130.199996590418        2933.95813036668     
   130.299996584481        2933.95858756453     
   130.399996578544        2933.95906607896     
   130.499996572607        2933.95956360396     
   130.599996566670        2933.96007802924     
   130.699996560734        2933.96060741942     
   130.799996554797        2933.96115000259     
   130.899996548860        2933.96170416516     
   130.999996542923        2933.96226842644     
   131.099996536986        2933.96284143733     
   131.199996531050        2933.96342196942     
   131.299996525113        2933.96400889665     
   131.399996519176        2933.96460119084     
   131.499996513239        2933.96519791449     
   131.599996507302        2933.96579821092     
   131.699996501365        2933.96640128855     
   131.799996495429        2933.96700640775     
   131.899996489492        2933.96761292561     
   131.999996483555        2933.96822017504     
   132.099996477618        2933.96882756727     
   132.199996471681        2933.96943456999     
   132.299996465745        2933.97004071893     
   132.399996459808        2933.97064543574     
   132.499996453871        2933.97124830022     
   132.599996447934        2933.97184883452     
   132.699996441997        2933.97244660377     
   132.799996436060        2933.97304118717     
   132.899996430124        2933.97363216176     
   132.999996424187        2933.97421912157     
   133.099996418250        2933.97480167210     
   133.199996412313        2933.97537941972     
   133.299996406376        2933.97595198089     
   133.399996400440        2933.97651898288     
   133.499996394503        2933.97708004714     
   133.599996388566        2933.97763482545     
   133.699996382629        2933.97818296297     
   133.799996376692        2933.97872412127     
   133.899996370756        2933.97925797457     
   133.999996364819        2933.97978420676     
   134.099996358882        2933.98030251561     
   134.199996352945        2933.98081262411     
   134.299996347008        2933.98131425648     
   134.399996341071        2933.98180716624     
   134.499996335135        2933.98229112538     
   134.599996329198        2933.98276592078     
   134.699996323261        2933.98323136378     
   134.799996317324        2933.98368728545     
   134.899996311387        2933.98413354122     
   134.999996305451        2933.98457000164     
   135.099996299514        2933.98499657001     
   135.199996293577        2933.98541316523     
   135.299996287640        2933.98581973017     
   135.399996281703        2933.98621623005     
   135.499996275766        2933.98660265151     
   135.599996269830        2933.98697900161     
   135.699996263893        2933.98734530739     
   135.799996257956        2933.98770161558     
   135.899996252019        2933.98804799276     
   135.999996246082        2933.98838452526     
   136.099996240146        2933.98871130998     
   136.199996234209        2933.98902846531     
   136.299996228272        2933.98933612130     
   136.399996222335        2933.98963442126     
   136.499996216398        2933.98992352212     
   136.599996210461        2933.99020358990     
   136.699996204525        2933.99047480383     
   136.799996198588        2933.99073734839     
   136.899996192651        2933.99099142130     
   136.999996186714        2933.99123721709     
   137.099996180777        2933.99147494278     
   137.199996174841        2933.99170481349     
   137.299996168904        2933.99192704397     
   137.399996162967        2933.99214184502     
   137.499996157030        2933.99234943940     
   137.599996151093        2933.99255004914     
   137.699996145156        2933.99274388916     
   137.799996139220        2933.99293118534     
   137.899996133283        2933.99311215341     
   137.999996127346        2933.99328701079     
   138.099996121409        2933.99345597409     
   138.199996115472        2933.99361925261     
   138.299996109536        2933.99377705846     
   138.399996103599        2933.99392959586     
   138.499996097662        2933.99407706533     
   138.599996091725        2933.99421966835     
   138.699996085788        2933.99435759089     
   138.799996079851        2933.99449102713     
   138.899996073915        2933.99462015602     
   138.999996067978        2933.99474515973     
   139.099996062041        2933.99486619977     
   139.199996056104        2933.99498345833     
   139.299996050167        2933.99509708834     
   139.399996044231        2933.99520725569     
   139.499996038294        2933.99531409576     
   139.599996032357        2933.99541776312     
   139.699996026420        2933.99551838859     
   139.799996020483        2933.99561611995     
   139.899996014546        2933.99571107690     
   139.999996008610        2933.99580338478     
   140.099996002673        2933.99589316265     
   140.199995996736        2933.99598052552     
   140.299995990799        2933.99606556808     
   140.399995984862        2933.99614839330     
   140.499995978926        2933.99622911374     
   140.599995972989        2933.99630780930     
   140.699995967052        2933.99638457707     
   140.799995961115        2933.99645949059     
   140.899995955178        2933.99653262906     
   140.999995949241        2933.99660407777     
   141.099995943305        2933.99667389082     
   141.199995937368        2933.99674215305     
   141.299995931431        2933.99680889628     
   141.399995925494        2933.99687420503     
   141.499995919557        2933.99693812850     
   141.599995913621        2933.99700071828     
   141.699995907684        2933.99706202832     
   141.799995901747        2933.99712207572     
   141.899995895810        2933.99718092425     
   141.999995889873        2933.99723862726     
   142.099995883936        2933.99729518011     
   142.199995878000        2933.99735065189     
   142.299995872063        2933.99740508164     
   142.399995866126        2933.99745843977     
   142.499995860189        2933.99751080309     
   142.599995854252        2933.99756219103     
   142.699995848316        2933.99761262226     
   142.799995842379        2933.99766211573     
   142.899995836442        2933.99771068923     
   142.999995830505        2933.99775836104     
   143.099995824568        2933.99780514873     
   143.199995818631        2933.99785106942     
   143.299995812695        2933.99789613974     
   143.399995806758        2933.99794037571     
   143.499995800821        2933.99798378620     
   143.599995794884        2933.99802634489     
   143.699995788947        2933.99806810705     
   143.799995783011        2933.99810908690     
   143.899995777074        2933.99814929390     
   143.999995771137        2933.99818867395     
   144.099995765200        2933.99822730266     
   144.199995759263        2933.99826519363     
   144.299995753326        2933.99830228762     
   144.399995747390        2933.99833864642     
   144.499995741453        2933.99837429516     
   144.599995735516        2933.99840914947     
   144.699995729579        2933.99844331837     
   144.799995723642        2933.99847674865     
   144.899995717706        2933.99850946149     
   144.999995711769        2933.99854148942     
   145.099995705832        2933.99857277800     
   145.199995699895        2933.99860342003     
   145.299995693958        2933.99863331873     
   145.399995688021        2933.99866259285     
   145.499995682085        2933.99869113916     
   145.599995676148        2933.99871906510     
   145.699995670211        2933.99874630108     
   145.799995664274        2933.99877290120     
   145.899995658337        2933.99879887214     
   145.999995652401        2933.99882417391     
   146.099995646464        2933.99884889464     
   146.199995640527        2933.99887296625     
   146.299995634590        2933.99889642623     
   146.399995628653        2933.99891932177     
   146.499995622716        2933.99894160601     
   146.599995616780        2933.99896329152     
   146.699995610843        2933.99898442785     
   146.799995604906        2933.99900502279     
   146.899995598969        2933.99902504779     
   146.999995593032        2933.99904451460     
   147.099995587096        2933.99906345569     
   147.199995581159        2933.99908188541     
   147.299995575222        2933.99909981110     
   147.399995569285        2933.99911724045     
   147.499995563348        2933.99913418172     
   147.599995557411        2933.99915064361     
   147.699995551475        2933.99916663549     
   147.799995545538        2933.99918216708     
   147.899995539601        2933.99919725020     
   147.999995533664        2933.99921189489     
   148.099995527727        2933.99922611439     
   148.199995521791        2933.99923992212     
   148.299995515854        2933.99925333270     
   148.399995509917        2933.99926636136     
   148.499995503980        2933.99927901335     
   148.599995498043        2933.99929129592     
   148.699995492106        2933.99930317063     
   148.799995486170        2933.99931471164     
   148.899995480233        2933.99932594363     
   148.999995474296        2933.99933685075     
   149.099995468359        2933.99934737327     
   149.199995462422        2933.99935763120     
   149.299995456486        2933.99936761022     
   149.399995450549        2933.99937722642     
   149.499995444612        2933.99938661911     
   149.599995438675        2933.99939572826     
   149.699995432738        2933.99940453818     
   149.799995426802        2933.99941315409     
   149.899995420865        2933.99942143795     
   149.999995414928        2933.99942956751     
