   95.0999986742407       0.543111580748906     
   95.1999986683039       0.543111580657191     
   95.2999986623671       0.543111580565469     
   95.3999986564303       0.543111580473741     
   95.4999986504935       0.543111580382007     
   95.5999986445566       0.543111580290268     
   95.6999986386198       0.543111580198522     
   95.7999986326830       0.543111580106770     
   95.8999986267462       0.543111580015012     
   95.9999986208094       0.543111579923248     
   96.0999986148725       0.543111579831478     
   96.1999986089357       0.543111579739701     
   96.2999986029989       0.543111579647919     
   96.3999985970621       0.543111579556131     
   96.4999985911253       0.543111579464337     
   96.5999985851885       0.543111579372536     
   96.6999985792516       0.543111579280730     
   96.7999985733148       0.543111579188917     
   96.8999985673780       0.543111579097099     
   96.9999985614412       0.543111579005274     
   97.0999985555044       0.543111578913443     
   97.1999985495676       0.543111578821607     
   97.2999985436307       0.543111578729764     
   97.3999985376939       0.543111578637915     
   97.4999985317571       0.543111578546060     
   97.5999985258203       0.543111578454199     
   97.6999985198835       0.543111578362332     
   97.7999985139466       0.543111578270459     
   97.8999985080098       0.543111578178579     
   97.9999985020730       0.543111578086694     
   98.0999984961362       0.543111577994803     
   98.1999984901994       0.543111577902905     
   98.2999984842626       0.543111577811002     
   98.3999984783257       0.543111577719092     
   98.4999984723889       0.543111577627177     
   98.5999984664521       0.543111577535255     
   98.6999984605153       0.543111577443327     
   98.7999984545785       0.543111577351394     
   98.8999984486417       0.543111577259454     
   98.9999984427048       0.543111577167508     
   99.0999984367680       0.543111577075556     
   99.1999984308312       0.543111576983598     
   99.2999984248944       0.543111576891633     
   99.3999984189576       0.543111576799663     
   99.4999984130207       0.543111576707687     
   99.5999984070839       0.543111576615705     
   99.6999984011471       0.543111576523716     
   99.7999983952103       0.543111576431721     
   99.8999983892735       0.543111576339721     
   99.9999983833367       0.543111576247714     
   100.099998377400       0.543165582828383     
   100.199998371463       0.543482527885781     
   100.299998365526       0.544260281460226     
   100.399998359589       0.545655742112665     
   100.499998353653       0.547765159139718     
   100.599998347716       0.550583968828238     
   100.699998341779       0.553971100574926     
   100.799998335842       0.557678301134898     
   100.899998329905       0.561449374043489     
   100.999998323968       0.565098071446101     
   101.099998318032       0.568519093679006     
   101.199998312095       0.571666414802533     
   101.299998306158       0.574530593554543     
   101.399998300221       0.577123039551598     
   101.499998294284       0.579466076492547     
   101.599998288348       0.581586700257469     
   101.699998282411       0.583512655804173     
   101.799998276474       0.585270064237659     
   101.899998270537       0.586882143529690     
   101.999998264600       0.588368700845116     
   102.099998258663       0.589746138600345     
   102.199998252727       0.591027765294950     
   102.299998246790       0.592224252285190     
   102.399998240853       0.593344127224172     
   102.499998234916       0.594394237946848     
   102.599998228979       0.595380153405716     
   102.699998223043       0.596306490424968     
   102.799998217106       0.597177168266976     
   102.899998211169       0.597995599760616     
   102.999998205232       0.598764830295218     
   103.099998199295       0.599487636055788     
   103.199998193358       0.600166591638595     
   103.299998187422       0.600804115417011     
   103.399998181485       0.601402499192561     
   103.499998175548       0.601963927031988     
   103.599998169611       0.602490486852884     
   103.699998163674       0.602984177289226     
   103.799998157738       0.603446911602995     
   103.899998151801       0.603880519852010     
   103.999998145864       0.604286750129541     
   104.099998139927       0.604667269409350     
   104.199998133990       0.605023664335220     
   104.299998128054       0.605357442156496     
   104.399998122117       0.605670031918389     
   104.499998116180       0.605962785952574     
   104.599998110243       0.606236981673021     
   104.699998104306       0.606493823656007     
   104.799998098369       0.606734445968524     
   104.899998092433       0.606959914702320     
   104.999998086496       0.607171230667602     
   105.099998080559       0.607369332202504     
   105.199998074622       0.607555098056046     
   105.299998068685       0.607729350307686     
   105.399998062749       0.607892857289965     
   105.499998056812       0.608046336486705     
   105.599998050875       0.608190457382686     
   105.699998044938       0.608325844245969     
   105.799998039001       0.608453078827585     
   105.899998033064       0.608572702966660     
   105.999998027128       0.608685221092601     
   106.099998021191       0.608791102618206     
   106.199998015254       0.608890784220003     
   106.299998009317       0.608984672004065     
   106.399998003380       0.609073143556990     
   106.499997997444       0.609156549883035     
   106.599997991507       0.609235217229536     
   106.699997985570       0.609309448803409     
   106.799997979633       0.609379526382268     
   106.899997973696       0.609445711823958     
   106.999997967759       0.609508248478995     
   107.099997961823       0.609567362510039     
   107.199997955886       0.609623264123330     
   107.299997949949       0.609676148716491     
   107.399997944012       0.609726197947336     
   107.499997938075       0.609773580728340     
   107.599997932139       0.609818454151149     
   107.699997926202       0.609860964345310     
   107.799997920265       0.609901247275634     
   107.899997914328       0.609939429481939     
   107.999997908391       0.609975628765143     
   108.099997902454       0.610009954823273     
   108.199997896518       0.610042509840753     
   108.299997890581       0.610073389034309     
   108.399997884644       0.610102681158535     
   108.499997878707       0.610130468973960     
   108.599997872770       0.610156829680302     
   108.699997866834       0.610181835317507     
   108.799997860897       0.610205553136861     
   108.899997854960       0.610228045944402     
   108.999997849023       0.610249372418732     
   109.099997843086       0.610269587405060     
   109.199997837149       0.610288742187341     
   109.299997831213       0.610306884740110     
   109.399997825276       0.610324059961538     
   109.499997819339       0.610340309889213     
   109.599997813402       0.610355673899851     
   109.699997807465       0.610370188894275     
   109.799997801529       0.610383889468680     
   109.899997795592       0.610396808073363     
   109.999997789655       0.610408975159719     
   110.099997783718       0.610420419316593     
   110.199997777781       0.610431167396603     
   110.299997771844       0.610441244633398     
   110.399997765908       0.610450674750415     
   110.499997759971       0.610459480061827     
   110.599997754034       0.610467681566329     
   110.699997748097       0.610475299034216     
   110.799997742160       0.610482351088368     
   110.899997736224       0.610488855279558     
   110.999997730287       0.610494828156494     
   111.099997724350       0.610500285331063     
   111.199997718413       0.610505241539090     
   111.299997712476       0.610509710696964     
   111.399997706539       0.610513705954461     
   111.499997700603       0.610517239744038     
   111.599997694666       0.610520323826878     
   111.699997688729       0.610522969335876     
   111.799997682792       0.610525186815903     
   111.899997676855       0.610526986261449     
   111.999997670919       0.610528377151864     
   112.099997664982       0.610529368484405     
   112.199997659045       0.610529968805250     
   112.299997653108       0.610530186238573     
   112.399997647171       0.610530028513879     
   112.499997641234       0.610529502991696     
   112.599997635298       0.610528616687740     
   112.699997629361       0.610527376295718     
   112.799997623424       0.610525788208717     
   112.899997617487       0.610523858539470     
   112.999997611550       0.610521593139444     
   113.099997605614       0.610518997616887     
   113.199997599677       0.610516077353826     
   113.299997593740       0.610512837522239     
   113.399997587803       0.610509283099286     
   113.499997581866       0.610505418881765     
   113.599997575929       0.610501249499815     
   113.699997569993       0.610496779429884     
   113.799997564056       0.610492013007066     
   113.899997558119       0.610486954436788     
   113.999997552182       0.610481607805914     
   114.099997546245       0.610475977093275     
   114.199997540309       0.610470066179703     
   114.299997534372       0.610463878857550     
   114.399997528435       0.610457418839732     
   114.499997522498       0.610450689768314     
   114.599997516561       0.610443695222698     
   114.699997510624       0.610436438727370     
   114.799997504688       0.610428923759283     
   114.899997498751       0.610421153754833     
   114.999997492814       0.610413132116536     
   115.099997486877       0.610404862219286     
   115.199997480940       0.610396347416342     
   115.299997475004       0.610387591044957     
   115.399997469067       0.610378596431730     
   115.499997463130       0.610369366897621     
   115.599997457193       0.610359905762712     
   115.699997451256       0.610350216350652     
   115.799997445319       0.610340301992851     
   115.899997439383       0.610330166032413     
   115.999997433446       0.610319811827765     
   116.099997427509       0.610309242756094     
   116.199997421572       0.610298462216470     
   116.299997415635       0.610287473632750     
   116.399997409699       0.610276280456294     
   116.499997403762       0.610264886168346     
   116.599997397825       0.610253294282261     
   116.699997391888       0.610241508345485     
   116.799997385951       0.610229531941298     
   116.899997380014       0.610217368690390     
   116.999997374078       0.610205022252136     
   117.099997368141       0.610192496325756     
   117.199997362204       0.610179794651190     
   117.299997356267       0.610166921009851     
   117.399997350330       0.610153879225089     
   117.499997344394       0.610140673162560     
   117.599997338457       0.610127306730339     
   117.699997332520       0.610113783878836     
   117.799997326583       0.610100108600612     
   117.899997320646       0.610086284929956     
   117.999997314709       0.610072316942283     
   118.099997308773       0.610058208753429     
   118.199997302836       0.610043964518696     
   118.299997296899       0.610029588431841     
   118.399997290962       0.610015084723813     
   118.499997285025       0.610000457661459     
   118.599997279089       0.609985711545935     
   118.699997273152       0.609970850711164     
   118.799997267215       0.609955879522050     
   118.899997261278       0.609940802372534     
   118.999997255341       0.609925623683697     
   119.099997249404       0.609910347901532     
   119.199997243468       0.609894979494864     
   119.299997237531       0.609879522952946     
   119.399997231594       0.609863982783049     
   119.499997225657       0.609848363508046     
   119.599997219720       0.609832669663804     
   119.699997213784       0.609816905796576     
   119.799997207847       0.609801076460281     
   119.899997201910       0.609785186213746     
   119.999997195973       0.609769239617919     
   120.099997190036       0.609749086291098     
   120.199997184100       0.609714474183565     
   120.299997178163       0.609658705440411     
   120.399997172226       0.609575978289815     
   120.499997166289       0.609460642144285     
   120.599997160352       0.609306758255698     
   120.699997154415       0.609107748099413     
   120.799997148479       0.608856078945183     
   120.899997142542       0.608542961310952     
   120.999997136605       0.608158050347208     
   121.099997130668       0.607689161434080     
   121.199997124731       0.607122030704301     
   121.299997118795       0.606440169419871     
   121.399997112858       0.605624902206954     
   121.499997106921       0.604655775220614     
   121.599997100984       0.603511599879420     
   121.699997095047       0.602172369637217     
   121.799997089110       0.600622080482595     
   121.899997083174       0.598852035331561     
   121.999997077237       0.596863669487043     
   122.099997071300       0.594669765566744     
   122.199997065363       0.592293491798171     
   122.299997059426       0.589765677109250     
   122.399997053490       0.587121368158476     
   122.499997047553       0.584396650754172     
   122.599997041616       0.581626256282370     
   122.699997035679       0.578842037533939     
   122.799997029742       0.576072165405329     
   122.899997023805       0.573340836570981     
   122.999997017869       0.570668306569493     
   123.099997011932       0.568071111666736     
   123.199997005995       0.565562388383195     
   123.299997000058       0.563152233678279     
   123.399996994121       0.560848071826760     
   123.499996988185       0.558655008708038     
   123.599996982248       0.556576163247520     
   123.699996976311       0.554612971155951     
   123.799996970374       0.552765459273643     
   123.899996964437       0.551032490648796     
   123.999996958500       0.549411981494031     
   124.099996952564       0.547901091707350     
   124.199996946627       0.546496390913295     
   124.299996940690       0.545194002076479     
   124.399996934753       0.543989724752332     
   124.499996928816       0.542879139985842     
   124.599996922880       0.541857698784581     
   124.699996916943       0.540920795986281     
   124.799996911006       0.540063831222741     
   124.899996905069       0.539282258557409     
   124.999996899132       0.538571626245346     
   125.099996893195       0.537927607938193     
   125.199996887259       0.537346026530955     
   125.299996881322       0.536822871727569     
   125.399996875385       0.536354312286933     
   125.499996869448       0.535936703802771     
   125.599996863511       0.535566592769974     
   125.699996857575       0.535240717596517     
   125.799996851638       0.534956007133857     
   125.899996845701       0.534709577222795     
   125.999996839764       0.534498725679626     
   126.099996833827       0.534320926086278     
   126.199996827890       0.534173820691794     
   126.299996821954       0.534055212683755     
   126.399996816017       0.533963058044316     
   126.499996810080       0.533895457169475     
   126.599996804143       0.533850646395786     
   126.699996798206       0.533826989552419     
   126.799996792270       0.533822969631253     
   126.899996786333       0.533837180648166     
   126.999996780396       0.533868319751105     
   127.099996774459       0.533915179616032     
   127.199996768522       0.533976641160434     
   127.299996762585       0.534051666593586     
   127.399996756649       0.534139292815102     
   127.499996750712       0.534238625166820     
   127.599996744775       0.534348831538136     
   127.699996738838       0.534469136820185     
   127.799996732901       0.534598817702456     
   127.899996726965       0.534737197802122     
   127.999996721028       0.534883643115488     
   128.099996715091       0.535037557779728     
   128.199996709154       0.535198380132734     
   128.299996703217       0.535365579058503     
   128.399996697280       0.535538650606070     
   128.499996691344       0.535717114870002     
   128.599996685407       0.535900513120978     
   128.699996679470       0.536088405176185     
   128.799996673533       0.536280366999402     
   128.899996667596       0.536475988521799     
   128.999996661660       0.536674871675140     
   129.099996655723       0.536876628630023     
   129.199996649786       0.537080880232352     
   129.299996643849       0.537287254631855     
   129.399996637912       0.537495386097354     
   129.499996631975       0.537704914013487     
   129.599996626039       0.537915482054352     
   129.699996620102       0.538126737529365     
   129.799996614165       0.538338330896125     
   129.899996608228       0.538549915440580     
   129.999996602291       0.538761147107119     
   130.099996596355       0.538971684490066     
   130.199996590418       0.539181188968194     
   130.299996584481       0.539389324980559     
   130.399996578544       0.539595760435632     
   130.499996572607       0.539800167245311     
   130.599996566670       0.540002221974680     
   130.699996560734       0.540201606597112     
   130.799996554797       0.540398009343278     
   130.899996548860       0.540591125631890     
   130.999996542923       0.540780659068457     
   131.099996536986       0.540966322498043     
   131.199996531050       0.541147839096777     
   131.299996525113       0.541324943486409     
   131.399996519176       0.541497382855853     
   131.499996513239       0.541664918073205     
   131.599996507302       0.541827324771892     
   131.699996501365       0.541984394394857     
   131.799996495429       0.542135935180915     
   131.899996489492       0.542281773078576     
   131.999996483555       0.542421752573359     
   132.099996477618       0.542555737415658     
   132.199996471681       0.542683611238291     
   132.299996465745       0.542805278053736     
   132.399996459808       0.542920662623410     
   132.499996453871       0.543029710692823     
   132.599996447934       0.543132389088804     
   132.699996441997       0.543228685676563     
   132.799996436060       0.543318609176823     
   132.899996430124       0.543402188844797     
   132.999996424187       0.543479474014836     
   133.099996418250       0.543550533516550     
   133.199996412313       0.543615454969200     
   133.299996406376       0.543674343963363     
   133.399996400440       0.543727323139430     
   133.499996394503       0.543774531173929     
   133.599996388566       0.543816121685463     
   133.699996382629       0.543852262072195     
   133.799996376692       0.543883132293876     
   133.899996370756       0.543908923610939     
   133.999996364819       0.543929837293415     
   134.099996358882       0.543946083312327     
   134.199996352945       0.543957879025257     
   134.299996347008       0.543965447868019     
   134.399996341071       0.543969018062852     
   134.499996335135       0.543968821353317     
   134.599996329198       0.543965091775104     
   134.699996323261       0.543958064470600     
   134.799996317324       0.543947974554785     
   134.899996311387       0.543935056038307     
   134.999996305451       0.543919540813030     
   135.099996299514       0.543901657704289     
   135.199996293577       0.543881631592810     
   135.299996287640       0.543859682608813     
   135.399996281703       0.543836025399545     
   135.499996275766       0.543810868470798     
   135.599996269830       0.543784413602343     
   135.699996263893       0.543756855336332     
   135.799996257956       0.543728380537234     
   135.899996252019       0.543699168021353     
   135.999996246082       0.543669388253419     
   136.099996240146       0.543639203107459     
   136.199996234209       0.543608765688830     
   136.299996228272       0.543578220213104     
   136.399996222335       0.543547701943213     
   136.499996216398       0.543517337168799     
   136.599996210461       0.543487243240488     
   136.699996204525       0.543457528642848     
   136.799996198588       0.543428293107143     
   136.899996192651       0.543399627759378     
   136.999996186714       0.543371615299856     
   137.099996180777       0.543344330210831     
   137.199996174841       0.543317838988638     
   137.299996168904       0.543292200397131     
   137.399996162967       0.543267465739242     
   137.499996157030       0.543243679143722     
   137.599996151093       0.543220877864298     
   137.699996145156       0.543199092588608     
   137.799996139220       0.543178347754530     
   137.899996133283       0.543158661871724     
   137.999996127346       0.543140047846256     
   138.099996121409       0.543122513306514     
   138.199996115472       0.543106060928677     
   138.299996109536       0.543090688760248     
   138.399996103599       0.543076390540241     
   138.499996097662       0.543063156014839     
   138.599996091725       0.543050971247403     
   138.699996085788       0.543039818921957     
   138.799996079851       0.543029678639193     
   138.899996073915       0.543020527204463     
   138.999996067978       0.543012338907012     
   139.099996062041       0.543005085789998     
   139.199996056104       0.542998737910912     
   139.299996050167       0.542993263591994     
   139.399996044231       0.542988629660445     
   139.499996038294       0.542984801678216     
   139.599996032357       0.542981744161227     
   139.699996026420       0.542979420787934     
   139.799996020483       0.542977794597296     
   139.899996014546       0.542976828175977     
   139.999996008610       0.542976483835025     
   140.099996002673       0.542976723775987     
   140.199995996736       0.542977510246607     
   140.299995990799       0.542978805686289     
   140.399995984862       0.542980572861431     
   140.499995978926       0.542982774990829     
   140.599995972989       0.542985375861415     
   140.699995967052       0.542988339934448     
   140.799995961115       0.542991632442514     
   140.899995955178       0.542995219477453     
   140.999995949241       0.542999068069595     
   141.099995943305       0.543003146258485     
   141.199995937368       0.543007423155432     
   141.299995931431       0.543011868998117     
   141.399995925494       0.543016455197588     
   141.499995919557       0.543021154377953     
   141.599995913621       0.543025940409005     
   141.699995907684       0.543030788432153     
   141.799995901747       0.543035674879950     
   141.899995895810       0.543040577491099     
   141.999995889873       0.543045475311410     
   142.099995883936       0.543050348706311     
   142.199995878000       0.543055179350477     
   142.299995872063       0.543059950222133     
   142.399995866126       0.543064645590369     
   142.499995860189       0.543069250998578     
   142.599995854252       0.543073753243864     
   142.699995848316       0.543078140352782     
   142.799995842379       0.543082401553832     
   142.899995836442       0.543086527246872     
   142.999995830505       0.543090508969778     
   143.099995824568       0.543094339362726     
   143.199995818631       0.543098012130182     
   143.299995812695       0.543101522001062     
   143.399995806758       0.543104864687227     
   143.499995800821       0.543108036840558     
   143.599995794884       0.543111036008964     
   143.699995788947       0.543113860591359     
   143.799995783011       0.543116509792097     
   143.899995777074       0.543118983574839     
   143.999995771137       0.543121282616233     
   144.099995765200       0.543123408259500     
   144.199995759263       0.543125362468187     
   144.299995753326       0.543127147780207     
   144.399995747390       0.543128767262358     
   144.499995741453       0.543130224465432     
   144.599995735516       0.543131523380230     
   144.699995729579       0.543132668394260     
   144.799995723642       0.543133664249680     
   144.899995717706       0.543134516002232     
   144.999995711769       0.543135228981448     
   145.099995705832       0.543135808752159     
   145.199995699895       0.543136261077479     
   145.299995693958       0.543136591883159     
   145.399995688021       0.543136807223428     
   145.499995682085       0.543136913248611     
   145.599995676148       0.543136916174064     
   145.699995670211       0.543136822250993     
   145.799995664274       0.543136637738750     
   145.899995658337       0.543136368878943     
   145.999995652401       0.543136021871094     
   146.099995646464       0.543135602850056     
   146.199995640527       0.543135117865025     
   146.299995634590       0.543134572860205     
   146.399995628653       0.543133973657230     
   146.499995622716       0.543133325938965     
   146.599995616780       0.543132635235007     
   146.699995610843       0.543131906908622     
   146.799995604906       0.543131146145401     
   146.899995598969       0.543130357942994     
   146.999995593032       0.543129547102405     
   147.099995587096       0.543128718220863     
   147.199995581159       0.543127875685722     
   147.299995575222       0.543127023669230     
   147.399995569285       0.543126166126057     
   147.499995563348       0.543125306789572     
   147.599995557411       0.543124449168817     
   147.699995551475       0.543123596552015     
   147.799995545538       0.543122752005094     
   147.899995539601       0.543121918372113     
   147.999995533664       0.543121098278763     
   148.099995527727       0.543120294134157     
   148.199995521791       0.543119508135470     
   148.299995515854       0.543118742271403     
   148.399995509917       0.543117998327563     
   148.499995503980       0.543117277891621     
   148.599995498043       0.543116582359074     
   148.699995492106       0.543115912939604     
   148.799995486170       0.543115270663672     
   148.899995480233       0.543114656389352     
   148.999995474296       0.543114070809725     
   149.099995468359       0.543113514460146     
   149.199995462422       0.543112987725772     
   149.299995456486       0.543112490849478     
   149.399995450549       0.543112023939675     
   149.499995444612       0.543111586978069     
   149.599995438675       0.543111179827569     
   149.699995432738       0.543110802240359     
   149.799995426802       0.543110453865529     
   149.899995420865       0.543110134257134     
   149.999995414928       0.543109842881550     
