   95.0999986742407        13760.1895873484     
   95.1999986683039        13760.1895873227     
   95.2999986623671        13760.1895872970     
   95.3999986564303        13760.1895872713     
   95.4999986504935        13760.1895872456     
   95.5999986445566        13760.1895872199     
   95.6999986386198        13760.1895871942     
   95.7999986326830        13760.1895871685     
   95.8999986267462        13760.1895871428     
   95.9999986208094        13760.1895871171     
   96.0999986148725        13760.1895870914     
   96.1999986089357        13760.1895870657     
   96.2999986029989        13760.1895870400     
   96.3999985970621        13760.1895870143     
   96.4999985911253        13760.1895869886     
   96.5999985851885        13760.1895869628     
   96.6999985792516        13760.1895869371     
   96.7999985733148        13760.1895869114     
   96.8999985673780        13760.1895868857     
   96.9999985614412        13760.1895868600     
   97.0999985555044        13760.1895868342     
   97.1999985495676        13760.1895868085     
   97.2999985436307        13760.1895867828     
   97.3999985376939        13760.1895867571     
   97.4999985317571        13760.1895867313     
   97.5999985258203        13760.1895867056     
   97.6999985198835        13760.1895866799     
   97.7999985139466        13760.1895866541     
   97.8999985080098        13760.1895866284     
   97.9999985020730        13760.1895866027     
   98.0999984961362        13760.1895865769     
   98.1999984901994        13760.1895865512     
   98.2999984842626        13760.1895865254     
   98.3999984783257        13760.1895864997     
   98.4999984723889        13760.1895864739     
   98.5999984664521        13760.1895864482     
   98.6999984605153        13760.1895864224     
   98.7999984545785        13760.1895863967     
   98.8999984486417        13760.1895863709     
   98.9999984427048        13760.1895863452     
   99.0999984367680        13760.1895863194     
   99.1999984308312        13760.1895862937     
   99.2999984248944        13760.1895862679     
   99.3999984189576        13760.1895862421     
   99.4999984130207        13760.1895862164     
   99.5999984070839        13760.1895861906     
   99.6999984011471        13760.1895861648     
   99.7999983952103        13760.1895861391     
   99.8999983892735        13760.1895861133     
   99.9999983833367        13760.1895860875     
   100.099998377400        15909.7338153857     
   100.199998371463        17825.4239439108     
   100.299998365526        19569.6470438617     
   100.399998359589        21173.8584257055     
   100.499998353653        22659.4975518042     
   100.599998347716        24043.5884505366     
   100.699998341779        25339.8876542227     
   100.799998335842        26559.3884450793     
   100.899998329905        27710.6511739752     
   100.999998323968        28800.2675439310     
   101.099998318032        29833.4779968261     
   101.199998312095        30814.6905154369     
   101.299998306158        31747.7807656822     
   101.399998300221        32636.2301475476     
   101.499998294284        33483.1886612329     
   101.599998288348        34291.5123948460     
   101.699998282411        35063.7937187278     
   101.799998276474        35802.3886629617     
   101.899998270537        36509.4420924834     
   101.999998264600        37186.9105239965     
   102.099998258663        37836.5823195385     
   102.199998252727        38460.0950152859     
   102.299998246790        39058.9496775606     
   102.399998240853        39634.5224666178     
   102.499998234916        40188.0740164694     
   102.599998228979        40720.7576543459     
   102.699998223043        41233.6276204721     
   102.799998217106        41727.6481145994     
   102.899998211169        42203.7032938438     
   102.999998205232        42662.6076562077     
   103.099998199295        43105.1159269669     
   103.199998193358        43531.9316944821     
   103.299998187422        43943.7144242145     
   103.399998181485        44341.0848646323     
   103.499998175548        44724.6291025708     
   103.599998169611        45094.9016105807     
   103.699998163674        45452.4276063235     
   103.799998157738        45797.7049726498     
   103.899998151801        46131.2059087084     
   103.999998145864        46453.3784172307     
   104.099998139927        46764.6476865806     
   104.199998133990        47065.4173966303     
   104.299998128054        47356.0709604058     
   104.399998122117        47636.9727049886     
   104.499998116180        47908.4689915640     
   104.599998110243        48170.8892736640     
   104.699998104306        48424.5470932309     
   104.799998098369        48669.7410149687     
   104.899998092433        48906.7555004938     
   104.999998086496        49135.8617245716     
   105.099998080559        49357.3183363070     
   105.199998074622        49571.3721685088     
   105.299998068685        49778.2588986043     
   105.399998062749        49978.2036646052     
   105.499998056812        50171.4216393437     
   105.599998050875        50358.1185662966     
   105.699998044938        50538.4912599605     
   105.799998039001        50712.7280736037     
   105.899998033064        50881.0093370011     
   105.999998027128        51043.5077665524     
   106.099998021191        51200.3888499382     
   106.199998015254        51351.8112073626     
   106.299998009317        51497.9269311625     
   106.399998003380        51638.8819054598     
   106.499997997444        51774.8161073635     
   106.599997991507        51905.8638911066     
   106.699997985570        52032.1542563659     
   106.799997979633        52153.8111018910     
   106.899997973696        52270.9534655254     
   106.999997967759        52383.6957515430     
   107.099997961823        52492.1479461968     
   107.199997955886        52596.4158222573     
   107.299997949949        52696.6011333014     
   107.399997944012        52792.8017984193     
   107.499997938075        52885.1120779566     
   107.599997932139        52973.6227408690     
   107.699997926202        53058.4212242170     
   107.799997920265        53139.5917853221     
   107.899997914328        53217.2156469417     
   107.999997908391        53291.3711360087     
   108.099997902454        53362.1338162198     
   108.199997896518        53429.5766148879     
   108.299997890581        53493.7699443556     
   108.399997884644        53554.7818183083     
   108.499997878707        53612.6779632347     
   108.599997872770        53667.5219253482     
   108.699997866834        53719.3751731684     
   108.799997860897        53768.2971960138     
   108.899997854960        53814.3455986226     
   108.999997849023        53857.5761920718     
   109.099997843086        53898.0430812046     
   109.199997837149        53935.7987487256     
   109.299997831213        53970.8941361027     
   109.399997825276        54003.3787214509     
   109.499997819339        54033.3005945010     
   109.599997813402        54060.7065288052     
   109.699997807465        54085.6420512686     
   109.799997801529        54108.1515091316     
   109.899997795592        54128.2781344815     
   109.999997789655        54146.0641064061     
   110.099997783718        54161.5506108494     
   110.199997777781        54174.7778982554     
   110.299997771844        54185.7853390732     
   110.399997765908        54194.6114771712     
   110.499997759971        54201.2940812429     
   110.599997754034        54205.8701942277     
   110.699997748097        54208.3761808269     
   110.799997742160        54208.8477731286     
   110.899997736224        54207.3201144059     
   110.999997730287        54203.8278011143     
   111.099997724350        54198.4049231205     
   111.199997718413        54191.0851022007     
   111.299997712476        54181.9015288297     
   111.399997706539        54170.8869972897     
   111.499997700603        54158.0739391344     
   111.599997694666        54143.4944549957     
   111.699997688729        54127.1803448015     
   111.799997682792        54109.1631363931     
   111.899997676855        54089.4741125620     
   111.999997670919        54068.1443365451     
   112.099997664982        54045.2046759632     
   112.199997659045        54020.6858252658     
   112.299997653108        53994.6183266523     
   112.399997647171        53967.0325895179     
   112.499997641234        53937.9589084332     
   112.599997635298        53907.4274796727     
   112.699997629361        53875.4684163311     
   112.799997623424        53842.1117620031     
   112.899997617487        53807.3875031056     
   112.999997611550        53771.3255798206     
   113.099997605614        53733.9558957013     
   113.199997599677        53695.3083259659     
   113.299997593740        53655.4127244941     
   113.399997587803        53614.2989295699     
   113.499997581866        53571.9967683853     
   113.599997575929        53528.5360603447     
   113.699997569993        53483.9466191964     
   113.799997564056        53438.2582540303     
   113.899997558119        53391.5007691657     
   113.999997552182        53343.7039629862     
   114.099997546245        53294.8976257314     
   114.199997540309        53245.1115363102     
   114.299997534372        53194.3754581590     
   114.399997528435        53142.7191342040     
   114.499997522498        53090.1722809434     
   114.599997516561        53036.7645817281     
   114.699997510624        52982.5256792548     
   114.799997504688        52927.4851673388     
   114.899997498751        52871.6725819985     
   114.999997492814        52815.1173919133     
   115.099997486877        52757.8489882911     
   115.199997480940        52699.8966741959     
   115.299997475004        52641.2896533888     
   115.399997469067        52582.0570187317     
   115.499997463130        52522.2277401942     
   115.599997457193        52461.8306525196     
   115.699997451256        52400.8944425946     
   115.799997445319        52339.4476365741     
   115.899997439383        52277.5185868058     
   115.999997433446        52215.1354586000     
   116.099997427509        52152.3262168972     
   116.199997421572        52089.1186128679     
   116.299997415635        52025.5401704992     
   116.399997409699        51961.6181732005     
   116.499997403762        51897.3796504841     
   116.599997397825        51832.8513647448     
   116.699997391888        51768.0597981857     
   116.799997385951        51703.0311399283     
   116.899997380014        51637.7912733388     
   116.999997374078        51572.3657636098     
   117.099997368141        51506.7798456202     
   117.199997362204        51441.0584121128     
   117.299997356267        51375.2260022159     
   117.399997350330        51309.3067903311     
   117.499997344394        51243.3245754157     
   117.599997338457        51177.3027706862     
   117.699997332520        51111.2643937476     
   117.799997326583        51045.2320572201     
   117.899997320646        50979.2279597630     
   117.999997314709        50913.2738776647     
   118.099997308773        50847.3911568973     
   118.199997302836        50781.6007056917     
   118.299997296899        50715.9229876378     
   118.399997290962        50650.3780153140     
   118.499997285025        50584.9853444577     
   118.599997279089        50519.7640686721     
   118.699997273152        50454.7328146823     
   118.799997267215        50389.9097381340     
   118.899997261278        50325.3125199389     
   118.999997255341        50260.9583631613     
   119.099997249404        50196.8639904423     
   119.199997243468        50133.0456419671     
   119.299997237531        50069.5190739512     
   119.399997231594        50006.2995576519     
   119.499997225657        49943.4018788951     
   119.599997219720        49880.8403381037     
   119.699997213784        49818.6287508189     
   119.799997207847        49756.7804487062     
   119.899997201910        49695.3082810285     
   119.999997195973        49634.2246165792     
   120.099997190036        47096.4930236956     
   120.199997184100        44675.6983730862     
   120.299997178163        42344.5099038389     
   120.399997172226        40103.0491493688     
   120.499997166289        37952.3917570598     
   120.599997160352        35894.2621318295     
   120.699997154415        33930.8582860228     
   120.799997148479        32064.6729160808     
   120.899997142542        30298.2988109455     
   120.999997136605        28634.2020817541     
   121.099997130668        27074.4601394994     
   121.199997124731        25620.5578687600     
   121.299997118795        24273.3943563778     
   121.399997112858        23033.3165948220     
   121.499997106921        21899.8953437098     
   121.599997100984        20871.6220291691     
   121.699997095047        19945.7544736898     
   121.799997089110        19118.3297160977     
   121.899997083174        18384.2935331778     
   121.999997077237        17737.7001296630     
   122.099997071300        17171.9477219569     
   122.199997065363        16680.0266612315     
   122.299997059426        16254.7618843951     
   122.399997053490        15889.0333912184     
   122.499997047553        15575.9617608760     
   122.599997041616        15309.0512052764     
   122.699997035679        15082.2885805643     
   122.799997029742        14890.2015478184     
   122.899997023805        14727.8820572300     
   122.999997017869        14590.9826189745     
   123.099997011932        14475.6928373593     
   123.199997005995        14378.7029021105     
   123.299997000058        14297.1595605894     
   123.399996994121        14228.6188306757     
   123.499996988185        14170.9985365173     
   123.599996982248        14122.5327489231     
   123.699996976311        14081.7294177275     
   123.799996970374        14047.3318868828     
   123.899996964437        14018.2845576512     
   123.999996958500        13993.7026779391     
   124.099996952564        13972.8460541869     
   124.199996946627        13955.0963778555     
   124.299996940690        13939.9378084389     
   124.399996934753        13926.9404411839     
   124.499996928816        13915.7462972141     
   124.599996922880        13906.0574969835     
   124.699996916943        13897.6263084333     
   124.799996911006        13890.2467945613     
   124.899996905069        13883.7478184682     
   124.999996899132        13877.9871957194     
   125.099996893195        13872.8468130839     
   125.199996887259        13868.2285589571     
   125.299996881322        13864.0509339797     
   125.399996875385        13860.2462305724     
   125.499996869448        13856.7581875748     
   125.599996863511        13853.5400411233     
   125.699996857575        13850.5529056439     
   125.799996851638        13847.7644296215     
   125.899996845701        13845.1476799076     
   125.999996839764        13842.6802159991     
   126.099996833827        13840.3433221403     
   126.199996827890        13838.1213704837     
   126.299996821954        13836.0012930403     
   126.399996816017        13833.9721439189     
   126.499996810080        13832.0247364517     
   126.599996804143        13830.1513424535     
   126.699996798206        13828.3454429909     
   126.799996792270        13826.6015218640     
   126.899996786333        13824.9148944961     
   126.999996780396        13823.2815661702     
   127.099996774459        13821.6981145866     
   127.199996768522        13820.1615925761     
   127.299996762585        13818.6694475108     
   127.399996756649        13817.2194545485     
   127.499996750712        13815.8096613394     
   127.599996744775        13814.4383422223     
   127.699996738838        13813.1039602840     
   127.799996732901        13811.8051359273     
   127.899996726965        13810.5406208314     
   127.999996721028        13809.3092763747     
   128.099996715091        13808.1100557537     
   128.199996709154        13806.9419891600     
   128.299996703217        13805.8041714934     
   128.399996697280        13804.6957521694     
   128.499996691344        13803.6159266654     
   128.599996685407        13802.5639295068     
   128.699996679470        13801.5390284439     
   128.799996673533        13800.5405196155     
   128.899996667596        13799.5677235465     
   128.999996661660        13798.6199818080     
   129.099996655723        13797.6966542704     
   129.199996649786        13796.7971168085     
   129.299996643849        13795.9207594270     
   129.399996637912        13795.0669847016     
   129.499996631975        13794.2352065184     
   129.599996626039        13793.4248490534     
   129.699996620102        13792.6353459462     
   129.799996614165        13791.8661396662     
   129.899996608228        13791.1166810321     
   129.999996602291        13790.3864288608     
   130.099996596355        13789.6748497408     
   130.199996590418        13788.9814179149     
   130.299996584481        13788.3056152570     
   130.399996578544        13787.6469313359     
   130.499996572607        13787.0048635517     
   130.599996566670        13786.3789173449     
   130.699996560734        13785.7686064652     
   130.799996554797        13785.1734532925     
   130.899996548860        13784.5929892020     
   130.999996542923        13784.0267549669     
   131.099996536986        13783.4743011878     
   131.199996531050        13782.9351887430     
   131.299996525113        13782.4089892484     
   131.399996519176        13781.8952855198     
   131.499996513239        13781.3936720282     
   131.599996507302        13780.9037553376     
   131.699996501365        13780.4251545196     
   131.799996495429        13779.9575015309     
   131.899996489492        13779.5004415540     
   131.999996483555        13779.0536332817     
   132.099996477618        13778.6167491527     
   132.199996471681        13778.1894755523     
   132.299996465745        13777.7715128374     
   132.399996459808        13777.3625754429     
   132.499996453871        13776.9623918487     
   132.599996447934        13776.5707044391     
   132.699996441997        13776.1872693411     
   132.799996436060        13775.8118561786     
   132.899996430124        13775.4442477346     
   132.999996424187        13775.0842396002     
   133.099996418250        13774.7316397064     
   133.199996412313        13774.3862678427     
   133.299996406376        13774.0479551317     
   133.399996400440        13773.7165434008     
   133.499996394503        13773.3918846330     
   133.599996388566        13773.0738402818     
   133.699996382629        13772.7622806050     
   133.799996376692        13772.4570840437     
   133.899996370756        13772.1581365187     
   133.999996364819        13771.8653307543     
   134.099996358882        13771.5785656167     
   134.199996352945        13771.2977455115     
   134.299996347008        13771.0227797219     
   134.399996341071        13770.7535818114     
   134.499996335135        13770.4900690580     
   134.599996329198        13770.2321619075     
   134.699996323261        13769.9797835096     
   134.799996317324        13769.7328592125     
   134.899996311387        13769.4913161372     
   134.999996305451        13769.2550827925     
   135.099996299514        13769.0240887189     
   135.199996293577        13768.7982641675     
   135.299996287640        13768.5775398603     
   135.399996281703        13768.3618467101     
   135.499996275766        13768.1511156198     
   135.599996269830        13767.9452773135     
   135.699996263893        13767.7442621931     
   135.799996257956        13767.5480002144     
   135.899996252019        13767.3564208313     
   135.999996246082        13767.1694529177     
   136.099996240146        13766.9870247130     
   136.199996234209        13766.8090638145     
   136.299996228272        13766.6354971746     
   136.399996222335        13766.4662511054     
   136.499996216398        13766.3012513348     
   136.599996210461        13766.1404230378     
   136.699996204525        13765.9836908676     
   136.799996198588        13765.8309790266     
   136.899996192651        13765.6822113315     
   136.999996186714        13765.5373112753     
   137.099996180777        13765.3962021406     
   137.199996174841        13765.2588070479     
   137.299996168904        13765.1250490334     
   137.399996162967        13764.9948511400     
   137.499996157030        13764.8681364935     
   137.599996151093        13764.7448283844     
   137.699996145156        13764.6248503826     
   137.799996139220        13764.5081263727     
   137.899996133283        13764.3945806434     
   137.999996127346        13764.2841379654     
   138.099996121409        13764.1767236541     
   138.199996115472        13764.0722636513     
   138.299996109536        13763.9706846077     
   138.399996103599        13763.8719139073     
   138.499996097662        13763.7758797416     
   138.599996091725        13763.6825111664     
   138.699996085788        13763.5917381456     
   138.799996079851        13763.5034916081     
   138.899996073915        13763.4177035149     
   138.999996067978        13763.3343068595     
   139.099996062041        13763.2532357224     
   139.199996056104        13763.1744253055     
   139.299996050167        13763.0978119626     
   139.399996044231        13763.0233332180     
   139.499996038294        13762.9509278203     
   139.599996032357        13762.8805357501     
   139.699996026420        13762.8120982224     
   139.799996020483        13762.7455577162     
   139.899996014546        13762.6808579858     
   139.999996008610        13762.6179440727     
   140.099996002673        13762.5567623089     
   140.199995996736        13762.4972603224     
   140.299995990799        13762.4393870700     
   140.399995984862        13762.3830928031     
   140.499995978926        13762.3283290730     
   140.599995972989        13762.2750487341     
   140.699995967052        13762.2232059362     
   140.799995961115        13762.1727561194     
   140.899995955178        13762.1236560052     
   140.999995949241        13762.0758635830     
   141.099995943305        13762.0293380949     
   141.199995937368        13761.9840400394     
   141.299995931431        13761.9399311546     
   141.399995925494        13761.8969743775     
   141.499995919557        13761.8551338422     
   141.599995913621        13761.8143748585     
   141.699995907684        13761.7746638936     
   141.799995901747        13761.7359685486     
   141.899995895810        13761.6982575368     
   141.999995889873        13761.6615006628     
   142.099995883936        13761.6256687945     
   142.199995878000        13761.5907338435     
   142.299995872063        13761.5566687303     
   142.399995866126        13761.5234473641     
   142.499995860189        13761.4910446202     
   142.599995854252        13761.4594363221     
   142.699995848316        13761.4285991928     
   142.799995842379        13761.3985108321     
   142.899995836442        13761.3691496961     
   142.999995830505        13761.3404950641     
   143.099995824568        13761.3125270134     
   143.199995818631        13761.2852263902     
   143.299995812695        13761.2585747828     
   143.399995806758        13761.2325544926     
   143.499995800821        13761.2071485097     
   143.599995794884        13761.1823404798     
   143.699995788947        13761.1581146816     
   143.799995783011        13761.1344560017     
   143.899995777074        13761.1113499074     
   143.999995771137        13761.0887824177     
   144.099995765200        13761.0667400784     
   144.199995759263        13761.0452099464     
   144.299995753326        13761.0241795559     
   144.399995747390        13761.0036368961     
   144.499995741453        13760.9835703988     
   144.599995735516        13760.9639689006     
   144.699995729579        13760.9448216326     
   144.799995723642        13760.9261182041     
   144.899995717706        13760.9078485618     
   144.999995711769        13760.8900029994     
   145.099995705832        13760.8725721104     
   145.199995699895        13760.8555467998     
   145.299995693958        13760.8389182480     
   145.399995688021        13760.8226779091     
   145.499995682085        13760.8068174733     
   145.599995676148        13760.7913288761     
   145.699995670211        13760.7762042614     
   145.799995664274        13760.7614359956     
   145.899995658337        13760.7470166286     
   145.999995652401        13760.7329389088     
   146.099995646464        13760.7191957483     
   146.199995640527        13760.7057802246     
   146.299995634590        13760.6926855813     
   146.399995628653        13760.6799051935     
   146.499995622716        13760.6674325787     
   146.599995616780        13760.6552613946     
   146.699995610843        13760.6433854139     
   146.799995604906        13760.6317985223     
   146.899995598969        13760.6204947245     
   146.999995593032        13760.6094681325     
   147.099995587096        13760.5987129544     
   147.199995581159        13760.5882234958     
   147.299995575222        13760.5779941577     
   147.399995569285        13760.5680194255     
   147.499995563348        13760.5582938759     
   147.599995557411        13760.5488121637     
   147.699995551475        13760.5395690307     
   147.799995545538        13760.5305592902     
   147.899995539601        13760.5217778342     
   147.999995533664        13760.5132196305     
   148.099995527727        13760.5048797232     
   148.199995521791        13760.4967532211     
   148.299995515854        13760.4888353078     
   148.399995509917        13760.4811212420     
   148.499995503980        13760.4736063451     
   148.599995498043        13760.4662860154     
   148.699995492106        13760.4591557076     
   148.799995486170        13760.4522109535     
   148.899995480233        13760.4454473527     
   148.999995474296        13760.4388605798     
   149.099995468359        13760.4324463636     
   149.199995462422        13760.4262005056     
   149.299995456486        13760.4201188891     
   149.399995450549        13760.4141974499     
   149.499995444612        13760.4084321905     
   149.599995438675        13760.4028192100     
   149.699995432738        13760.3973546359     
   149.799995426802        13760.3920347002     
   149.899995420865        13760.3868556871     
   149.999995414928        13760.3818139488     
