   95.0999986742407        13760.1895873484     
   95.1999986683039        13760.1895873227     
   95.2999986623671        13760.1895872970     
   95.3999986564303        13760.1895872713     
   95.4999986504935        13760.1895872456     
   95.5999986445566        13760.1895872199     
   95.6999986386198        13760.1895871942     
   95.7999986326830        13760.1895871685     
   95.8999986267462        13760.1895871428     
   95.9999986208094        13760.1895871171     
   96.0999986148725        13760.1895870914     
   96.1999986089357        13760.1895870657     
   96.2999986029989        13760.1895870400     
   96.3999985970621        13760.1895870143     
   96.4999985911253        13760.1895869886     
   96.5999985851885        13760.1895869628     
   96.6999985792516        13760.1895869371     
   96.7999985733148        13760.1895869114     
   96.8999985673780        13760.1895868857     
   96.9999985614412        13760.1895868600     
   97.0999985555044        13760.1895868342     
   97.1999985495676        13760.1895868085     
   97.2999985436307        13760.1895867828     
   97.3999985376939        13760.1895867571     
   97.4999985317571        13760.1895867313     
   97.5999985258203        13760.1895867056     
   97.6999985198835        13760.1895866799     
   97.7999985139466        13760.1895866541     
   97.8999985080098        13760.1895866284     
   97.9999985020730        13760.1895866027     
   98.0999984961362        13760.1895865769     
   98.1999984901994        13760.1895865512     
   98.2999984842626        13760.1895865254     
   98.3999984783257        13760.1895864997     
   98.4999984723889        13760.1895864739     
   98.5999984664521        13760.1895864482     
   98.6999984605153        13760.1895864224     
   98.7999984545785        13760.1895863967     
   98.8999984486417        13760.1895863709     
   98.9999984427048        13760.1895863452     
   99.0999984367680        13760.1895863194     
   99.1999984308312        13760.1895862937     
   99.2999984248944        13760.1895862679     
   99.3999984189576        13760.1895862421     
   99.4999984130207        13760.1895862164     
   99.5999984070839        13760.1895861906     
   99.6999984011471        13760.1895861648     
   99.7999983952103        13760.1895861391     
   99.8999983892735        13760.1895861133     
   99.9999983833367        13760.1895860875     
   100.099998377400        14245.0244013238     
   100.199998371463        14636.6199979934     
   100.299998365526        14960.6571670477     
   100.399998359589        15229.2452193506     
   100.499998353653        15450.7303174653     
   100.599998347716        15632.7950187199     
   100.699998341779        15782.1778189055     
   100.799998335842        15904.5374680570     
   100.899998329905        16004.5467553409     
   100.999998323968        16086.0375171879     
   101.099998318032        16152.1107773891     
   101.199998312095        16205.2137592176     
   101.299998306158        16247.2323066644     
   101.399998300221        16279.6260923334     
   101.499998294284        16303.5784055385     
   101.599998288348        16320.1148091918     
   101.699998282411        16330.1714721264     
   101.799998276474        16334.6220501805     
   101.899998270537        16334.2811429064     
   101.999998264600        16329.8988391676     
   102.099998258663        16322.1545183366     
   102.199998252727        16311.6532876953     
   102.299998246790        16298.9257847961     
   102.399998240853        16284.4309112860     
   102.499998234916        16268.5606978657     
   102.599998228979        16251.6464822132     
   102.699998223043        16233.9656959686     
   102.799998217106        16215.7487157674     
   102.899998211169        16197.1853990144     
   102.999998205232        16178.4310747242     
   103.099998199295        16159.6118792161     
   103.199998193358        16140.8294112096     
   103.299998187422        16122.1647341486     
   103.399998181485        16103.6817823468     
   103.499998175548        16085.4302396620     
   103.599998169611        16067.4479610706     
   103.699998163674        16049.7630035595     
   103.799998157738        16032.3953260776     
   103.899998151801        16015.3582107626     
   103.999998145864        15998.6594502626     
   104.099998139927        15982.3023391654     
   104.199998133990        15966.2865015609     
   104.299998128054        15950.6085815737     
   104.399998122117        15935.2628193754     
   104.499998116180        15920.2415313953     
   104.599998110243        15905.5355104401     
   104.699998104306        15891.1343588186     
   104.799998098369        15877.0267654264     
   104.899998092433        15863.2007359382     
   104.999998086496        15849.6437838016     
   105.099998080559        15836.3430884461     
   105.199998074622        15823.2856261048     
   105.299998068685        15810.4582777794     
   105.399998062749        15797.8479181476     
   105.499998056812        15785.4414886080     
   105.599998050875        15773.2260571429     
   105.699998044938        15761.1888672509     
   105.799998039001        15749.3173778377     
   105.899998033064        15737.5992956348     
   105.999998027128        15726.0226014678     
   106.099998021191        15714.5755714545     
   106.199998015254        15703.2467940331     
   106.299998009317        15692.0251835527     
   106.399998003380        15680.8999910162     
   106.499997997444        15669.8608124512     
   106.599997991507        15658.8975952814     
   106.699997985570        15648.0006429883     
   106.799997979633        15637.1606182872     
   106.899997973696        15626.3685449843     
   106.999997967759        15615.6158086420     
   107.099997961823        15604.8941561477     
   107.199997955886        15594.1956942619     
   107.299997949949        15583.5128872069     
   107.399997944012        15572.8385533531     
   107.499997938075        15562.1658610644     
   107.599997932139        15551.4883237357     
   107.699997926202        15540.7997941535     
   107.799997920265        15530.0944581664     
   107.899997914328        15519.3668278143     
   107.999997908391        15508.6117339740     
   108.099997902454        15497.8243186217     
   108.199997896518        15487.0000268071     
   108.299997890581        15476.1345984354     
   108.399997884644        15465.2240599526     
   108.499997878707        15454.2647160252     
   108.599997872770        15443.2531412973     
   108.699997866834        15432.1861723032     
   108.799997860897        15421.0608996001     
   108.899997854960        15409.8746601785     
   108.999997849023        15398.6250301957     
   109.099997843086        15387.3098180633     
   109.199997837149        15375.9270579163     
   109.299997831213        15364.4750034714     
   109.399997825276        15352.9521222808     
   109.499997819339        15341.3570903717     
   109.599997813402        15329.6887872603     
   109.699997807465        15317.9462913233     
   109.799997801529        15306.1288754876     
   109.899997795592        15294.2360032341     
   109.999997789655        15282.2673248544     
   110.099997783718        15270.2226739341     
   110.199997777781        15258.1020640394     
   110.299997771844        15245.9056855804     
   110.399997765908        15233.6339027620     
   110.499997759971        15221.2872506379     
   110.599997754034        15208.8664322131     
   110.699997748097        15196.3723155797     
   110.799997742160        15183.8059310348     
   110.899997736224        15171.1684681638     
   110.999997730287        15158.4612728657     
   111.099997724350        15145.6858442930     
   111.199997718413        15132.8438316881     
   111.299997712476        15119.9370310998     
   111.399997706539        15106.9673819631     
   111.499997700603        15093.9369635310     
   111.599997694666        15080.8479911477     
   111.699997688729        15067.7028123549     
   111.799997682792        15054.5039028271     
   111.899997676855        15041.2538621298     
   111.999997670919        15027.9554093010     
   112.099997664982        15014.6113782560     
   112.199997659045        15001.2247130152     
   112.299997653108        14987.7984627611     
   112.399997647171        14974.3357767274     
   112.499997641234        14960.8398989279     
   112.599997635298        14947.3141627325     
   112.699997629361        14933.7619852984     
   112.799997623424        14920.1868618669     
   112.899997617487        14906.5923599378     
   112.999997611550        14892.9821133307     
   113.099997605614        14879.3598161477     
   113.199997599677        14865.7292166511     
   113.299997593740        14852.0941110676     
   113.399997587803        14838.4583373285     
   113.499997581866        14824.8257688067     
   113.599997575929        14811.2003079414     
   113.699997569993        14797.5858799408     
   113.799997564056        14783.9864264395     
   113.899997558119        14770.4058991867     
   113.999997552182        14756.8482537675     
   114.099997546245        14743.3174433757     
   114.199997540309        14729.8174126516     
   114.299997534372        14716.3520916008     
   114.399997528435        14702.9253896091     
   114.499997522498        14689.5411895672     
   114.599997516561        14676.2033421203     
   114.699997510624        14662.9156600539     
   114.799997504688        14649.6819128318     
   114.899997498751        14636.5058212966     
   114.999997492814        14623.3910525450     
   115.099997486877        14610.3412149866     
   115.199997480940        14597.3598536017     
   115.299997475004        14584.4504454002     
   115.399997469067        14571.6163950965     
   115.499997463130        14558.8610310030     
   115.599997457193        14546.1876011535     
   115.699997451256        14533.5992696570     
   115.799997445319        14521.0991132920     
   115.899997439383        14508.6901183420     
   115.999997433446        14496.3751776757     
   116.099997427509        14484.1570880755     
   116.199997421572        14472.0385478136     
   116.299997415635        14460.0221544768     
   116.399997409699        14448.1104030414     
   116.499997403762        14436.3056841941     
   116.599997397825        14424.6102828964     
   116.699997391888        14413.0263771939     
   116.799997385951        14401.5560372633     
   116.899997380014        14390.2012246906     
   116.999997374078        14378.9637919843     
   117.099997368141        14367.8454823072     
   117.199997362204        14356.8479294273     
   117.299997356267        14345.9726578813     
   117.399997350330        14335.2210833379     
   117.499997344394        14324.5945131620     
   117.599997338457        14314.0941471632     
   117.699997332520        14303.7210785280     
   117.799997326583        14293.4762949191     
   117.899997320646        14283.3606797405     
   117.999997314709        14273.3750135581     
   118.099997308773        14263.5199756568     
   118.199997302836        14253.7961457463     
   118.299997296899        14244.2040057772     
   118.399997290962        14234.7439418895     
   118.499997285025        14225.4162464631     
   118.599997279089        14216.2211202456     
   118.699997273152        14207.1586746165     
   118.799997267215        14198.2289339026     
   118.899997261278        14189.4318377541     
   118.999997255341        14180.7672435957     
   119.099997249404        14172.2349291322     
   119.199997243468        14163.8345949149     
   119.299997237531        14155.5658669276     
   119.399997231594        14147.4282992129     
   119.499997225657        14139.4213765148     
   119.599997219720        14131.5445169423     
   119.699997213784        14123.7970746379     
   119.799997207847        14116.1783424606     
   119.899997201910        14108.6875546505     
   119.999997195973        14101.3238894960     
   120.099997190036        14094.0864719823     
   120.199997184100        14086.9743764197     
   120.299997178163        14079.9866290497     
   120.399997172226        14073.1222106185     
   120.499997166289        14066.3800589213     
   120.599997160352        14059.7590713080     
   120.699997154415        14053.2581071474     
   120.799997148479        14046.8759902477     
   120.899997142542        14040.6115112325     
   120.999997136605        14034.4634298638     
   121.099997130668        14028.4304773156     
   121.199997124731        14022.5113583930     
   121.299997118795        14016.7047536955     
   121.399997112858        14011.0093217221     
   121.499997106921        14005.4237009192     
   121.599997100984        13999.9465116667     
   121.699997095047        13994.5763582057     
   121.799997089110        13989.3118305038     
   121.899997083174        13984.1515060573     
   121.999997077237        13979.0939516328     
   122.099997071300        13974.1377249456     
   122.199997065363        13969.2813762784     
   122.299997059426        13964.5234500328     
   122.399997053490        13959.8624862231     
   122.499997047553        13955.2970219099     
   122.599997041616        13950.8255925680     
   122.699997035679        13946.4467333986     
   122.799997029742        13942.1589805823     
   122.899997023805        13937.9608724707     
   122.999997017869        13933.8509507231     
   123.099997011932        13929.8277613884     
   123.199997005995        13925.8898559269     
   123.299997000058        13922.0357921837     
   123.399996994121        13918.2641353064     
   123.499996988185        13914.5734586114     
   123.599996982248        13910.9623444006     
   123.699996976311        13907.4293847302     
   123.799996970374        13903.9731821307     
   123.899996964437        13900.5923502808     
   123.999996958500        13897.2855146389     
   124.099996952564        13894.0513130273     
   124.199996946627        13890.8883961794     
   124.299996940690        13887.7954282424     
   124.399996934753        13884.7710872435     
   124.499996928816        13881.8140655181     
   124.599996922880        13878.9230701004     
   124.699996916943        13876.0968230804     
   124.799996911006        13873.3340619285     
   124.899996905069        13870.6335397850     
   124.999996899132        13867.9940257221     
   125.099996893195        13865.4143049739     
   125.199996887259        13862.8931791394     
   125.299996881322        13860.4294663592     
   125.399996875385        13858.0220014653     
   125.499996869448        13855.6696361054     
   125.599996863511        13853.3712388484     
   125.699996857575        13851.1256952606     
   125.799996851638        13848.9319079687     
   125.899996845701        13846.7887966958     
   125.999996839764        13844.6952982845     
   126.099996833827        13842.6503666955     
   126.199996827890        13840.6529729976     
   126.299996821954        13838.7021053323     
   126.399996816017        13836.7967688705     
   126.499996810080        13834.9359857535     
   126.599996804143        13833.1187950184     
   126.699996798206        13831.3442525125     
   126.799996792270        13829.6114307964     
   126.899996786333        13827.9194190357     
   126.999996780396        13826.2673228827     
   127.099996774459        13824.6542643488     
   127.199996768522        13823.0793816681     
   127.299996762585        13821.5418291517     
   127.399996756649        13820.0407770369     
   127.499996750712        13818.5754113276     
   127.599996744775        13817.1449336293     
   127.699996738838        13815.7485609773     
   127.799996732901        13814.3855256604     
   127.899996726965        13813.0550750418     
   127.999996721028        13811.7564713731     
   128.099996715091        13810.4889916012     
   128.199996709154        13809.2519271826     
   128.299996703217        13808.0445838849     
   128.399996697280        13806.8662815848     
   128.499996691344        13805.7163540778     
   128.599996685407        13804.5941488634     
   128.699996679470        13803.4990269553     
   128.799996673533        13802.4303626633     
   128.899996667596        13801.3875433988     
   128.999996661660        13800.3699694622     
   129.099996655723        13799.3770538352     
   129.199996649786        13798.4082219812     
   129.299996643849        13797.4629116314     
   129.399996637912        13796.5405725795     
   129.499996631975        13795.6406664780     
   129.599996626039        13794.7626666348     
   129.699996620102        13793.9060578040     
   129.799996614165        13793.0703359849     
   129.899996608228        13792.2550082198     
   129.999996602291        13791.4595923941     
   130.099996596355        13790.6836170362     
   130.199996590418        13789.9266211203     
   130.299996584481        13789.1881538704     
   130.399996578544        13788.4677745662     
   130.499996572607        13787.7650523503     
   130.599996566670        13787.0795660389     
   130.699996560734        13786.4109039331     
   130.799996554797        13785.7586636332     
   130.899996548860        13785.1224518552     
   130.999996542923        13784.5018842487     
   131.099996536986        13783.8965852192     
   131.199996531050        13783.3061877496     
   131.299996525113        13782.7303332264     
   131.399996519176        13782.1686712644     
   131.499996513239        13781.6208595441     
   131.599996507302        13781.0865636429     
   131.699996501365        13780.5654568683     
   131.799996495429        13780.0572200903     
   131.899996489492        13779.5615415927     
   131.999996483555        13779.0781169169     
   132.099996477618        13778.6066486953     
   132.199996471681        13778.1468465039     
   132.299996465745        13777.6984267288     
   132.399996459808        13777.2611123947     
   132.499996453871        13776.8346330338     
   132.599996447934        13776.4187245551     
   132.699996441997        13776.0131290723     
   132.799996436060        13775.6175948112     
   132.899996430124        13775.2318759357     
   132.999996424187        13774.8557324411     
   133.099996418250        13774.4889300183     
   133.199996412313        13774.1312399169     
   133.299996406376        13773.7824388444     
   133.399996400440        13773.4423088121     
   133.499996394503        13773.1106370518     
   133.599996388566        13772.7872158625     
   133.699996382629        13772.4718425267     
   133.799996376692        13772.1643191767     
   133.899996370756        13771.8644526892     
   133.999996364819        13771.5720545935     
   134.099996358882        13771.2869409240     
   134.199996352945        13771.0089321803     
   134.299996347008        13770.7378531530     
   134.399996341071        13770.4735328851     
   134.499996335135        13770.2158045451     
   134.599996329198        13769.9645053141     
   134.699996323261        13769.7194763507     
   134.799996317324        13769.4805626367     
   134.899996311387        13769.2476129097     
   134.999996305451        13769.0204796085     
   135.099996299514        13768.7990187308     
   135.199996293577        13768.5830897759     
   135.299996287640        13768.3725556910     
   135.399996281703        13768.1672827398     
   135.499996275766        13767.9671404367     
   135.599996269830        13767.7720015152     
   135.699996263893        13767.5817417993     
   135.799996257956        13767.3962401336     
   135.899996252019        13767.2153783458     
   135.999996246082        13767.0390411628     
   136.099996240146        13766.8671161233     
   136.199996234209        13766.6994935096     
   136.299996228272        13766.5360663230     
   136.399996222335        13766.3767301878     
   136.499996216398        13766.2213832848     
   136.599996210461        13766.0699262866     
   136.699996204525        13765.9222623236     
   136.799996198588        13765.7782969222     
   136.899996192651        13765.6379379221     
   136.999996186714        13765.5010954328     
   137.099996180777        13765.3676817685     
   137.199996174841        13765.2376114333     
   137.299996168904        13765.1108010370     
   137.399996162967        13764.9871692422     
   137.499996157030        13764.8666367210     
   137.599996151093        13764.7491260981     
   137.699996145156        13764.6345619209     
   137.799996139220        13764.5228706209     
   137.899996133283        13764.4139804364     
   137.999996127346        13764.3078213830     
   138.099996121409        13764.2043252116     
   138.199996115472        13764.1034253576     
   138.299996109536        13764.0050569091     
   138.399996103599        13763.9091565884     
   138.499996097662        13763.8156626727     
   138.599996091725        13763.7245149717     
   138.699996085788        13763.6356547900     
   138.799996079851        13763.5490248916     
   138.899996073915        13763.4645694605     
   138.999996067978        13763.3822340606     
   139.099996062041        13763.3019656362     
   139.199996056104        13763.2237124427     
   139.299996050167        13763.1474240193     
   139.399996044231        13763.0730511612     
   139.499996038294        13763.0005458902     
   139.599996032357        13762.9298614240     
   139.699996026420        13762.8609521456     
   139.799996020483        13762.7937735718     
   139.899996014546        13762.7282823238     
   139.999996008610        13762.6644361274     
   140.099996002673        13762.6021937549     
   140.199995996736        13762.5415150027     
   140.299995990799        13762.4823606703     
   140.399995984862        13762.4246925380     
   140.499995978926        13762.3684733387     
   140.599995972989        13762.3136667372     
   140.699995967052        13762.2602373072     
   140.799995961115        13762.2081505060     
   140.899995955178        13762.1573726538     
   140.999995949241        13762.1078709073     
   141.099995943305        13762.0596132496     
   141.199995937368        13762.0125684798     
   141.299995931431        13761.9667061641     
   141.399995925494        13761.9219966308     
   141.499995919557        13761.8784109484     
   141.599995913621        13761.8359209111     
   141.699995907684        13761.7944990183     
   141.799995901747        13761.7541184590     
   141.899995895810        13761.7147530923     
   141.999995889873        13761.6763774316     
   142.099995883936        13761.6389666306     
   142.199995878000        13761.6024964620     
   142.299995872063        13761.5669433097     
   142.399995866126        13761.5322841449     
   142.499995860189        13761.4984965172     
   142.599995854252        13761.4655585338     
   142.699995848316        13761.4334488513     
   142.799995842379        13761.4021466756     
   142.899995836442        13761.3716317284     
   142.999995830505        13761.3418842333     
   143.099995824568        13761.3128849126     
   143.199995818631        13761.2846149706     
   143.299995812695        13761.2570560819     
   143.399995806758        13761.2301903825     
   143.499995800821        13761.2040004544     
   143.599995794884        13761.1784693190     
   143.699995788947        13761.1535804195     
   143.799995783011        13761.1293176194     
   143.899995777074        13761.1056651844     
   143.999995771137        13761.0826077736     
   144.099995765200        13761.0601304326     
   144.199995759263        13761.0382185825     
   144.299995753326        13761.0168580105     
   144.399995747390        13760.9960348582     
   144.499995741453        13760.9757356183     
   144.599995735516        13760.9559471185     
   144.699995729579        13760.9366565192     
   144.799995723642        13760.9178513051     
   144.899995717706        13760.8995192725     
   144.999995711769        13760.8816485239     
   145.099995705832        13760.8642274593     
   145.199995699895        13760.8472447761     
   145.299995693958        13760.8306894435     
   145.399995688021        13760.8145507170     
   145.499995682085        13760.7988181142     
   145.599995676148        13760.7834814288     
   145.699995670211        13760.7685307068     
   145.799995664274        13760.7539562457     
   145.899995658337        13760.7397485777     
   145.999995652401        13760.7258984770     
   146.099995646464        13760.7123969547     
   146.199995640527        13760.6992352394     
   146.299995634590        13760.6864047807     
   146.399995628653        13760.6738972471     
   146.499995622716        13760.6617045173     
   146.599995616780        13760.6498186704     
   146.699995610843        13760.6382319878     
   146.799995604906        13760.6269369399     
   146.899995598969        13760.6159261907     
   146.999995593032        13760.6051925886     
   147.099995587096        13760.5947291575     
   147.199995581159        13760.5845291016     
   147.299995575222        13760.5745857946     
   147.399995569285        13760.5648927742     
   147.499995563348        13760.5554437437     
   147.599995557411        13760.5462325642     
   147.699995551475        13760.5372532522     
   147.799995545538        13760.5284999692     
   147.899995539601        13760.5199670228     
   147.999995533664        13760.5116488760     
   148.099995527727        13760.5035401211     
   148.199995521791        13760.4956354908     
   148.299995515854        13760.4879298404     
   148.399995509917        13760.4804181662     
   148.499995503980        13760.4730955896     
   148.599995498043        13760.4659573482     
   148.699995492106        13760.4589987984     
   148.799995486170        13760.4522154283     
   148.899995480233        13760.4456028168     
   148.999995474296        13760.4391566690     
   149.099995468359        13760.4328728060     
   149.199995462422        13760.4267471220     
   149.299995456486        13760.4207756593     
   149.399995450549        13760.4149545118     
   149.499995444612        13760.4092799193     
   149.599995438675        13760.4037481725     
   149.699995432738        13760.3983556930     
   149.799995426802        13760.3930989619     
   149.899995420865        13760.3879745686     
   149.999995414928        13760.3829791779     
