   95.0999986742407        149199.999999997     
   95.1999986683039        149199.999999997     
   95.2999986623671        149199.999999997     
   95.3999986564303        149199.999999997     
   95.4999986504935        149199.999999997     
   95.5999986445566        149199.999999997     
   95.6999986386198        149199.999999997     
   95.7999986326830        149199.999999997     
   95.8999986267462        149199.999999997     
   95.9999986208094        149199.999999997     
   96.0999986148725        149199.999999997     
   96.1999986089357        149199.999999997     
   96.2999986029989        149199.999999997     
   96.3999985970621        149199.999999997     
   96.4999985911253        149199.999999997     
   96.5999985851885        149199.999999997     
   96.6999985792516        149199.999999997     
   96.7999985733148        149199.999999997     
   96.8999985673780        149199.999999997     
   96.9999985614412        149199.999999997     
   97.0999985555044        149199.999999997     
   97.1999985495676        149199.999999997     
   97.2999985436307        149199.999999997     
   97.3999985376939        149199.999999997     
   97.4999985317571        149199.999999997     
   97.5999985258203        149199.999999997     
   97.6999985198835        149199.999999997     
   97.7999985139466        149199.999999997     
   97.8999985080098        149199.999999997     
   97.9999985020730        149199.999999997     
   98.0999984961362        149199.999999997     
   98.1999984901994        149199.999999997     
   98.2999984842626        149199.999999997     
   98.3999984783257        149199.999999997     
   98.4999984723889        149199.999999997     
   98.5999984664521        149199.999999997     
   98.6999984605153        149199.999999997     
   98.7999984545785        149199.999999997     
   98.8999984486417        149199.999999997     
   98.9999984427048        149199.999999997     
   99.0999984367680        149199.999999997     
   99.1999984308312        149199.999999997     
   99.2999984248944        149199.999999997     
   99.3999984189576        149199.999999997     
   99.4999984130207        149199.999999997     
   99.5999984070839        149199.999999997     
   99.6999984011471        149199.999999997     
   99.7999983952103        149199.999999997     
   99.8999983892735        149199.999999997     
   99.9999983833367        149199.999999997     
   100.099998377400        149062.943179519     
   100.199998371463        149076.088758326     
   100.299998365526        149086.728568417     
   100.399998359589        149095.585861563     
   100.499998353653        149103.119065250     
   100.599998347716        149109.588602456     
   100.699998341779        149115.199438813     
   100.799998335842        149120.128863919     
   100.899998329905        149124.531777282     
   100.999998323968        149128.527547814     
   101.099998318032        149132.194204195     
   101.199998312095        149135.579422780     
   101.299998306158        149138.714918210     
   101.399998300221        149141.625334998     
   101.499998294284        149144.331905436     
   101.599998288348        149146.853586458     
   101.699998282411        149149.207392774     
   101.799998276474        149151.408558138     
   101.899998270537        149153.470683046     
   101.999998264600        149155.405897038     
   102.099998258663        149157.225038937     
   102.199998252727        149158.937851627     
   102.299998246790        149160.553179680     
   102.399998240853        149162.079147275     
   102.499998234916        149163.523286293     
   102.599998228979        149164.892590071     
   102.699998223043        149166.193492227     
   102.799998217106        149167.431802439     
   102.899998211169        149168.612649406     
   102.999998205232        149169.740471901     
   103.099998199295        149170.819069427     
   103.199998193358        149171.851696624     
   103.299998187422        149172.841173983     
   103.399998181485        149173.789991336     
   103.499998175548        149174.700391260     
   103.599998169611        149175.574429417     
   103.699998163674        149176.414014765     
   103.799998157738        149177.220934811     
   103.899998151801        149177.996870949     
   103.999998145864        149178.743407887     
   104.099998139927        149179.462039887     
   104.199998133990        149180.154175495     
   104.299998128054        149180.821141706     
   104.399998122117        149181.464188000     
   104.499998116180        149182.084490411     
   104.599998110243        149182.683155668     
   104.699998104306        149183.261225339     
   104.799998098369        149183.819679929     
   104.899998092433        149184.359442835     
   104.999998086496        149184.881384170     
   105.099998080559        149185.386324371     
   105.199998074622        149185.875037562     
   105.299998068685        149186.348254764     
   105.399998062749        149186.806666766     
   105.499998056812        149187.250926897     
   105.599998050875        149187.681653473     
   105.699998044938        149188.099432148     
   105.799998039001        149188.504817998     
   105.899998033064        149188.898337499     
   105.999998027128        149189.280490307     
   106.099998021191        149189.651750930     
   106.199998015254        149190.012570208     
   106.299998009317        149190.363376800     
   106.399998003380        149190.704578396     
   106.499997997444        149191.036562988     
   106.599997991507        149191.359699931     
   106.699997985570        149191.674341006     
   106.799997979633        149191.980821361     
   106.899997973696        149192.279460407     
   106.999997967759        149192.570562641     
   107.099997961823        149192.854418417     
   107.199997955886        149193.131304663     
   107.299997949949        149193.401485553     
   107.399997944012        149193.665213146     
   107.499997938075        149193.922727898     
   107.599997932139        149194.174259365     
   107.699997926202        149194.420026536     
   107.799997920265        149194.660238470     
   107.899997914328        149194.895094584     
   107.999997908391        149195.124785297     
   108.099997902454        149195.349492179     
   108.199997896518        149195.569388556     
   108.299997890581        149195.784639716     
   108.399997884644        149195.995403319     
   108.499997878707        149196.201829613     
   108.599997872770        149196.404061917     
   108.699997866834        149196.602236715     
   108.799997860897        149196.796484045     
   108.899997854960        149196.986927692     
   108.999997849023        149197.173685423     
   109.099997843086        149197.356869322     
   109.199997837149        149197.536585890     
   109.299997831213        149197.712936254     
   109.399997825276        149197.886016454     
   109.499997819339        149198.055917611     
   109.599997813402        149198.222726052     
   109.699997807465        149198.386523498     
   109.799997801529        149198.547387315     
   109.899997795592        149198.705390571     
   109.999997789655        149198.860602220     
   110.099997783718        149199.013087350     
   110.199997777781        149199.162907187     
   110.299997771844        149199.310119271     
   110.399997765908        149199.454777717     
   110.499997759971        149199.596933169     
   110.599997754034        149199.736633080     
   110.699997748097        149199.873921668     
   110.799997742160        149200.008840305     
   110.899997736224        149200.141427262     
   110.999997730287        149200.271718316     
   111.099997724350        149200.399746405     
   111.199997718413        149200.525541914     
   111.299997712476        149200.649132954     
   111.399997706539        149200.770545297     
   111.499997700603        149200.889802337     
   111.599997694666        149201.006925635     
   111.699997688729        149201.121934654     
   111.799997682792        149201.234846873     
   111.899997676855        149201.345678238     
   111.999997670919        149201.454442766     
   112.099997664982        149201.561153148     
   112.199997659045        149201.665820428     
   112.299997653108        149201.768454380     
   112.399997647171        149201.869063464     
   112.499997641234        149201.967655019     
   112.599997635298        149202.064235284     
   112.699997629361        149202.158809514     
   112.799997623424        149202.251382111     
   112.899997617487        149202.341956559     
   112.999997611550        149202.430535850     
   113.099997605614        149202.517122172     
   113.199997599677        149202.601717354     
   113.299997593740        149202.684322545     
   113.399997587803        149202.764938824     
   113.499997581866        149202.843566837     
   113.599997575929        149202.920206933     
   113.699997569993        149202.994859581     
   113.799997564056        149203.067525079     
   113.899997558119        149203.138203700     
   113.999997552182        149203.206895878     
   114.099997546245        149203.273602259     
   114.199997540309        149203.338323668     
   114.299997534372        149203.401061218     
   114.399997528435        149203.461816376     
   114.499997522498        149203.520591019     
   114.599997516561        149203.577387514     
   114.699997510624        149203.632208716     
   114.799997504688        149203.685058089     
   114.899997498751        149203.735939719     
   114.999997492814        149203.784858141     
   115.099997486877        149203.831818858     
   115.199997480940        149203.876827934     
   115.299997475004        149203.919892236     
   115.399997469067        149203.961019318     
   115.499997463130        149204.000217699     
   115.599997457193        149204.037496600     
   115.699997451256        149204.072866189     
   115.799997445319        149204.106337370     
   115.899997439383        149204.137921978     
   115.999997433446        149204.167632840     
   116.099997427509        149204.195483526     
   116.199997421572        149204.221488561     
   116.299997415635        149204.245663401     
   116.399997409699        149204.268024273     
   116.499997403762        149204.288588388     
   116.599997397825        149204.307373866     
   116.699997391888        149204.324399611     
   116.799997385951        149204.339685476     
   116.899997380014        149204.353251952     
   116.999997374078        149204.365120627     
   117.099997368141        149204.375313741     
   117.199997362204        149204.383854304     
   117.299997356267        149204.390766104     
   117.399997350330        149204.396073704     
   117.499997344394        149204.399802365     
   117.599997338457        149204.401977973     
   117.699997332520        149204.402627083     
   117.799997326583        149204.401776879     
   117.899997320646        149204.399455136     
   117.999997314709        149204.395690184     
   118.099997308773        149204.390510865     
   118.199997302836        149204.383946506     
   118.299997296899        149204.376026879     
   118.399997290962        149204.366782169     
   118.499997285025        149204.356242941     
   118.599997279089        149204.344440111     
   118.699997273152        149204.331404911     
   118.799997267215        149204.317168804     
   118.899997261278        149204.301763408     
   118.999997255341        149204.285220862     
   119.099997249404        149204.267572967     
   119.199997243468        149204.248852170     
   119.299997237531        149204.229090674     
   119.399997231594        149204.208320708     
   119.499997225657        149204.186574771     
   119.599997219720        149204.163885182     
   119.699997213784        149204.140284156     
   119.799997207847        149204.115804075     
   119.899997201910        149204.090477096     
   119.999997195973        149204.064334953     
   120.099997190036        149364.723946019     
   120.199997184100        149359.581266172     
   120.299997178163        149353.623379753     
   120.399997172226        149347.626388107     
   120.499997166289        149341.543178989     
   120.599997160352        149335.334062363     
   120.699997154415        149328.970972139     
   120.799997148479        149322.437971052     
   120.899997142542        149315.732582217     
   120.999997136605        149308.868284001     
   121.099997130668        149301.876218855     
   121.199997124731        149294.797727222     
   121.299997118795        149287.669840135     
   121.399997112858        149280.531588416     
   121.499997106921        149273.441334807     
   121.599997100984        149266.475703043     
   121.699997095047        149259.717919875     
   121.799997089110        149253.247577637     
   121.899997083174        149247.133879402     
   121.999997077237        149241.431755116     
   122.099997071300        149236.180010327     
   122.199997065363        149231.400876599     
   122.299997059426        149227.100731570     
   122.399997053490        149223.271861305     
   122.499997047553        149219.894992388     
   122.599997041616        149216.942202133     
   122.699997035679        149214.379825006     
   122.799997029742        149212.171071021     
   122.899997023805        149210.278193674     
   122.999997017869        149208.664151062     
   123.099997011932        149207.293779178     
   123.199997005995        149206.134540329     
   123.299997000058        149205.156928637     
   123.399996994121        149204.334616290     
   123.499996988185        149203.644416004     
   123.599996982248        149203.066122345     
   123.699996976311        149202.582280759     
   123.799996970374        149202.177920376     
   123.899996964437        149201.840275926     
   123.999996958500        149201.558515523     
   124.099996952564        149201.323484673     
   124.199996946627        149201.127472192     
   124.299996940690        149200.964000533     
   124.399996934753        149200.827640868     
   124.499996928816        149200.713851921     
   124.599996922880        149200.618840888     
   124.699996916943        149200.539444210     
   124.799996911006        149200.473026103     
   124.899996905069        149200.417392502     
   124.999996899132        149200.370718412     
   125.099996893195        149200.331486816     
   125.199996887259        149200.298437377     
   125.299996881322        149200.270523441     
   125.399996875385        149200.246876190     
   125.499996869448        149200.226774578     
   125.599996863511        149200.209620392     
   125.699996857575        149200.194917476     
   125.799996851638        149200.182254272     
   125.899996845701        149200.171289579     
   125.999996839764        149200.161740397     
   126.099996833827        149200.153372265     
   126.199996827890        149200.145990719     
   126.299996821954        149200.139434550     
   126.399996816017        149200.133570145     
   126.499996810080        149200.128286531     
   126.599996804143        149200.123492150     
   126.699996798206        149200.119110683     
   126.799996792270        149200.115079022     
   126.899996786333        149200.111344652     
   126.999996780396        149200.107864240     
   127.099996774459        149200.104601884     
   127.199996768522        149200.101527414     
   127.299996762585        149200.098615634     
   127.399996756649        149200.095847407     
   127.499996750712        149200.093203762     
   127.599996744775        149200.090670946     
   127.699996738838        149200.088237680     
   127.799996732901        149200.085893214     
   127.899996726965        149200.083628494     
   127.999996721028        149200.081440144     
   128.099996715091        149200.079318341     
   128.199996709154        149200.077259698     
   128.299996703217        149200.075260704     
   128.399996697280        149200.073317775     
   128.499996691344        149200.071427306     
   128.599996685407        149200.069585769     
   128.699996679470        149200.067794532     
   128.799996673533        149200.066048967     
   128.899996667596        149200.064347569     
   128.999996661660        149200.062690767     
   129.099996655723        149200.061075715     
   129.199996649786        149200.059501200     
   129.299996643849        149200.057969286     
   129.399996637912        149200.056474278     
   129.499996631975        149200.055019638     
   129.599996626039        149200.053604143     
   129.699996620102        149200.052224353     
   129.799996614165        149200.050880951     
   129.899996608228        149200.049576747     
   129.999996602291        149200.048307738     
   130.099996596355        149200.047073009     
   130.199996590418        149200.045872272     
   130.299996584481        149200.044707178     
   130.399996578544        149200.043576949     
   130.499996572607        149200.042479893     
   130.599996566670        149200.041415213     
   130.699996560734        149200.040382458     
   130.799996554797        149200.039381188     
   130.899996548860        149200.038410923     
   130.999996542923        149200.037471132     
   131.099996536986        149200.036561227     
   131.199996531050        149200.035680553     
   131.299996525113        149200.034828374     
   131.399996519176        149200.034003858     
   131.499996513239        149200.033206058     
   131.599996507302        149200.032433892     
   131.699996501365        149200.031686206     
   131.799996495429        149200.030962506     
   131.899996489492        149200.030262753     
   131.999996483555        149200.029588202     
   132.099996477618        149200.028932817     
   132.199996471681        149200.028296439     
   132.299996465745        149200.027682943     
   132.399996459808        149200.027087085     
   132.499996453871        149200.026506420     
   132.599996447934        149200.025948023     
   132.699996441997        149200.025400140     
   132.799996436060        149200.024872264     
   132.899996430124        149200.024353548     
   132.999996424187        149200.023853361     
   133.099996418250        149200.023359830     
   133.199996412313        149200.022883713     
   133.299996406376        149200.022416943     
   133.399996400440        149200.021957648     
   133.499996394503        149200.021512170     
   133.599996388566        149200.021074539     
   133.699996382629        149200.020641635     
   133.799996376692        149200.020221309     
   133.899996370756        149200.019808354     
   133.999996364819        149200.019400621     
   134.099996358882        149200.018997055     
   134.199996352945        149200.018603794     
   134.299996347008        149200.018216432     
   134.399996341071        149200.017834702     
   134.499996335135        149200.017456314     
   134.599996329198        149200.017081437     
   134.699996323261        149200.016715364     
   134.799996317324        149200.016354204     
   134.899996311387        149200.015997852     
   134.999996305451        149200.015646228     
   135.099996299514        149200.015296982     
   135.199996293577        149200.014951132     
   135.299996287640        149200.014613420     
   135.399996281703        149200.014280312     
   135.499996275766        149200.013951814     
   135.599996269830        149200.013627944     
   135.699996263893        149200.013307589     
   135.799996257956        149200.012988377     
   135.899996252019        149200.012678567     
   135.999996246082        149200.012373521     
   136.099996240146        149200.012073280     
   136.199996234209        149200.011777887     
   136.299996228272        149200.011486474     
   136.399996222335        149200.011195997     
   136.499996216398        149200.010915398     
   136.599996210461        149200.010639806     
   136.699996204525        149200.010369253     
   136.799996198588        149200.010103767     
   136.899996192651        149200.009841732     
   136.999996186714        149200.009582263     
   137.099996180777        149200.009332096     
   137.199996174841        149200.009087058     
   137.299996168904        149200.008847152     
   137.399996162967        149200.008612337     
   137.499996157030        149200.008379507     
   137.599996151093        149200.008152345     
   137.699996145156        149200.007932879     
   137.799996139220        149200.007718475     
   137.899996133283        149200.007509103     
   137.999996127346        149200.007304388     
   138.099996121409        149200.007100661     
   138.199996115472        149200.006904992     
   138.299996109536        149200.006715357     
   138.399996103599        149200.006530537     
   138.499996097662        149200.006350476     
   138.599996091725        149200.006174842     
   138.699996085788        149200.006000219     
   138.799996079851        149200.005832418     
   138.899996073915        149200.005670767     
   138.999996067978        149200.005513548     
   139.099996062041        149200.005360686     
   139.199996056104        149200.005212105     
   139.299996050167        149200.005066480     
   139.399996044231        149200.004921658     
   139.499996038294        149200.004785449     
   139.599996032357        149200.004653201     
   139.699996026420        149200.004524829     
   139.799996020483        149200.004400250     
   139.899996014546        149200.004279378     
   139.999996008610        149200.004162001     
   140.099996002673        149200.004045585     
   140.199995996736        149200.003932321     
   140.299995990799        149200.003825411     
   140.399995984862        149200.003721775     
   140.499995978926        149200.003621325     
   140.599995972989        149200.003523975     
   140.699995967052        149200.003429638     
   140.799995961115        149200.003338230     
   140.899995955178        149200.003249660     
   140.999995949241        149200.003162349     
   141.099995943305        149200.003075037     
   141.199995937368        149200.002994365     
   141.299995931431        149200.002916335     
   141.399995925494        149200.002840737     
   141.499995919557        149200.002767490     
   141.599995913621        149200.002696517     
   141.699995907684        149200.002627742     
   141.799995901747        149200.002561089     
   141.899995895810        149200.002496485     
   141.999995889873        149200.002433859     
   142.099995883936        149200.002373139     
   142.199995878000        149200.002314244     
   142.299995872063        149200.002256037     
   142.399995866126        149200.002197829     
   142.499995860189        149200.002142169     
   142.599995854252        149200.002089991     
   142.699995848316        149200.002039336     
   142.799995842379        149200.001990146     
   142.899995836442        149200.001942364     
   142.999995830505        149200.001895937     
   143.099995824568        149200.001850811     
   143.199995818631        149200.001806938     
   143.299995812695        149200.001764268     
   143.399995806758        149200.001722755     
   143.499995800821        149200.001682354     
   143.599995794884        149200.001643021     
   143.699995788947        149200.001604715     
   143.799995783011        149200.001567398     
   143.899995777074        149200.001531032     
   143.999995771137        149200.001495579     
   144.099995765200        149200.001461005     
   144.199995759263        149200.001427280     
   144.299995753326        149200.001394368     
   144.399995747390        149200.001362243     
   144.499995741453        149200.001330877     
   144.599995735516        149200.001300239     
   144.699995729579        149200.001270308     
   144.799995723642        149200.001241030     
   144.899995717706        149200.001211927     
   144.999995711769        149200.001182823     
   145.099995705832        149200.001153719     
   145.199995699895        149200.001124615     
   145.299995693958        149200.001098446     
   145.399995688021        149200.001072846     
   145.499995682085        149200.001047789     
   145.599995676148        149200.001023265     
   145.699995670211        149200.000999256     
   145.799995664274        149200.000975750     
   145.899995658337        149200.000952734     
   145.999995652401        149200.000930195     
   146.099995646464        149200.000908124     
   146.199995640527        149200.000886508     
   146.299995634590        149200.000865338     
   146.399995628653        149200.000844606     
   146.499995622716        149200.000824301     
   146.599995616780        149200.000804414     
   146.699995610843        149200.000784939     
   146.799995604906        149200.000765868     
   146.899995598969        149200.000747192     
   146.999995593032        149200.000728906     
   147.099995587096        149200.000711002     
   147.199995581159        149200.000693475     
   147.299995575222        149200.000676318     
   147.399995569285        149200.000659527     
   147.499995563348        149200.000643094     
   147.599995557411        149200.000627014     
   147.699995551475        149200.000611283     
   147.799995545538        149200.000595894     
   147.899995539601        149200.000580844     
   147.999995533664        149200.000566126     
   148.099995527727        149200.000551736     
   148.199995521791        149200.000537670     
   148.299995515854        149200.000523923     
   148.399995509917        149200.000510491     
   148.499995503980        149200.000497367     
   148.599995498043        149200.000484549     
   148.699995492106        149200.000472030     
   148.799995486170        149200.000459806     
   148.899995480233        149200.000447875     
   148.999995474296        149200.000436231     
   149.099995468359        149200.000424866     
   149.199995462422        149200.000413780     
   149.299995456486        149200.000402969     
   149.399995450549        149200.000392422     
   149.499995444612        149200.000382142     
   149.599995438675        149200.000372120     
   149.699995432738        149200.000362352     
   149.799995426802        149200.000352836     
   149.899995420865        149200.000343561     
   149.999995414928        149200.000334531     
