   95.0999986742407       0.000000000000000E+000
   95.1999986683039       0.000000000000000E+000
   95.2999986623671       0.000000000000000E+000
   95.3999986564303       0.000000000000000E+000
   95.4999986504935       0.000000000000000E+000
   95.5999986445566       0.000000000000000E+000
   95.6999986386198       0.000000000000000E+000
   95.7999986326830       0.000000000000000E+000
   95.8999986267462       0.000000000000000E+000
   95.9999986208094       0.000000000000000E+000
   96.0999986148725       0.000000000000000E+000
   96.1999986089357       0.000000000000000E+000
   96.2999986029989       0.000000000000000E+000
   96.3999985970621       0.000000000000000E+000
   96.4999985911253       0.000000000000000E+000
   96.5999985851885       0.000000000000000E+000
   96.6999985792516       0.000000000000000E+000
   96.7999985733148       0.000000000000000E+000
   96.8999985673780       0.000000000000000E+000
   96.9999985614412       0.000000000000000E+000
   97.0999985555044       0.000000000000000E+000
   97.1999985495676       0.000000000000000E+000
   97.2999985436307       0.000000000000000E+000
   97.3999985376939       0.000000000000000E+000
   97.4999985317571       0.000000000000000E+000
   97.5999985258203       0.000000000000000E+000
   97.6999985198835       0.000000000000000E+000
   97.7999985139466       0.000000000000000E+000
   97.8999985080098       0.000000000000000E+000
   97.9999985020730       0.000000000000000E+000
   98.0999984961362       0.000000000000000E+000
   98.1999984901994       0.000000000000000E+000
   98.2999984842626       0.000000000000000E+000
   98.3999984783257       0.000000000000000E+000
   98.4999984723889       0.000000000000000E+000
   98.5999984664521       0.000000000000000E+000
   98.6999984605153       0.000000000000000E+000
   98.7999984545785       0.000000000000000E+000
   98.8999984486417       0.000000000000000E+000
   98.9999984427048       0.000000000000000E+000
   99.0999984367680       0.000000000000000E+000
   99.1999984308312       0.000000000000000E+000
   99.2999984248944       0.000000000000000E+000
   99.3999984189576       0.000000000000000E+000
   99.4999984130207       0.000000000000000E+000
   99.5999984070839       0.000000000000000E+000
   99.6999984011471       0.000000000000000E+000
   99.7999983952103       0.000000000000000E+000
   99.8999983892735       0.000000000000000E+000
   99.9999983833367       0.000000000000000E+000
   100.099998377400       7.255365264356460E-002
   100.199998371463       9.726867450005397E-002
   100.299998365526       0.101501672887276     
   100.399998359589       9.930024724159905E-002
   100.499998353653       9.540887990825102E-002
   100.599998347716       9.131442809981143E-002
   100.699998341779       8.741145007739248E-002
   100.799998335842       8.375674564591434E-002
   100.899998329905       8.032047349504313E-002
   100.999998323968       7.706259140555778E-002
   101.099998318032       7.395163452573031E-002
   101.199998312095       7.096624404741489E-002
   101.299998306158       6.809266772734662E-002
   101.399998300221       6.532211107354187E-002
   101.499998294284       6.264879149237465E-002
   101.599998288348       6.006867918429355E-002
   101.699998282411       5.757873155360520E-002
   101.799998276474       5.517644437018478E-002
   101.899998270537       5.285959524141851E-002
   101.999998264600       5.062610026804663E-002
   102.099998258663       4.847393606654012E-002
   102.199998252727       4.640109906568081E-002
   102.299998246790       4.440558584160091E-002
   102.399998240853       4.248538519748988E-002
   102.499998234916       4.063847669731611E-002
   102.599998228979       3.886283265120664E-002
   102.699998223043       3.715642185225142E-002
   102.799998217106       3.551721410404528E-002
   102.899998211169       3.394318499826911E-002
   102.999998205232       3.243232064067279E-002
   103.099998199295       3.098262216016620E-002
   103.199998193358       2.959210991387674E-002
   103.299998187422       2.825882734599009E-002
   103.399998181485       2.698084448436066E-002
   103.499998175548       2.575626107398795E-002
   103.599998169611       2.458320935542994E-002
   103.699998163674       2.345985650139260E-002
   103.799998157738       2.238440672773255E-002
   103.899998151801       2.135510309685668E-002
   103.999998145864       2.037022903224943E-002
   104.099998139927       1.942810956326762E-002
   104.199998133990       1.852711231921936E-002
   104.299998128054       1.766564829152234E-002
   104.399998122117       1.684217238222532E-002
   104.499998116180       1.605518375666136E-002
   104.599998110243       1.530322601725422E-002
   104.699998104306       1.458488721485477E-002
   104.799998098369       1.389879971312731E-002
   104.899998092433       1.324363992077299E-002
   104.999998086496       1.261812790550679E-002
   105.099998080559       1.202102690290103E-002
   105.199998074622       1.145114273237937E-002
   105.299998068685       1.090732313184739E-002
   105.399998062749       1.038845702162164E-002
   105.499998056812       9.893473707581212E-003
   105.599998050875       9.421342032669481E-003
   105.699998044938       8.971069485212436E-003
   105.799998039001       8.541701271764015E-003
   105.899998033064       8.132319361582398E-003
   105.999998027128       7.742041509187625E-003
   106.099998021191       7.370020260864189E-003
   106.199998015254       7.015441950421561E-003
   106.299998009317       6.677525688992820E-003
   106.399998003380       6.355522353167834E-003
   106.499997997444       6.048713575297917E-003
   106.599997991507       5.756410739380962E-003
   106.699997985570       5.477953985544202E-003
   106.799997979633       5.212711225777542E-003
   106.899997973696       4.960077173227355E-003
   106.999997967759       4.719472387061613E-003
   107.099997961823       4.490342334620465E-003
   107.199997955886       4.272156472316915E-003
   107.299997949949       4.064407346510045E-003
   107.399997944012       3.866609715360925E-003
   107.499997938075       3.678299692479110E-003
   107.599997932139       3.499033913003498E-003
   107.699997926202       3.328388722589187E-003
   107.799997920265       3.165959389637068E-003
   107.899997914328       3.011359340972473E-003
   107.999997908391       2.864219421064759E-003
   108.099997902454       2.724187174782388E-003
   108.199997896518       2.590926153582210E-003
   108.299997890581       2.464115244959632E-003
   108.399997884644       2.343448024914180E-003
   108.499997878707       2.228632133126067E-003
   108.599997872770       2.119388670487392E-003
   108.699997866834       2.015451618592964E-003
   108.799997860897       1.916567280748481E-003
   108.899997854960       1.822493744033613E-003
   108.999997849023       1.733000361926202E-003
   109.099997843086       1.647867256974697E-003
   109.199997837149       1.566884842990011E-003
   109.299997831213       1.489853366218793E-003
   109.399997825276       1.416582464946394E-003
   109.499997819339       1.346890746978779E-003
   109.599997813402       1.280605384446008E-003
   109.699997807465       1.217561725373694E-003
   109.799997801529       1.157602921465817E-003
   109.899997795592       1.100579571555012E-003
   109.999997789655       1.046349380174178E-003
   110.099997783718       9.947768307149861E-004
   110.199997777781       9.457328726476869E-004
   110.299997771844       8.990946222841122E-004
   110.399997765908       8.547450765784826E-004
   110.499997759971       8.125728394701671E-004
   110.599997754034       7.724718602860281E-004
   110.699997748097       7.343411837308776E-004
   110.799997742160       6.980847110080178E-004
   110.899997736224       6.636109716249941E-004
   110.999997730287       6.308329054516741E-004
   111.099997724350       5.996676546126735E-004
   111.199997718413       5.700363648076313E-004
   111.299997712476       5.418639956675124E-004
   111.399997706539       5.150791397667167E-004
   111.499997700603       4.896138499261057E-004
   111.599997694666       4.654034744521932E-004
   111.699997688729       4.423864999721045E-004
   111.799997682792       4.205044015363992E-004
   111.899997676855       3.997014996732730E-004
   111.999997670919       3.799248240896915E-004
   112.099997664982       3.611239837276658E-004
   112.199997659045       3.432510428938544E-004
   112.299997653108       3.262604031927541E-004
   112.399997647171       3.101086910041946E-004
   112.499997641234       2.947546502561198E-004
   112.599997635298       2.801590402541850E-004
   112.699997629361       2.662845383391511E-004
   112.799997623424       2.530956471528020E-004
   112.899997617487       2.405586063019701E-004
   112.999997611550       2.286413082199064E-004
   113.099997605614       2.173132180315680E-004
   113.199997599677       2.065452972389755E-004
   113.299997593740       1.963099310497211E-004
   113.399997587803       1.865808591800426E-004
   113.499997581866       1.773331099708501E-004
   113.599997575929       1.685429376624082E-004
   113.699997569993       1.601877626801410E-004
   113.799997564056       1.522461147905856E-004
   113.899997558119       1.446975789926772E-004
   113.999997552182       1.375227440159053E-004
   114.099997546245       1.307031533023486E-004
   114.199997540309       1.242212583552868E-004
   114.299997534372       1.180603743424597E-004
   114.399997528435       1.122046378470952E-004
   114.499997522498       1.066389666646568E-004
   114.599997516561       1.013490215480655E-004
   114.699997510624       9.632116980852565E-005
   114.799997504688       9.154245068345475E-005
   114.899997498751       8.700054238701403E-005
   114.999997492814       8.268373076275721E-005
   115.099997486877       7.858087946165461E-005
   115.199997480940       7.468140157218089E-005
   115.299997475004       7.097523263288263E-005
   115.399997469067       6.745280496077972E-005
   115.499997463130       6.410502323229311E-005
   115.599997457193       6.092324125636658E-005
   115.699997451256       5.789923988210926E-005
   115.799997445319       5.502520598634380E-005
   115.899997439383       5.229371248864927E-005
   115.999997433446       4.969769934428177E-005
   116.099997427509       4.723045546760890E-005
   116.199997421572       4.488560154082801E-005
   116.299997415635       4.265707366514564E-005
   116.399997409699       4.053910781339917E-005
   116.499997403762       3.852622504522326E-005
   116.599997397825       3.661321744763098E-005
   116.699997391888       3.479513476574418E-005
   116.799997385951       3.306727169001154E-005
   116.899997380014       3.142515576793932E-005
   116.999997374078       2.986453590988343E-005
   117.099997368141       2.838137145988109E-005
   117.199997362204       2.697182180395783E-005
   117.299997356267       2.563223648963297E-005
   117.399997350330       2.435914583164334E-005
   117.499997344394       2.314925198008603E-005
   117.599997338457       2.199942042836724E-005
   117.699997332520       2.090667193942018E-005
   117.799997326583       1.986817486968103E-005
   117.899997320646       1.888123787136453E-005
   117.999997314709       1.794330295446837E-005
   118.099997308773       1.705193889084874E-005
   118.199997302836       1.620483494362475E-005
   118.299997296899       1.539979490588577E-005
   118.399997290962       1.463473143356026E-005
   118.499997285025       1.390766065795428E-005
   118.599997279089       1.321669706424545E-005
   118.699997273152       1.256004862283664E-005
   118.799997267215       1.193601216114454E-005
   118.899997261278       1.134296896399098E-005
   118.999997255341       1.077938059133966E-005
   119.099997249404       1.024378490269640E-005
   119.199997243468       9.734792277973499E-006
   119.299997237531       9.251082025165333E-006
   119.399997231594       8.791398965606653E-006
   119.499997225657       8.354550188083283E-006
   119.599997219720       7.939401963456225E-006
   119.699997213784       7.544876811895725E-006
   119.799997207847       7.169950715184869E-006
   119.899997201910       6.813650466953415E-006
   119.999997195973       6.475051154021599E-006
   120.099997190036       6.153273762389181E-006
   120.199997184100       5.847482901716976E-006
   120.299997178163       5.556884642449318E-006
   120.399997172226       5.280724460015187E-006
   120.499997166289       5.018285280816858E-006
   120.599997160352       4.768885624980746E-006
   120.699997154415       4.531877841088219E-006
   120.799997148479       4.306646428337717E-006
   120.899997142542       4.092606441820691E-006
   120.999997136605       3.889201976801451E-006
   121.099997130668       3.695904728089715E-006
   121.199997124731       3.512212620802020E-006
   121.299997118795       3.337648508970044E-006
   121.399997112858       3.171758938647756E-006
   121.499997106921       3.014112972322581E-006
   121.599997100984       2.864301071597747E-006
   121.699997095047       2.721934035262769E-006
   121.799997089110       2.586641990009646E-006
   121.899997083174       2.458073431189846E-006
   121.999997077237       2.335894311133563E-006
   122.099997071300       2.219787172677035E-006
   122.199997065363       2.109450325659521E-006
   122.299997059426       2.004597064260753E-006
   122.399997053490       1.904954923157595E-006
   122.499997047553       1.810264970575057E-006
   122.599997041616       1.720281136406810E-006
   122.699997035679       1.634769573664111E-006
   122.799997029742       1.553508051604803E-006
   122.899997023805       1.476285378970767E-006
   122.999997017869       1.402900855842196E-006
   123.099997011932       1.333163752690741E-006
   123.199997005995       1.266892815282639E-006
   123.299997000058       1.203915794150558E-006
   123.399996994121       1.144068997417035E-006
   123.499996988185       1.087196865810254E-006
   123.599996982248       1.033151568772941E-006
   123.699996976311       9.817926206186676E-007
   123.799996970374       9.329865157393263E-007
   123.899996964437       8.866063819221447E-007
   123.999996958500       8.425316508753561E-007
   124.099996952564       8.006477451100512E-007
   124.199996946627       7.608457803670893E-007
   124.299996940690       7.230222828177658E-007
   124.399996934753       6.870789203045429E-007
   124.499996928816       6.529222469264922E-007
   124.599996922880       6.204634603066831E-007
   124.699996916943       5.896181709121629E-007
   124.799996911006       5.603061828288296E-007
   124.899996905069       5.324512854222177E-007
   124.999996899132       5.059810553449725E-007
   125.099996893195       4.808266683762248E-007
   125.199996887259       4.569227206059482E-007
   125.299996881322       4.342070584999047E-007
   125.399996875385       4.126206174045204E-007
   125.499996869448       3.921072680728680E-007
   125.599996863511       3.726136708134994E-007
   125.699996857575       3.540891368834912E-007
   125.799996851638       3.364854967666450E-007
   125.899996845701       3.197569749942444E-007
   125.999996839764       3.038600711842850E-007
   126.099996833827       2.887534469898751E-007
   126.199996827890       2.743978186636570E-007
   126.299996821954       2.607558549595095E-007
   126.399996816017       2.477920801060851E-007
   126.499996810080       2.354727816008184E-007
   126.599996804143       2.237659225845982E-007
   126.699996798206       2.126410585700295E-007
   126.799996792270       2.020692583067439E-007
   126.899996786333       1.920230285783549E-007
   126.999996780396       1.824762427360389E-007
   127.099996774459       1.734040727828232E-007
   127.199996768522       1.647829248324413E-007
   127.299996762585       1.565903777750627E-007
   127.399996756649       1.488051249906168E-007
   127.499996750712       1.414069189583521E-007
   127.599996744775       1.343765186186879E-007
   127.699996738838       1.276956393508267E-007
   127.799996732901       1.213469054358979E-007
   127.899996726965       1.153138048824440E-007
   127.999996721028       1.095806464967243E-007
   128.099996715091       1.041325190863371E-007
   128.199996709154       9.895525269123739E-008
   128.299996703217       9.403538174137987E-008
   128.399996697280       8.936011004524635E-008
   128.499996691344       8.491727751835023E-008
   128.599996685407       8.069532856524485E-008
   128.699996679470       7.668328203285101E-008
   128.799996673533       7.287070265705735E-008
   128.899996667596       6.924767392842214E-008
   128.999996661660       6.580477230643567E-008
   129.099996655723       6.253304271525626E-008
   129.199996649786       5.942397525746583E-008
   129.299996643849       5.646948308505575E-008
   129.399996637912       5.366188137031120E-008
   129.499996631975       5.099386732188797E-008
   129.599996626039       4.845850119414249E-008
   129.699996620102       4.604918824035098E-008
   129.799996614165       4.375966156291842E-008
   129.899996608228       4.158396581600672E-008
   129.999996602291       3.951644171821088E-008
   130.099996596355       3.755171133503704E-008
   130.199996590418       3.568466409291990E-008
   130.299996584481       3.391044348840649E-008
   130.399996578544       3.222443445800227E-008
   130.499996572607       3.062225137579162E-008
   130.599996566670       2.909972664768583E-008
   130.699996560734       2.765289987259797E-008
   130.799996554797       2.627800754239556E-008
   130.899996548860       2.497147325385639E-008
   130.999996542923       2.372989840715962E-008
   131.099996536986       2.255005336675311E-008
   131.199996531050       2.142886906159168E-008
   131.299996525113       2.036342900293675E-008
   131.399996519176       1.935096169893382E-008
   131.499996513239       1.838883344626846E-008
   131.599996507302       1.747454148014868E-008
   131.699996501365       1.660570746480484E-008
   131.799996495429       1.578007130758033E-008
   131.899996489492       1.499548528052636E-008
   131.999996483555       1.424990843423095E-008
   132.099996477618       1.354140128933278E-008
   132.199996471681       1.286812079193483E-008
   132.299996465745       1.222831551979374E-008
   132.399996459808       1.162032112682092E-008
   132.499996453871       1.104255601404875E-008
   132.599996447934       1.049351721580009E-008
   132.699996441997       9.971776490376013E-009
   132.799996436060       9.475976605082602E-009
   132.899996430124       9.004827805941382E-009
   132.999996424187       8.557104462904935E-009
   133.099996418250       8.131641881849472E-009
   133.199996412313       7.727333275059286E-009
   133.299996406376       7.343126882314024E-009
   133.399996400440       6.978023235108525E-009
   133.499996394503       6.631072556869752E-009
   133.599996388566       6.301372292430865E-009
   133.699996382629       5.988064760319977E-009
   133.799996376692       5.690334921769171E-009
   133.899996370756       5.407408260637541E-009
   133.999996364819       5.138548768730026E-009
   134.099996358882       4.883057031283444E-009
   134.199996352945       4.640268407628703E-009
   134.299996347008       4.409551302305207E-009
   134.399996341071       4.190305522127681E-009
   134.499996335135       3.981960714933735E-009
   134.599996329198       3.783974885948640E-009
   134.699996323261       3.595832987913330E-009
   134.799996317324       3.417045581306178E-009
   134.899996311387       3.247147561172172E-009
   134.999996305451       3.085696947250882E-009
   135.099996299514       2.932273734255574E-009
   135.199996293577       2.786478799312349E-009
   135.299996287640       2.647932863717935E-009
   135.399996281703       2.516275506317698E-009
   135.499996275766       2.391164225932352E-009
   135.599996269830       2.272273550402178E-009
   135.699996263893       2.159294189923718E-009
   135.799996257956       2.051932232483731E-009
   135.899996252019       1.949908379290863E-009
   135.999996246082       1.852957218223169E-009
   136.099996240146       1.760826533396288E-009
   136.199996234209       1.673276649058379E-009
   136.299996228272       1.590079806106139E-009
   136.399996222335       1.511019569598908E-009
   136.499996216398       1.435890265729881E-009
   136.599996210461       1.364496446790514E-009
   136.699996204525       1.296652382735176E-009
   136.799996198588       1.232181578025405E-009
   136.899996192651       1.170916312495502E-009
   136.999996186714       1.112697205044792E-009
   137.099996180777       1.057372799024258E-009
   137.199996174841       1.004799168235612E-009
   137.299996168904       9.548395425200746E-010
   137.399996162967       9.073639519628855E-010
   137.499996157030       8.622488887868721E-010
   137.599996151093       8.193769860568648E-010
   137.699996145156       7.786367123581268E-010
   137.799996139220       7.399220816556610E-010
   137.899996133283       7.031323775782857E-010
   137.999996127346       6.681718914117694E-010
   138.099996121409       6.349496731183508E-010
   138.199996115472       6.033792947355117E-010
   138.299996109536       5.733786255384908E-010
   138.399996103599       5.448696183812711E-010
   138.499996097662       5.177781066609122E-010
   138.599996091725       4.920336113765586E-010
   138.699996085788       4.675691577812232E-010
   138.799996079851       4.443211011499002E-010
   138.899996073915       4.222289612102272E-010
   138.999996067978       4.012352648050739E-010
   139.099996062041       3.812853963780915E-010
   139.199996056104       3.623274558930717E-010
   139.299996050167       3.443121238174068E-010
   139.399996044231       3.271925328186567E-010
   139.499996038294       3.109241458402227E-010
   139.599996032357       2.954646402392266E-010
   139.699996026420       2.807737976849375E-010
   139.799996020483       2.668133995315150E-010
   139.899996014546       2.535471273926888E-010
   139.999996008610       2.409404686600821E-010
   140.099996002673       2.289606267189790E-010
   140.199995996736       2.175764356283050E-010
   140.299995990799       2.067582790425532E-010
   140.399995984862       1.964780131651377E-010
   140.499995978926       1.867088935323711E-010
   140.599995972989       1.774255054378558E-010
   140.699995967052       1.686036978161084E-010
   140.799995961115       1.602205204134943E-010
   140.899995955178       1.522541640831906E-010
   140.999995949241       1.446839040485101E-010
   141.099995943305       1.374900459873239E-010
   141.199995937368       1.306538747971745E-010
   141.299995931431       1.241576059076723E-010
   141.399995925494       1.179843390139213E-010
   141.499995919557       1.121180141100284E-010
   141.599995913621       1.065433697089004E-010
   141.699995907684       1.012459031392291E-010
   141.799995901747       9.621183281660708E-011
   141.899995895810       9.142806239047602E-011
   141.999995889873       8.688214667377782E-011
   142.099995883936       8.256225926653887E-011
   142.199995878000       7.845716178928770E-011
   142.299995872063       7.455617464614305E-011
   142.399995866126       7.084914924163945E-011
   142.499995860189       6.732644157890877E-011
   142.599995854252       6.397888717059889E-011
   142.699995848316       6.079777719722060E-011
   142.799995842379       5.777483585094417E-011
   142.899995836442       5.490219880585622E-011
   142.999995830505       5.217239275868408E-011
   143.099995824568       4.957831598680593E-011
   143.199995818631       4.711321987288437E-011
   143.299995812695       4.477069134815677E-011
   143.399995806758       4.254463620862177E-011
   143.499995800821       4.042926326077981E-011
   143.599995794884       3.841906925564651E-011
   143.699995788947       3.650882457186635E-011
   143.799995783011       3.469355961068204E-011
   143.899995777074       3.296855186733100E-011
   143.999995771137       3.132931364530195E-011
   144.099995765200       2.977158038140946E-011
   144.199995759263       2.829129955139013E-011
   144.299995753326       2.688462012709269E-011
   144.399995747390       2.554788255788444E-011
   144.499995741453       2.427760925019647E-011
   144.599995735516       2.307049552041239E-011
   144.699995729579       2.192340099760958E-011
   144.799995723642       2.083334145375014E-011
   144.899995717706       1.979748104009313E-011
   144.999995711769       1.881312490960879E-011
   145.099995705832       1.787771220622443E-011
   145.199995699895       1.698880940264448E-011
   145.299995693958       1.614410396942096E-011
   145.399995688021       1.534139835881305E-011
   145.499995682085       1.457860428775993E-011
   145.599995676148       1.385373730512296E-011
   145.699995670211       1.316491162904633E-011
   145.799995664274       1.251033524100504E-011
   145.899995658337       1.188830522378938E-011
   145.999995652401       1.129720333128404E-011
   146.099995646464       1.073549177852405E-011
   146.199995640527       1.020170924107509E-011
   146.299995634590       9.694467053325214E-012
   146.399995628653       9.212445595808223E-012
   146.499995622716       8.754390862144159E-012
   146.599995616780       8.319111196683021E-012
   146.699995610843       7.905474194353461E-012
   146.799995604906       7.512403754652745E-012
   146.899995598969       7.138877282118503E-012
   146.999995593032       6.783923025994373E-012
   147.099995587096       6.446617552170738E-012
   147.199995581159       6.126083340824909E-012
   147.299995575222       5.821486503505613E-012
   147.399995569285       5.532034613731195E-012
   147.499995563348       5.256974645449120E-012
   147.599995557411       4.995591014000548E-012
   147.699995551475       4.747203714488242E-012
   147.799995545538       4.511166552707922E-012
   147.899995539601       4.286865464039844E-012
   147.999995533664       4.073716915926787E-012
   148.099995527727       3.871166389782467E-012
   148.199995521791       3.678686938381757E-012
   148.299995515854       3.495777814978716E-012
   148.399995509917       3.321963170587026E-012
   148.499995503980       3.156790816031808E-012
   148.599995498043       2.999831045556334E-012
   148.699995492106       2.850675518916740E-012
   148.799995486170       2.708936199064168E-012
   148.899995480233       2.574244342643389E-012
   148.999995474296       2.446249540687214E-012
   149.099995468359       2.324618807008080E-012
   149.199995462422       2.209035711914615E-012
   149.299995456486       2.099199559003514E-012
   149.399995450549       1.994824602879812E-012
   149.499995444612       1.895639305774242E-012
   149.599995438675       1.801385631122588E-012
   149.699995432738       1.711818372268876E-012
   149.799995426802       1.626704514545474E-012
   149.899995420865       1.545822629072866E-012
   149.999995414928       1.468962296699318E-012
