   95.0999986742407        466.860179550818     
   95.1999986683039        466.844782373951     
   95.2999986623671        466.829385197084     
   95.3999986564303        466.813988020217     
   95.4999986504935        466.798590843350     
   95.5999986445566        466.783193666484     
   95.6999986386198        466.767796489617     
   95.7999986326830        466.752399312750     
   95.8999986267462        466.737002135883     
   95.9999986208094        466.721604959016     
   96.0999986148725        466.706207782149     
   96.1999986089357        466.690810605283     
   96.2999986029989        466.675413428416     
   96.3999985970621        466.660016251549     
   96.4999985911253        466.644619074682     
   96.5999985851885        466.629221897815     
   96.6999985792516        466.613824720948     
   96.7999985733148        466.598427544082     
   96.8999985673780        466.583030367215     
   96.9999985614412        466.567633190348     
   97.0999985555044        466.552236013481     
   97.1999985495676        466.536838836614     
   97.2999985436307        466.521441659747     
   97.3999985376939        466.506044482881     
   97.4999985317571        466.490647306014     
   97.5999985258203        466.475250129147     
   97.6999985198835        466.459852952280     
   97.7999985139466        466.444455775413     
   97.8999985080098        466.429058598547     
   97.9999985020730        466.413661421680     
   98.0999984961362        466.398264244813     
   98.1999984901994        466.382867067946     
   98.2999984842626        466.367469891079     
   98.3999984783257        466.352072714212     
   98.4999984723889        466.336675537346     
   98.5999984664521        466.321278360479     
   98.6999984605153        466.305881183612     
   98.7999984545785        466.290484006745     
   98.8999984486417        466.275086829878     
   98.9999984427048        466.259689653011     
   99.0999984367680        466.244292476145     
   99.1999984308312        466.228895299278     
   99.2999984248944        466.213498122411     
   99.3999984189576        466.198100945544     
   99.4999984130207        466.182703768677     
   99.5999984070839        466.167306591810     
   99.6999984011471        466.151909414944     
   99.7999983952103        466.136512238077     
   99.8999983892735        466.121115061210     
   99.9999983833367        466.105717884343     
   100.099998377400        466.084272766539     
   100.199998371463        466.047387675909     
   100.299998365526        465.984513726569     
   100.399998359589        465.874106865202     
   100.499998353653        465.678508772766     
   100.599998347716        465.347338287031     
   100.699998341779        464.851088239896     
   100.799998335842        464.236405268627     
   100.899998329905        463.620334611367     
   100.999998323968        463.109325184725     
   101.099998318032        462.747945304811     
   101.199998312095        462.530028834714     
   101.299998306158        462.428096739528     
   101.399998300221        462.412685767959     
   101.499998294284        462.459761227736     
   101.599998288348        462.551790385343     
   101.699998282411        462.676598679346     
   101.799998276474        462.825871910987     
   101.899998270537        462.993909743676     
   101.999998264600        463.176730234414     
   102.099998258663        463.371469420586     
   102.199998252727        463.575993869278     
   102.299998246790        463.788656441361     
   102.399998240853        464.008144441901     
   102.499998234916        464.233385582009     
   102.599998228979        464.463489156697     
   102.699998223043        464.697708119851     
   102.799998217106        464.935413262791     
   102.899998211169        465.176074298820     
   102.999998205232        465.419244931466     
   103.099998199295        465.664550365705     
   103.199998193358        465.911676510935     
   103.299998187422        466.160360536936     
   103.399998181485        466.410382631285     
   103.499998175548        466.661558871951     
   103.599998169611        466.913735136976     
   103.699998163674        467.166781962200     
   103.799998157738        467.420590245472     
   103.899998151801        467.675067689478     
   103.999998145864        467.930135876073     
   104.099998139927        468.185727871411     
   104.199998133990        468.441786271228     
   104.299998128054        468.698261607219     
   104.399998122117        468.955111047406     
   104.499998116180        469.212297334529     
   104.599998110243        469.469787916552     
   104.699998104306        469.727554231993     
   104.799998098369        469.985571120068     
   104.899998092433        470.243816331596     
   104.999998086496        470.502270121504     
   105.099998080559        470.760914907638     
   105.199998074622        471.019734983689     
   105.299998068685        471.278716276480     
   105.399998062749        471.537846139847     
   105.499998056812        471.797113178806     
   105.599998050875        472.056507098934     
   105.699998044938        472.316018576838     
   105.799998039001        472.575639148391     
   105.899998033064        472.835361111879     
   105.999998027128        473.095177443887     
   106.099998021191        473.355081725948     
   106.199998015254        473.615068080419     
   106.299998009317        473.875131114273     
   106.399998003380        474.135265869660     
   106.499997997444        474.395467780372     
   106.599997991507        474.655732633313     
   106.699997985570        474.916056534442     
   106.799997979633        475.176435878508     
   106.899997973696        475.436867322115     
   106.999997967759        475.697347759703     
   107.099997961823        475.957874302133     
   107.199997955886        476.218444257469     
   107.299997949949        476.479055113748     
   107.399997944012        476.739704523550     
   107.499997938075        477.000390289984     
   107.599997932139        477.261110354204     
   107.699997926202        477.521862784022     
   107.799997920265        477.782645763640     
   107.899997914328        478.043457584352     
   107.999997908391        478.304296636071     
   108.099997902454        478.565161399701     
   108.199997896518        478.826050440057     
   108.299997890581        479.086962399559     
   108.399997884644        479.347895992399     
   108.499997878707        479.608849999199     
   108.599997872770        479.869823262115     
   108.699997866834        480.130814680418     
   108.799997860897        480.391823206362     
   108.899997854960        480.652847841423     
   108.999997849023        480.913887632793     
   109.099997843086        481.174941670315     
   109.199997837149        481.436009083323     
   109.299997831213        481.697089038074     
   109.399997825276        481.958180735195     
   109.499997819339        482.219283407420     
   109.599997813402        482.480396317210     
   109.699997807465        482.741518755049     
   109.799997801529        483.002650037402     
   109.899997795592        483.263789504977     
   109.999997789655        483.524936521290     
   110.099997783718        483.786090470985     
   110.199997777781        484.047250758544     
   110.299997771844        484.308416806974     
   110.399997765908        484.569588056517     
   110.499997759971        484.830763963737     
   110.599997754034        485.091944000172     
   110.699997748097        485.353127651565     
   110.799997742160        485.614314416874     
   110.899997736224        485.875503807406     
   110.999997730287        486.136695346061     
   111.099997724350        486.397888566400     
   111.199997718413        486.659083011723     
   111.299997712476        486.920278236020     
   111.399997706539        487.181473803031     
   111.499997700603        487.442669275584     
   111.599997694666        487.703864238253     
   111.699997688729        487.965058273146     
   111.799997682792        488.226250971846     
   111.899997676855        488.487441932009     
   111.999997670919        488.748630756894     
   112.099997664982        489.009817055063     
   112.199997659045        489.271000439789     
   112.299997653108        489.532180529473     
   112.399997647171        489.793356946129     
   112.499997641234        490.054529316125     
   112.599997635298        490.315697269432     
   112.699997629361        490.576860439236     
   112.799997623424        490.838018461935     
   112.899997617487        491.099170976759     
   112.999997611550        491.360317625616     
   113.099997605614        491.621458052786     
   113.199997599677        491.882591904904     
   113.299997593740        492.143718830545     
   113.399997587803        492.404838480239     
   113.499997581866        492.665950506290     
   113.599997575929        492.927054562621     
   113.699997569993        493.188150304633     
   113.799997564056        493.449237389059     
   113.899997558119        493.710315473885     
   113.999997552182        493.971384218398     
   114.099997546245        494.232443282894     
   114.199997540309        494.493492328627     
   114.299997534372        494.754531017985     
   114.399997528435        495.015559014185     
   114.499997522498        495.276575981335     
   114.599997516561        495.537581584402     
   114.699997510624        495.798575489197     
   114.799997504688        496.059557362267     
   114.899997498751        496.320526871154     
   114.999997492814        496.581483684021     
   115.099997486877        496.842427470033     
   115.199997480940        497.103357899141     
   115.299997475004        497.364274642202     
   115.399997469067        497.625177370962     
   115.499997463130        497.886065758231     
   115.599997457193        498.146939477795     
   115.699997451256        498.407798204560     
   115.799997445319        498.668641614507     
   115.899997439383        498.929469384985     
   115.999997433446        499.190281194581     
   116.099997427509        499.451076723271     
   116.199997421572        499.711855652573     
   116.299997415635        499.972617665557     
   116.399997409699        500.233362447057     
   116.499997403762        500.494089683649     
   116.599997397825        500.754799063887     
   116.699997391888        501.015490278356     
   116.799997385951        501.276163019796     
   116.899997380014        501.536816983284     
   116.999997374078        501.797451866318     
   117.099997368141        502.058067368961     
   117.199997362204        502.318663194021     
   117.299997356267        502.579239047129     
   117.399997350330        502.839794636941     
   117.499997344394        503.100329675276     
   117.599997338457        503.360843877262     
   117.699997332520        503.621336961494     
   117.799997326583        503.881808650170     
   117.899997320646        504.142258669269     
   117.999997314709        504.402686748744     
   118.099997308773        504.663092622582     
   118.199997302836        504.923476029060     
   118.299997296899        505.183836710870     
   118.399997290962        505.444174415264     
   118.499997285025        505.704488894223     
   118.599997279089        505.964779904632     
   118.699997273152        506.225047208406     
   118.799997267215        506.485290572665     
   118.899997261278        506.745509769875     
   118.999997255341        507.005704577999     
   119.099997249404        507.265874780651     
   119.199997243468        507.526020167269     
   119.299997237531        507.786140533155     
   119.399997231594        508.046235679739     
   119.499997225657        508.306305414653     
   119.599997219720        508.566349551817     
   119.699997213784        508.826367911661     
   119.799997207847        509.086360321161     
   119.899997201910        509.346326613994     
   119.999997195973        509.606266630649     
   120.099997190036        509.866121813170     
   120.199997184100        510.125728000834     
   120.299997178163        510.384937227988     
   120.399997172226        510.643581017123     
   120.499997166289        510.901451973335     
   120.599997160352        511.158284871695     
   120.699997154415        511.413733442146     
   120.799997148479        511.667340788413     
   120.899997142542        511.918501502099     
   120.999997136605        512.166413961392     
   121.099997130668        512.410022645260     
   121.199997124731        512.647953377077     
   121.299997118795        512.878450162900     
   121.399997112858        513.099332820886     
   121.499997106921        513.308012490962     
   121.599997100984        513.501621576195     
   121.699997095047        513.677315220130     
   121.799997089110        513.832749902992     
   121.899997083174        513.966624056185     
   121.999997077237        514.079042863368     
   122.099997071300        514.171494015498     
   122.199997065363        514.246439385572     
   122.299997059426        514.306749015522     
   122.399997053490        514.355225765004     
   122.499997047553        514.394331098134     
   122.599997041616        514.426090491888     
   122.699997035679        514.452107688762     
   122.799997029742        514.473626021662     
   122.899997023805        514.491600029062     
   122.999997017869        514.506760614208     
   123.099997011932        514.519668427950     
   123.199997005995        514.530755391924     
   123.299997000058        514.540356157570     
   123.399996994121        514.548731647878     
   123.499996988185        514.556086600599     
   123.599996982248        514.562582650172     
   123.699996976311        514.568348118954     
   123.799996970374        514.573485385702     
   123.899996964437        514.578076467337     
   123.999996958500        514.582187277822     
   124.099996952564        514.585870902174     
   124.199996946627        514.589170132727     
   124.299996940690        514.592119449024     
   124.399996934753        514.594746575095     
   124.499996928816        514.597073713516     
   124.599996922880        514.599118530301     
   124.699996916943        514.600894946447     
   124.799996911006        514.602413778289     
   124.899996905069        514.603683258764     
   124.999996899132        514.604709464280     
   125.099996893195        514.605496666135     
   125.199996887259        514.606047621428     
   125.299996881322        514.606363814874     
   125.399996875385        514.606445660890     
   125.499996869448        514.606292673021     
   125.599996863511        514.605903606716     
   125.699996857575        514.605276580025     
   125.799996851638        514.604409176109     
   125.899996845701        514.603298530671     
   125.999996839764        514.601941406842     
   126.099996833827        514.600334259742     
   126.199996827890        514.598473292380     
   126.299996821954        514.596354504462     
   126.399996816017        514.593973735326     
   126.499996810080        514.591326702046     
   126.599996804143        514.588409033650     
   126.699996798206        514.585216302155     
   126.799996792270        514.581744051103     
   126.899996786333        514.577987822157     
   126.999996780396        514.573943180220     
   127.099996774459        514.569605737439     
   127.199996768522        514.564971176571     
   127.299996762585        514.560035273809     
   127.399996756649        514.554793921511     
   127.499996750712        514.549243150861     
   127.599996744775        514.543379154778     
   127.699996738838        514.537198311062     
   127.799996732901        514.530697206003     
   127.899996726965        514.523872658391     
   127.999996721028        514.516721744087     
   128.099996715091        514.509241821019     
   128.199996709154        514.501430554698     
   128.299996703217        514.493285944118     
   128.399996697280        514.484806347949     
   128.499996691344        514.475990510950     
   128.599996685407        514.466837590405     
   128.699996679470        514.457347182424     
   128.799996673533        514.447519347840     
   128.899996667596        514.437354637553     
   128.999996661660        514.426854116956     
   129.099996655723        514.416019389215     
   129.199996649786        514.404852617001     
   129.299996643849        514.393356542432     
   129.399996637912        514.381534504775     
   129.499996631975        514.369390455630     
   129.599996626039        514.356928971096     
   129.699996620102        514.344155260715     
   129.799996614165        514.331075172709     
   129.899996608228        514.317695195174     
   129.999996602291        514.304022453050     
   130.099996596355        514.290064700402     
   130.199996590418        514.275830307944     
   130.299996584481        514.261328245526     
   130.399996578544        514.246568059556     
   130.499996572607        514.231559845254     
   130.599996566670        514.216314213795     
   130.699996560734        514.200842254503     
   130.799996554797        514.185155492226     
   130.899996548860        514.169265840277     
   130.999996542923        514.153185549202     
   131.099996536986        514.136927151993     
   131.199996531050        514.120503406074     
   131.299996525113        514.103927232885     
   131.399996519176        514.087211655508     
   131.499996513239        514.070369735160     
   131.599996507302        514.053414507269     
   131.699996501365        514.036358917890     
   131.799996495429        514.019215760979     
   131.899996489492        514.001997617672     
   131.999996483555        513.984716797819     
   132.099996477618        513.967385284722     
   132.199996471681        513.950014683451     
   132.299996465745        513.932616173427     
   132.399996459808        513.915200465776     
   132.499996453871        513.897777764483     
   132.599996447934        513.880357735549     
   132.699996441997        513.862949477876     
   132.799996436060        513.845561502406     
   132.899996430124        513.828201715275     
   132.999996424187        513.810877407094     
   133.099996418250        513.793595246713     
   133.199996412313        513.776361280537     
   133.299996406376        513.759180936100     
   133.399996400440        513.742059030163     
   133.499996394503        513.724999780483     
   133.599996388566        513.708006821540     
   133.699996382629        513.691083223066     
   133.799996376692        513.674231511348     
   133.899996370756        513.657453692856     
   133.999996364819        513.640751279811     
   134.099996358882        513.624125316943     
   134.199996352945        513.607576409724     
   134.299996347008        513.591104753027     
   134.399996341071        513.574710160372     
   134.499996335135        513.558392093192     
   134.599996329198        513.542149689979     
   134.699996323261        513.525981795070     
   134.799996317324        513.509886986850     
   134.899996311387        513.493863605061     
   134.999996305451        513.477909777414     
   135.099996299514        513.462023445013     
   135.199996293577        513.446202386703     
   135.299996287640        513.430444242293     
   135.399996281703        513.414746534517     
   135.499996275766        513.399106689604     
   135.599996269830        513.383522056824     
   135.699996263893        513.367989926519     
   135.799996257956        513.352507547039     
   135.899996252019        513.337072140329     
   135.999996246082        513.321680916320     
   136.099996240146        513.306331086355     
   136.199996234209        513.291019875033     
   136.299996228272        513.275744531385     
   136.399996222335        513.260502339047     
   136.499996216398        513.245290624910     
   136.599996210461        513.230106767581     
   136.699996204525        513.214948204373     
   136.799996198588        513.199812437678     
   136.899996192651        513.184697040896     
   136.999996186714        513.169599662657     
   137.099996180777        513.154518031823     
   137.199996174841        513.139449960399     
   137.299996168904        513.124393346783     
   137.399996162967        513.109346177902     
   137.499996157030        513.094306531866     
   137.599996151093        513.079272578700     
   137.699996145156        513.064242580709     
   137.799996139220        513.049214894179     
   137.899996133283        513.034187962738     
   137.999996127346        513.019160345589     
   138.099996121409        513.004130670259     
   138.199996115472        512.989097667512     
   138.299996109536        512.974060157840     
   138.399996103599        512.959017051171     
   138.499996097662        512.943967347041     
   138.599996091725        512.928910130650     
   138.699996085788        512.913844572528     
   138.799996079851        512.898769925596     
   138.899996073915        512.883685523241     
   138.999996067978        512.868590776204     
   139.099996062041        512.853485171573     
   139.199996056104        512.838368268399     
   139.299996050167        512.823239695958     
   139.399996044231        512.808099150764     
   139.499996038294        512.792946393781     
   139.599996032357        512.777781246849     
   139.699996026420        512.762603590622     
   139.799996020483        512.747413360639     
   139.899996014546        512.732210545117     
   139.999996008610        512.716995181063     
   140.099996002673        512.701767351891     
   140.199995996736        512.686527184079     
   140.299995990799        512.671274843963     
   140.399995984862        512.656010535166     
   140.499995978926        512.640734495153     
   140.599995972989        512.625446992561     
   140.699995967052        512.610148324454     
   140.799995961115        512.594838813104     
   140.899995955178        512.579518803443     
   140.999995949241        512.564188660544     
   141.099995943305        512.548848766861     
   141.199995937368        512.533499519678     
   141.299995931431        512.518141328433     
   141.399995925494        512.502774613110     
   141.499995919557        512.487399801172     
   141.599995913621        512.472017325688     
   141.699995907684        512.456627623850     
   141.799995901747        512.441231134167     
   141.899995895810        512.425828294745     
   141.999995889873        512.410419542295     
   142.099995883936        512.395005309587     
   142.199995878000        512.379586025301     
   142.299995872063        512.364162110214     
   142.399995866126        512.348733978682     
   142.499995860189        512.333302035529     
   142.599995854252        512.317866675440     
   142.699995848316        512.302428282859     
   142.799995842379        512.286987230164     
   142.899995836442        512.271543875880     
   142.999995830505        512.256098566916     
   143.099995824568        512.240651636022     
   143.199995818631        512.225203400567     
   143.299995812695        512.209754166091     
   143.399995806758        512.194304218106     
   143.499995800821        512.178853826129     
   143.599995794884        512.163403238872     
   143.699995788947        512.147952722887     
   143.799995783011        512.132502495389     
   143.899995777074        512.117052762697     
   143.999995771137        512.101603724160     
   144.099995765200        512.086155556746     
   144.199995759263        512.070708424139     
   144.299995753326        512.055262478918     
   144.399995747390        512.039817856040     
   144.499995741453        512.024374676542     
   144.599995735516        512.008933048469     
   144.699995729579        511.993493066133     
   144.799995723642        511.978054812045     
   144.899995717706        511.962618355028     
   144.999995711769        511.947183752501     
   145.099995705832        511.931751050532     
   145.199995699895        511.916320284144     
   145.299995693958        511.900891478401     
   145.399995688021        511.885464648171     
   145.499995682085        511.870039799399     
   145.599995676148        511.854616929422     
   145.699995670211        511.839196027330     
   145.799995664274        511.823777074578     
   145.899995658337        511.808360045586     
   145.999995652401        511.792944908922     
   146.099995646464        511.777531626729     
   146.199995640527        511.762120155615     
   146.299995634590        511.746710447611     
   146.399995628653        511.731302450327     
   146.499995622716        511.715896107773     
   146.599995616780        511.700491359713     
   146.699995610843        511.685088144378     
   146.799995604906        511.669686396012     
   146.899995598969        511.654286047642     
   146.999995593032        511.638887030472     
   147.099995587096        511.623489274049     
   147.199995581159        511.608092708251     
   147.299995575222        511.592697260678     
   147.399995569285        511.577302859528     
   147.499995563348        511.561909433682     
   147.599995557411        511.546516910859     
   147.699995551475        511.531125221013     
   147.799995545538        511.515734294433     
   147.899995539601        511.500344061867     
   147.999995533664        511.484954455698     
   148.099995527727        511.469565410407     
   148.199995521791        511.454176862316     
   148.299995515854        511.438788748305     
   148.399995509917        511.423401008167     
   148.499995503980        511.408013583718     
   148.599995498043        511.392626418894     
   148.699995492106        511.377239459530     
   148.799995486170        511.361852653291     
   148.899995480233        511.346465958839     
   148.999995474296        511.331079318273     
   149.099995468359        511.315692714282     
   149.199995462422        511.300306058963     
   149.299995456486        511.284919346013     
   149.399995450549        511.269532531307     
   149.499995444612        511.254145584263     
   149.599995438675        511.238758470374     
   149.699995432738        511.223371162019     
   149.799995426802        511.207983635016     
   149.899995420865        511.192595863741     
   149.999995414928        511.177207828547     
