   95.0999986742407       -89.7911810311913     
   95.1999986683039       -89.7911810311944     
   95.2999986623671       -89.7911810311975     
   95.3999986564303       -89.7911810312005     
   95.4999986504935       -89.7911810312036     
   95.5999986445566       -89.7911810312067     
   95.6999986386198       -89.7911810312098     
   95.7999986326830       -89.7911810312128     
   95.8999986267462       -89.7911810312159     
   95.9999986208094       -89.7911810312190     
   96.0999986148725       -89.7911810312221     
   96.1999986089357       -89.7911810312251     
   96.2999986029989       -89.7911810312282     
   96.3999985970621       -89.7911810312313     
   96.4999985911253       -89.7911810312344     
   96.5999985851885       -89.7911810312375     
   96.6999985792516       -89.7911810312405     
   96.7999985733148       -89.7911810312436     
   96.8999985673780       -89.7911810312467     
   96.9999985614412       -89.7911810312498     
   97.0999985555044       -89.7911810312528     
   97.1999985495676       -89.7911810312559     
   97.2999985436307       -89.7911810312590     
   97.3999985376939       -89.7911810312621     
   97.4999985317571       -89.7911810312652     
   97.5999985258203       -89.7911810312683     
   97.6999985198835       -89.7911810312713     
   97.7999985139466       -89.7911810312744     
   97.8999985080098       -89.7911810312775     
   97.9999985020730       -89.7911810312806     
   98.0999984961362       -89.7911810312837     
   98.1999984901994       -89.7911810312867     
   98.2999984842626       -89.7911810312898     
   98.3999984783257       -89.7911810312929     
   98.4999984723889       -89.7911810312960     
   98.5999984664521       -89.7911810312991     
   98.6999984605153       -89.7911810313021     
   98.7999984545785       -89.7911810313052     
   98.8999984486417       -89.7911810313083     
   98.9999984427048       -89.7911810313114     
   99.0999984367680       -89.7911810313145     
   99.1999984308312       -89.7911810313176     
   99.2999984248944       -89.7911810313206     
   99.3999984189576       -89.7911810313237     
   99.4999984130207       -89.7911810313268     
   99.5999984070839       -89.7911810313299     
   99.6999984011471       -89.7911810313330     
   99.7999983952103       -89.7911810313361     
   99.8999983892735       -89.7911810313391     
   99.9999983833367       -89.7911810313422     
   100.099998377400       -86.8802844578808     
   100.199998371463       -86.6387210980208     
   100.299998365526       -86.3772705081043     
   100.399998359589       -86.1144170290584     
   100.499998353653       -85.8530038762831     
   100.599998347716       -85.5938936141165     
   100.699998341779       -85.3380576152830     
   100.799998335842       -85.0865826177200     
   100.899998329905       -84.8405895676817     
   100.999998323968       -84.6010248293688     
   101.099998318032       -84.3684310163641     
   101.199998312095       -84.1428688365960     
   101.299998306158       -83.9240418748882     
   101.399998300221       -83.7115478460645     
   101.499998294284       -83.5050826712719     
   101.599998288348       -83.3045043229179     
   101.699998282411       -83.1097975339495     
   101.799998276474       -82.9210123620476     
   101.899998270537       -82.7382144610084     
   101.999998264600       -82.5614514368795     
   102.099998258663       -82.3907268300577     
   102.199998252727       -82.2259743517442     
   102.299998246790       -82.0670319381289     
   102.399998240853       -81.9136231513449     
   102.499998234916       -81.7653581918169     
   102.599998228979       -81.6217637664470     
   102.699998223043       -81.4823392903265     
   102.799998217106       -81.3466228860093     
   102.899998211169       -81.2142448329496     
   102.999998205232       -81.0849530384539     
   103.099998199295       -80.9586089116370     
   103.199998193358       -80.8351630313506     
   103.299998187422       -80.7146233135958     
   103.399998181485       -80.5970255543614     
   103.499998175548       -80.4824113094708     
   103.599998169611       -80.3708140204670     
   103.699998163674       -80.2622520537783     
   103.799998157738       -80.1567265909794     
   103.899998151801       -80.0542224435251     
   103.999998145864       -79.9547103350344     
   104.099998139927       -79.8581496942145     
   104.199998133990       -79.7644914046739     
   104.299998128054       -79.6736802380271     
   104.399998122117       -79.5856568708273     
   104.499998116180       -79.5003594830675     
   104.599998110243       -79.4177249830664     
   104.699998104306       -79.3376899207490     
   104.799998098369       -79.2601911523927     
   104.899998092433       -79.1851663132820     
   104.999998086496       -79.1125541453399     
   105.099998080559       -79.0422947172489     
   105.199998074622       -78.9743295660197     
   105.299998068685       -78.9086017818992     
   105.399998062749       -78.8450560528101     
   105.499998056812       -78.7836386802143     
   105.599998050875       -78.7242975749968     
   105.699998044938       -78.6669822395402     
   105.799998039001       -78.6116437403996     
   105.899998033064       -78.5582346746931     
   105.999998027128       -78.5067091324126     
   106.099998021191       -78.4570226562000     
   106.199998015254       -78.4091321996687     
   106.299998009317       -78.3629960850221     
   106.399998003380       -78.3185739604901     
   106.499997997444       -78.2758267579473     
   106.599997991507       -78.2347166509478     
   106.699997985570       -78.1952070133487     
   106.799997979633       -78.1572623786292     
   106.899997973696       -78.1208483999773     
   106.999997967759       -78.0859318111901     
   107.099997961823       -78.0524803883989     
   107.199997955886       -78.0204629126517     
   107.299997949949       -77.9898491333425     
   107.399997944012       -77.9606097324724     
   107.499997938075       -77.9327162897761     
   107.599997932139       -77.9061412486476     
   107.699997926202       -77.8808578828954     
   107.799997920265       -77.8568402642961     
   107.899997914328       -77.8340632309337     
   107.999997908391       -77.8125023563113     
   108.099997902454       -77.7921339192259     
   108.199997896518       -77.7729348743828     
   108.299997890581       -77.7548828237419     
   108.399997884644       -77.7379559885889     
   108.499997878707       -77.7221331823047     
   108.599997872770       -77.7073937838345     
   108.699997866834       -77.6937177118375     
   108.799997860897       -77.6810853995098     
   108.899997854960       -77.6694777700770     
   108.999997849023       -77.6588762129346     
   109.099997843086       -77.6492625604389     
   109.199997837149       -77.6406190653359     
   109.299997831213       -77.6329283788313     
   109.399997825276       -77.6261735292736     
   109.499997819339       -77.6203379014828     
   109.599997813402       -77.6154052166661     
   109.699997807465       -77.6113595129828     
   109.799997801529       -77.6081851266849     
   109.899997795592       -77.6058666739110     
   109.999997789655       -77.6043890330367     
   110.099997783718       -77.6037373276531     
   110.199997777781       -77.6038969101862     
   110.299997771844       -77.6048533460474     
   110.399997765908       -77.6065923984346     
   110.499997759971       -77.6091000137228     
   110.599997754034       -77.6123623074577     
   110.699997748097       -77.6163655509470     
   110.799997742160       -77.6210961584567     
   110.899997736224       -77.6265406750201     
   110.999997730287       -77.6326857648192     
   111.099997724350       -77.6395182001901     
   111.199997718413       -77.6470248512212     
   111.299997712476       -77.6551926759492     
   111.399997706539       -77.6640087111550     
   111.499997700603       -77.6734600637571     
   111.599997694666       -77.6835339027915     
   111.699997688729       -77.6942174519895     
   111.799997682792       -77.7054979829408     
   111.899997676855       -77.7173628088388     
   111.999997670919       -77.7297992788057     
   112.099997664982       -77.7427947727899     
   112.199997659045       -77.7563366970324     
   112.299997653108       -77.7704124800890     
   112.399997647171       -77.7850095694088     
   112.499997641234       -77.8001154284481     
   112.599997635298       -77.8157175343335     
   112.699997629361       -77.8318033760351     
   112.799997623424       -77.8483604530468     
   112.899997617487       -77.8653762745780     
   112.999997611550       -77.8828383592251     
   113.099997605614       -77.9007342351140     
   113.199997599677       -77.9190514405040     
   113.299997593740       -77.9377775248273     
   113.399997587803       -77.9569000501556     
   113.499997581866       -77.9764065930716     
   113.599997575929       -77.9962847469353     
   113.699997569993       -78.0165221245103     
   113.799997564056       -78.0371063609473     
   113.899997558119       -78.0580251171192     
   113.999997552182       -78.0792660832200     
   114.099997546245       -78.1008169826873     
   114.199997540309       -78.1226655763839     
   114.299997534372       -78.1447996670213     
   114.399997528435       -78.1672071038418     
   114.499997522498       -78.1898757874430     
   114.599997516561       -78.2127936748129     
   114.699997510624       -78.2359487845641     
   114.799997504688       -78.2593292022215     
   114.899997498751       -78.2829230856953     
   114.999997492814       -78.3067186708085     
   115.099997486877       -78.3307042769134     
   115.199997480940       -78.3548683125410     
   115.299997475004       -78.3791992810986     
   115.399997469067       -78.4036857865629     
   115.499997463130       -78.4283165391634     
   115.599997457193       -78.4530803610376     
   115.699997451256       -78.4779661918357     
   115.799997445319       -78.5029630942612     
   115.899997439383       -78.5280602595210     
   115.999997433446       -78.5532470126784     
   116.099997427509       -78.5785128178880     
   116.199997421572       -78.6038472835028     
   116.299997415635       -78.6292401670307     
   116.399997409699       -78.6546813799337     
   116.499997403762       -78.6801609922624     
   116.599997397825       -78.7056692371002     
   116.699997391888       -78.7311965148221     
   116.799997385951       -78.7567333971482     
   116.899997380014       -78.7822706309896     
   116.999997374078       -78.8077991420782     
   117.099997368141       -78.8333100383710     
   117.199997362204       -78.8587946132249     
   117.299997356267       -78.8842443483410     
   117.399997350330       -78.9096509164673     
   117.499997344394       -78.9350061838462     
   117.599997338457       -78.9603022125129     
   117.699997332520       -78.9855312621568     
   117.799997326583       -79.0106857919371     
   117.899997320646       -79.0357584619503     
   117.999997314709       -79.0607421344818     
   118.099997308773       -79.0856298750139     
   118.199997302836       -79.1104149529926     
   118.299997296899       -79.1350908423656     
   118.399997290962       -79.1596512218821     
   118.499997285025       -79.1840899751696     
   118.599997279089       -79.2084011905860     
   118.699997273152       -79.2325791608546     
   118.799997267215       -79.2566183824867     
   118.899997261278       -79.2805135549992     
   118.999997255341       -79.3042595799295     
   119.099997249404       -79.3278515596629     
   119.199997243468       -79.3512847960669     
   119.299997237531       -79.3745547889528     
   119.399997231594       -79.3976572343592     
   119.499997225657       -79.4205880226781     
   119.599997219720       -79.4433432366191     
   119.699997213784       -79.4659191490268     
   119.799997207847       -79.4883122205574     
   119.899997201910       -79.5105190972198     
   119.999997195973       -79.5325366077994     
   120.099997190036       -83.0177102636649     
   120.199997184100       -83.8075703656862     
   120.299997178163       -84.5255055396375     
   120.399997172226       -85.1827504220872     
   120.499997166289       -85.7829823130607     
   120.599997160352       -86.3292815149900     
   120.699997154415       -86.8242755098051     
   120.799997148479       -87.2701394204900     
   120.899997142542       -87.6683127634097     
   120.999997136605       -88.0187516229398     
   121.099997130668       -88.3197582452441     
   121.199997124731       -88.5719203392542     
   121.299997118795       -88.7830207619880     
   121.399997112858       -88.9633145481835     
   121.499997106921       -89.1190310136402     
   121.599997100984       -89.2526257598685     
   121.699997095047       -89.3652079283370     
   121.799997089110       -89.4580321672771     
   121.899997083174       -89.5329748636797     
   121.999997077237       -89.5923955528771     
   122.099997071300       -89.6387988965677     
   122.199997065363       -89.6745660646407     
   122.299997059426       -89.7018147949245     
   122.399997053490       -89.7223507844761     
   122.499997047553       -89.7376686294269     
   122.599997041616       -89.7489772306153     
   122.699997035679       -89.7572361552868     
   122.799997029742       -89.7631952727718     
   122.899997023805       -89.7674331188064     
   122.999997017869       -89.7703914539464     
   123.099997011932       -89.7724048704508     
   123.199997005995       -89.7737252265187     
   123.299997000058       -89.7745412416945     
   123.399996994121       -89.7749938667373     
   123.499996988185       -89.7751881343404     
   123.599996982248       -89.7752021783152     
   123.699996976311       -89.7750940322051     
   123.799996970374       -89.7749067197447     
   123.899996964437       -89.7746720501894     
   123.999996958500       -89.7744134419650     
   124.099996952564       -89.7741480226829     
   124.199996946627       -89.7738881928018     
   124.299996940690       -89.7736427927412     
   124.399996934753       -89.7734179769528     
   124.499996928816       -89.7732178712279     
   124.599996922880       -89.7730450692294     
   124.699996916943       -89.7729010093555     
   124.799996911006       -89.7727862621029     
   124.899996905069       -89.7727007501388     
   124.999996899132       -89.7726439174709     
   125.099996893195       -89.7726148598953     
   125.199996887259       -89.7726124257863     
   125.299996881322       -89.7726352940495     
   125.399996875385       -89.7726820343827     
   125.499996869448       -89.7727511537417     
   125.599996863511       -89.7728411321586     
   125.699996857575       -89.7729504498606     
   125.799996851638       -89.7730776079885     
   125.899996845701       -89.7732211439407     
   125.999996839764       -89.7733796426074     
   126.099996833827       -89.7735517443303     
   126.199996827890       -89.7737361503067     
   126.299996821954       -89.7739316259251     
   126.399996816017       -89.7741370026373     
   126.499996810080       -89.7743511783940     
   126.599996804143       -89.7745731173583     
   126.699996798206       -89.7748018487453     
   126.799996792270       -89.7750364651831     
   126.899996786333       -89.7752761206620     
   126.999996780396       -89.7755200282026     
   127.099996774459       -89.7757674573406     
   127.199996768522       -89.7760177314892     
   127.299996762585       -89.7762702252470     
   127.399996756649       -89.7765243616879     
   127.499996750712       -89.7767796096804     
   127.599996744775       -89.7770354812402     
   127.699996738838       -89.7772915289608     
   127.799996732901       -89.7775473435236     
   127.899996726965       -89.7778025512964     
   127.999996721028       -89.7780568120321     
   128.099996715091       -89.7783098166763     
   128.199996709154       -89.7785612852667     
   128.299996703217       -89.7788109649521     
   128.399996697280       -89.7790586280994     
   128.499996691344       -89.7793040705196     
   128.599996685407       -89.7795471097886     
   128.699996679470       -89.7797875836387     
   128.799996673533       -89.7800253484908     
   128.899996667596       -89.7802602780357     
   128.999996661660       -89.7804922618921     
   129.099996655723       -89.7807212044165     
   129.199996649786       -89.7809470235241     
   129.299996643849       -89.7811696494037     
   129.399996637912       -89.7813890238539     
   129.499996631975       -89.7816050990420     
   129.599996626039       -89.7818178366929     
   129.699996620102       -89.7820272072302     
   129.799996614165       -89.7822331889754     
   129.899996608228       -89.7824357674243     
   129.999996602291       -89.7826349345524     
   130.099996596355       -89.7828306881469     
   130.199996590418       -89.7830230312274     
   130.299996584481       -89.7832119714663     
   130.399996578544       -89.7833975206634     
   130.499996572607       -89.7835796943002     
   130.599996566670       -89.7837585110203     
   130.699996560734       -89.7839339922806     
   130.799996554797       -89.7841061619623     
   130.899996548860       -89.7842750459572     
   130.999996542923       -89.7844406719728     
   131.099996536986       -89.7846030691588     
   131.199996531050       -89.7847622678555     
   131.299996525113       -89.7849182994377     
   131.399996519176       -89.7850711960693     
   131.499996513239       -89.7852209905188     
   131.599996507302       -89.7853677160205     
   131.699996501365       -89.7855114062223     
   131.799996495429       -89.7856520951301     
   131.899996489492       -89.7857898165976     
   131.999996483555       -89.7859246052318     
   132.099996477618       -89.7860564954502     
   132.199996471681       -89.7861855215836     
   132.299996465745       -89.7863117177416     
   132.399996459808       -89.7864351193138     
   132.499996453871       -89.7865557606613     
   132.599996447934       -89.7866736769168     
   132.699996441997       -89.7867889031808     
   132.799996436060       -89.7869014747348     
   132.899996430124       -89.7870114272452     
   132.999996424187       -89.7871187965901     
   133.099996418250       -89.7872236189745     
   133.199996412313       -89.7873259310091     
   133.299996406376       -89.7874257697036     
   133.399996400440       -89.7875231724629     
   133.499996394503       -89.7876181772495     
   133.599996388566       -89.7877108223215     
   133.699996382629       -89.7878011465409     
   133.799996376692       -89.7878891891799     
   133.899996370756       -89.7879749899823     
   133.999996364819       -89.7880585891643     
   134.099996358882       -89.7881400273703     
   134.199996352945       -89.7882193455508     
   134.299996347008       -89.7882965851617     
   134.399996341071       -89.7883717878795     
   134.499996335135       -89.7884449956604     
   134.599996329198       -89.7885162507211     
   134.699996323261       -89.7885855954145     
   134.799996317324       -89.7886530722269     
   134.899996311387       -89.7887187236723     
   134.999996305451       -89.7887825923175     
   135.099996299514       -89.7888447205740     
   135.199996293577       -89.7889051507741     
   135.299996287640       -89.7889639250392     
   135.399996281703       -89.7890210852473     
   135.499996275766       -89.7890766729607     
   135.599996269830       -89.7891307293799     
   135.699996263893       -89.7891832952850     
   135.799996257956       -89.7892344109881     
   135.899996252019       -89.7892841162572     
   135.999996246082       -89.7893324502917     
   136.099996240146       -89.7893794517311     
   136.199996234209       -89.7894251585228     
   136.299996228272       -89.7894696079572     
   136.399996222335       -89.7895128366197     
   136.499996216398       -89.7895548803332     
   136.599996210461       -89.7895957741943     
   136.699996204525       -89.7896355524883     
   136.799996198588       -89.7896742487215     
   136.899996192651       -89.7897118955587     
   136.999996186714       -89.7897485249169     
   137.099996180777       -89.7897841678206     
   137.199996174841       -89.7898188544445     
   137.299996168904       -89.7898526141523     
   137.399996162967       -89.7898854755347     
   137.499996157030       -89.7899174662608     
   137.599996151093       -89.7899486131870     
   137.699996145156       -89.7899789424064     
   137.799996139220       -89.7900084791131     
   137.899996133283       -89.7900372477708     
   137.999996127346       -89.7900652720230     
   138.099996121409       -89.7900925747261     
   138.199996115472       -89.7901191780012     
   138.299996109536       -89.7901451031755     
   138.399996103599       -89.7901703708861     
   138.499996097662       -89.7901950010408     
   138.599996091725       -89.7902190128072     
   138.699996085788       -89.7902424247668     
   138.799996079851       -89.7902652547105     
   138.899996073915       -89.7902875198884     
   138.999996067978       -89.7903092368448     
   139.099996062041       -89.7903304216467     
   139.199996056104       -89.7903510895519     
   139.299996050167       -89.7903712554470     
   139.399996044231       -89.7903909335150     
   139.499996038294       -89.7904101375960     
   139.599996032357       -89.7904288808393     
   139.699996026420       -89.7904471760313     
   139.799996020483       -89.7904650352944     
   139.899996014546       -89.7904824704800     
   139.999996008610       -89.7904994929197     
   140.099996002673       -89.7905161135065     
   140.199995996736       -89.7905323427262     
   140.299995990799       -89.7905481908054     
   140.399995984862       -89.7905636674753     
   140.499995978926       -89.7905787819933     
   140.599995972989       -89.7905935435108     
   140.699995967052       -89.7906079606650     
   140.799995961115       -89.7906220419368     
   140.899995955178       -89.7906357954226     
   140.999995949241       -89.7906492288540     
   141.099995943305       -89.7906623499265     
   141.199995937368       -89.7906751657556     
   141.299995931431       -89.7906876836557     
   141.399995925494       -89.7906999102243     
   141.499995919557       -89.7907118520982     
   141.599995913621       -89.7907235156677     
   141.699995907684       -89.7907349070638     
   141.799995901747       -89.7907460325205     
   141.899995895810       -89.7907568976735     
   141.999995889873       -89.7907675080519     
   142.099995883936       -89.7907778694813     
   142.199995878000       -89.7907879870111     
   142.299995872063       -89.7907978657712     
   142.399995866126       -89.7908075113038     
   142.499995860189       -89.7908169281231     
   142.599995854252       -89.7908261210847     
   142.699995848316       -89.7908350949186     
   142.799995842379       -89.7908438542261     
   142.899995836442       -89.7908524035083     
   142.999995830505       -89.7908607471418     
   143.099995824568       -89.7908688894166     
   143.199995818631       -89.7908768345114     
   143.299995812695       -89.7908845865350     
   143.399995806758       -89.7908921495131     
   143.499995800821       -89.7908995274152     
   143.599995794884       -89.7909067244752     
   143.699995788947       -89.7909137441288     
   143.799995783011       -89.7909205900913     
   143.899995777074       -89.7909272660586     
   143.999995771137       -89.7909337762082     
   144.099995765200       -89.7909401235193     
   144.199995759263       -89.7909463114825     
   144.299995753326       -89.7909523441155     
   144.399995747390       -89.7909582243752     
   144.499995741453       -89.7909639554424     
   144.599995735516       -89.7909695414167     
   144.699995729579       -89.7909749846766     
   144.799995723642       -89.7909802889369     
   144.899995717706       -89.7909854572393     
   144.999995711769       -89.7909904924718     
   145.099995705832       -89.7909953981982     
   145.199995699895       -89.7910001767204     
   145.299995693958       -89.7910048318866     
   145.399995688021       -89.7910093656700     
   145.499995682085       -89.7910137818792     
   145.599995676148       -89.7910180825079     
   145.699995670211       -89.7910222709841     
   145.799995664274       -89.7910263496477     
   145.899995658337       -89.7910303212312     
   145.999995652401       -89.7910341887571     
   146.099995646464       -89.7910379541485     
   146.199995640527       -89.7910416206500     
   146.299995634590       -89.7910451904837     
   146.399995628653       -89.7910486658021     
   146.499995622716       -89.7910520495107     
   146.599995616780       -89.7910553439461     
   146.699995610843       -89.7910585510904     
   146.799995604906       -89.7910616732405     
   146.899995598969       -89.7910647129758     
   146.999995593032       -89.7910676724261     
   147.099995587096       -89.7910705535534     
   147.199995581159       -89.7910733584502     
   147.299995575222       -89.7910760891613     
   147.399995569285       -89.7910787477308     
   147.499995563348       -89.7910813361429     
   147.599995557411       -89.7910838562997     
   147.699995551475       -89.7910863101250     
   147.799995545538       -89.7910886993982     
   147.899995539601       -89.7910910258938     
   147.999995533664       -89.7910932914049     
   148.099995527727       -89.7910954976055     
   148.199995521791       -89.7910976460456     
   148.299995515854       -89.7910997383664     
   148.399995509917       -89.7911017760597     
   148.499995503980       -89.7911037607243     
   148.599995498043       -89.7911056938416     
   148.699995492106       -89.7911075773074     
   148.799995486170       -89.7911094119203     
   148.899995480233       -89.7911111989750     
   148.999995474296       -89.7911129399911     
   149.099995468359       -89.7911146368721     
   149.199995462422       -89.7911162899032     
   149.299995456486       -89.7911179005410     
   149.399995450549       -89.7911194706877     
   149.499995444612       -89.7911210004248     
   149.599995438675       -89.7911224914728     
   149.699995432738       -89.7911239450878     
   149.799995426802       -89.7911253614755     
   149.899995420865       -89.7911267429589     
   149.999995414928       -89.7911280889747     
