   95.0999986742407       1.159010891502077E-004
   95.1999986683039       1.159010889505547E-004
   95.2999986623671       1.159010887508869E-004
   95.3999986564303       1.159010885512079E-004
   95.4999986504935       1.159010883515138E-004
   95.5999986445566       1.159010881518073E-004
   95.6999986386198       1.159010879520879E-004
   95.7999986326830       1.159010877523551E-004
   95.8999986267462       1.159010875526088E-004
   95.9999986208094       1.159010873528511E-004
   96.0999986148725       1.159010871530782E-004
   96.1999986089357       1.159010869532927E-004
   96.2999986029989       1.159010867534938E-004
   96.3999985970621       1.159010865536825E-004
   96.4999985911253       1.159010863538577E-004
   96.5999985851885       1.159010861540196E-004
   96.6999985792516       1.159010859541680E-004
   96.7999985733148       1.159010857543030E-004
   96.8999985673780       1.159010855544247E-004
   96.9999985614412       1.159010853545347E-004
   97.0999985555044       1.159010851546299E-004
   97.1999985495676       1.159010849547128E-004
   97.2999985436307       1.159010847547826E-004
   97.3999985376939       1.159010845548390E-004
   97.4999985317571       1.159010843548820E-004
   97.5999985258203       1.159010841549115E-004
   97.6999985198835       1.159010839549277E-004
   97.7999985139466       1.159010837549323E-004
   97.8999985080098       1.159010835549215E-004
   97.9999985020730       1.159010833548993E-004
   98.0999984961362       1.159010831548636E-004
   98.1999984901994       1.159010829548145E-004
   98.2999984842626       1.159010827547520E-004
   98.3999984783257       1.159010825546760E-004
   98.4999984723889       1.159010823545866E-004
   98.5999984664521       1.159010821544838E-004
   98.6999984605153       1.159010819543694E-004
   98.7999984545785       1.159010817542400E-004
   98.8999984486417       1.159010815540984E-004
   98.9999984427048       1.159010813539437E-004
   99.0999984367680       1.159010811537755E-004
   99.1999984308312       1.159010809535939E-004
   99.2999984248944       1.159010807533989E-004
   99.3999984189576       1.159010805531914E-004
   99.4999984130207       1.159010803529703E-004
   99.5999984070839       1.159010801527358E-004
   99.6999984011471       1.159010799524880E-004
   99.7999983952103       1.159010797522276E-004
   99.8999983892735       1.159010795519537E-004
   99.9999983833367       1.159010793516664E-004
   100.099998377400       2.014398860510787E-004
   100.199998371463       2.439384747818379E-004
   100.299998365526       2.830062347992831E-004
   100.399998359589       3.427171206162894E-004
   100.499998353653       4.551449326798597E-004
   100.599998347716       7.095055778883386E-004
   100.699998341779       1.411384774402069E-003
   100.799998335842       3.595426099590861E-003
   100.899998329905       9.902238115892551E-003
   100.999998323968       2.438402743819836E-002
   101.099998318032       5.007442125050079E-002
   101.199998312095       8.643827099391553E-002
   101.299998306158       0.129534191802242     
   101.399998300221       0.174773204506337     
   101.499998294284       0.219508835702573     
   101.599998288348       0.263769156871233     
   101.699998282411       0.309616094183228     
   101.799998276474       0.360169348942963     
   101.899998270537       0.418827756669228     
   101.999998264600       0.488732657987937     
   102.099998258663       0.572335548496647     
   102.199998252727       0.670956605282261     
   102.299998246790       0.784333293130858     
   102.399998240853       0.910287130767913     
   102.499998234916        1.04471323165285     
   102.599998228979        1.18204649687076     
   102.699998223043        1.31616434483763     
   102.799998217106        1.44145637928468     
   102.899998211169        1.55369729703222     
   102.999998205232        1.65047237321493     
   103.099998199295        1.73112815048412     
   103.199998193358        1.79639773804116     
   103.299998187422        1.84790299478410     
   103.399998181485        1.88769083234139     
   103.499998175548        1.91788297773479     
   103.599998169611        1.94045442992317     
   103.699998163674        1.95712034291688     
   103.799998157738        1.96929939163241     
   103.899998151801        1.97812361450378     
   103.999998145864        1.98447195477170     
   104.099998139927        1.98901246988537     
   104.199998133990        1.99224444977191     
   104.299998128054        1.99453605590181     
   104.399998122117        1.99615582249021     
   104.499998116180        1.99729789465572     
   104.599998110243        1.99810163026249     
   104.699998104306        1.99866647673259     
   104.799998098369        1.99906306401720     
   104.899998092433        1.99934136265496     
   104.999998086496        1.99953661804404     
   105.099998080559        1.99967362937594     
   105.199998074622        1.99976981321823     
   105.299998068685        1.99983738442599     
   105.399998062749        1.99988490152814     
   105.499998056812        1.99991835771151     
   105.599998050875        1.99994194872687     
   105.699998044938        1.99995861212697     
   105.799998039001        1.99997040524717     
   105.899998033064        1.99997876979719     
   105.999998027128        1.99998471690530     
   106.099998021191        1.99998895645436     
   106.199998015254        1.99999198745642     
   106.299998009317        1.99999416120285     
   106.399998003380        1.99999572540272     
   106.499997997444        1.99999685504801     
   106.599997991507        1.99999767401263     
   106.699997985570        1.99999827018029     
   106.799997979633        1.99999870605216     
   106.899997973696        1.99999902619375     
   106.999997967759        1.99999926247107     
   107.099997961823        1.99999943773763     
   107.199997955886        1.99999956843565     
   107.299997949949        1.99999966643470     
   107.399997944012        1.99999974033418     
   107.499997938075        1.99999979638758     
   107.599997932139        1.99999983916008     
   107.699997926202        1.99999987200003     
   107.799997920265        1.99999989736974     
   107.899997914328        1.99999991709285     
   107.999997908391        1.99999993252465     
   108.099997902454        1.99999994467435     
   108.199997896518        1.99999995430062     
   108.299997890581        1.99999996197384     
   108.399997884644        1.99999996813151     
   108.499997878707        1.99999997310139     
   108.599997872770        1.99999997714158     
   108.699997866834        1.99999998044000     
   108.799997860897        1.99999998313963     
   108.899997854960        1.99999998537622     
   108.999997849023        1.99999998724177     
   109.099997843086        1.99999998879116     
   109.199997837149        1.99999999008921     
   109.299997831213        1.99999999119944     
   109.399997825276        1.99999999209335     
   109.499997819339        1.99999999288166     
   109.599997813402        1.99999999354779     
   109.699997807465        1.99999999413964     
   109.799997801529        1.99999999458373     
   109.899997795592        1.99999999502782     
   109.999997789655        1.99999999546907     
   110.099997783718        1.99999999569112     
   110.199997777781        1.99999999591316     
   110.299997771844        1.99999999613521     
   110.399997765908        1.99999999635725     
   110.499997759971        1.99999999657929     
   110.599997754034        1.99999999680134     
   110.699997748097        1.99999999698154     
   110.799997742160        1.99999999704904     
   110.899997736224        1.99999999710394     
   110.999997730287        1.99999999714711     
   111.099997724350        1.99999999717928     
   111.199997718413        1.99999999720100     
   111.299997712476        1.99999999721271     
   111.399997706539        1.99999999721511     
   111.499997700603        1.99999999721511     
   111.599997694666        1.99999999721511     
   111.699997688729        1.99999999721511     
   111.799997682792        1.99999999721511     
   111.899997676855        1.99999999721511     
   111.999997670919        1.99999999721511     
   112.099997664982        1.99999999721511     
   112.199997659045        1.99999999721511     
   112.299997653108        1.99999999721511     
   112.399997647171        1.99999999721511     
   112.499997641234        1.99999999713468     
   112.599997635298        1.99999999700500     
   112.699997629361        1.99999999685982     
   112.799997623424        1.99999999669782     
   112.899997617487        1.99999999651750     
   112.999997611550        1.99999999631716     
   113.099997605614        1.99999999609788     
   113.199997599677        1.99999999587584     
   113.299997593740        1.99999999565379     
   113.399997587803        1.99999999543175     
   113.499997581866        1.99999999520970     
   113.599997575929        1.99999999498766     
   113.699997569993        1.99999999471256     
   113.799997564056        1.99999999427035     
   113.899997558119        1.99999999382626     
   113.999997552182        1.99999999338217     
   114.099997546245        1.99999999293808     
   114.199997540309        1.99999999245706     
   114.299997534372        1.99999999179093     
   114.399997528435        1.99999999112479     
   114.499997522498        1.99999999045866     
   114.599997516561        1.99999998957296     
   114.699997510624        1.99999998868478     
   114.799997504688        1.99999998765787     
   114.899997498751        1.99999998654765     
   114.999997492814        1.99999998527167     
   115.099997486877        1.99999998389714     
   115.199997480940        1.99999998234283     
   115.299997475004        1.99999998059693     
   115.399997469067        1.99999997866385     
   115.499997463130        1.99999997651430     
   115.599997457193        1.99999997412499     
   115.699997451256        1.99999997144089     
   115.799997445319        1.99999996845253     
   115.899997439383        1.99999996512124     
   115.999997433446        1.99999996140903     
   116.099997427509        1.99999995725875     
   116.199997421572        1.99999995262488     
   116.299997415635        1.99999994746360     
   116.399997409699        1.99999994169399     
   116.499997403762        1.99999993525078     
   116.599997397825        1.99999992805811     
   116.699997391888        1.99999992003344     
   116.799997385951        1.99999991108170     
   116.899997380014        1.99999990109011     
   116.999997374078        1.99999988993718     
   117.099997368141        1.99999987750361     
   117.199997362204        1.99999986363938     
   117.299997356267        1.99999984818747     
   117.399997350330        1.99999983096408     
   117.499997344394        1.99999981178154     
   117.599997338457        1.99999979042539     
   117.699997332520        1.99999976665422     
   117.799997326583        1.99999974021572     
   117.899997320646        1.99999971081962     
   117.999997314709        1.99999967815391     
   118.099997308773        1.99999964188026     
   118.199997302836        1.99999960162285     
   118.299997296899        1.99999955697360     
   118.399997290962        1.99999950748612     
   118.499997285025        1.99999945267438     
   118.599997279089        1.99999939201113     
   118.699997273152        1.99999932492386     
   118.799997267215        1.99999925078816     
   118.899997261278        1.99999916893182     
   118.999997255341        1.99999907862601     
   119.099997249404        1.99999897908402     
   119.199997243468        1.99999886945699     
   119.299997237531        1.99999874883287     
   119.399997231594        1.99999861622949     
   119.499997225657        1.99999847059492     
   119.599997219720        1.99999831080170     
   119.699997213784        1.99999813564365     
   119.799997207847        1.99999794383358     
   119.899997201910        1.99999773399940     
   119.999997195973        1.99999750468151     
   120.099997190036        1.99999573290576     
   120.199997184100        1.99999207769707     
   120.299997178163        1.99998206123335     
   120.399997172226        1.99994837515555     
   120.499997166289        1.99982135380490     
   120.599997160352        1.99931333191404     
   120.699997154415        1.99726091289707     
   120.799997148479        1.98924904048520     
   120.899997142542        1.96037972561031     
   120.999997136605        1.87032195976063     
   121.099997130668        1.65069480789136     
   121.199997124731        1.27631804325563     
   121.299997118795       0.844214451290104     
   121.399997112858       0.481848121476771     
   121.499997106921       0.240277282038380     
   121.599997100984       0.105517848371476     
   121.699997095047       4.139273974230748E-002
   121.799997089110       1.499959874704834E-002
   121.899997083174       5.346847370662951E-003
   121.999997077237       2.061284458759604E-003
   122.099997071300       9.485257990953880E-004
   122.199997065363       5.412479083796905E-004
   122.299997059426       3.680587664928028E-004
   122.399997053490       2.805520023461637E-004
   122.499997047553       2.295670636744063E-004
   122.599997041616       1.968032169865264E-004
   122.699997035679       1.743370038772092E-004
   122.799997029742       1.582179718076150E-004
   122.899997023805       1.462536097083362E-004
   122.999997017869       1.371321477780907E-004
   123.099997011932       1.300254493453254E-004
   123.199997005995       1.243888017427243E-004
   123.299997000058       1.198517425924565E-004
   123.399996994121       1.161550496695055E-004
   123.499996988185       1.131127723944756E-004
   123.599996982248       1.105885452417887E-004
   123.699996976311       1.084803720545662E-004
   123.799996970374       1.067105992779141E-004
   123.899996964437       1.052191565518224E-004
   123.999996958500       1.039589051144476E-004
   124.099996952564       1.028923757574944E-004
   124.199996946627       1.019894410118319E-004
   124.299996940690       1.012256268612677E-004
   124.399996934753       1.005808696016206E-004
   124.499996928816       1.000385873883551E-004
   124.599996922880       9.958497750365595E-005
   124.699996916943       9.920847775583091E-005
   124.799996911006       9.889934878050066E-005
   124.899996905069       9.864934649801384E-005
   124.999996899132       9.845146259016504E-005
   125.099996893195       9.829971686870589E-005
   125.199996887259       9.818898965521457E-005
   125.299996881322       9.811488532623941E-005
   125.399996875385       9.807362036873091E-005
   125.499996869448       9.806193088957995E-005
   125.599996863511       9.807699569911780E-005
   125.699996857575       9.811637196561709E-005
   125.799996851638       9.817794109359209E-005
   125.899996845701       9.825986297244418E-005
   125.999996839764       9.836053712613038E-005
   126.099996833827       9.847856958287815E-005
   126.199996827890       9.861274451146624E-005
   126.299996821954       9.876199984842095E-005
   126.399996816017       9.892540627697279E-005
   126.499996810080       9.910214904013231E-005
   126.599996804143       9.929151214108789E-005
   126.699996798206       9.949286457653069E-005
   126.799996792270       9.970564829327220E-005
   126.899996786333       9.992936761206450E-005
   126.999996780396       1.001635799012225E-004
   127.099996774459       1.004078873157794E-004
   127.199996768522       1.006619294453740E-004
   127.299996762585       1.009253767374937E-004
   127.399996756649       1.011979245823436E-004
   127.499996750712       1.014792879625795E-004
   127.599996744775       1.017691965856285E-004
   127.699996738838       1.020673904289412E-004
   127.799996732901       1.023736156395757E-004
   127.899996726965       1.026876207392509E-004
   127.999996721028       1.030091530946591E-004
   128.099996715091       1.033379556207278E-004
   128.199996709154       1.036737636915467E-004
   128.299996703217       1.040163022402085E-004
   128.399996697280       1.043652830349525E-004
   128.499996691344       1.047204021243783E-004
   128.599996685407       1.050813374499951E-004
   128.699996679470       1.054477466291322E-004
   128.799996673533       1.058192649158318E-004
   128.899996667596       1.061955033518144E-004
   128.999996661660       1.065760471229766E-004
   129.099996655723       1.069604541412660E-004
   129.199996649786       1.073482538724713E-004
   129.299996643849       1.077389464422434E-004
   129.399996637912       1.081320020307458E-004
   129.499996631975       1.085268606028959E-004
   129.599996626039       1.089229319910745E-004
   129.699996620102       1.093195963604799E-004
   129.799996614165       1.097162050839653E-004
   129.899996608228       1.101120820494431E-004
   129.999996602291       1.105065254197726E-004
   130.099996596355       1.108988098599179E-004
   130.199996590418       1.112881892401381E-004
   130.299996584481       1.116738998166199E-004
   130.399996578544       1.120551638827558E-004
   130.499996572607       1.124311938750047E-004
   130.599996566670       1.128011969074463E-004
   130.699996560734       1.131643796986834E-004
   130.799996554797       1.135199538439919E-004
   130.899996548860       1.138671413755171E-004
   130.999996542923       1.142051805429671E-004
   131.099996536986       1.145333317384005E-004
   131.199996531050       1.148508834807623E-004
   131.299996525113       1.151571583696143E-004
   131.399996519176       1.154515189133310E-004
   131.499996513239       1.157333731348242E-004
   131.599996507302       1.160021798581344E-004
   131.699996501365       1.162574535826756E-004
   131.799996495429       1.164987688573767E-004
   131.899996489492       1.167257640720128E-004
   131.999996483555       1.169381446007924E-004
   132.099996477618       1.171356852378580E-004
   132.199996471681       1.173182318710044E-004
   132.299996465745       1.174857024144877E-004
   132.399996459808       1.176380868807890E-004
   132.499996453871       1.177754467261734E-004
   132.599996447934       1.178979134029876E-004
   132.699996441997       1.180056861806765E-004
   132.799996436060       1.180990292807648E-004
   132.899996430124       1.181782683890788E-004
   132.999996424187       1.182437866135160E-004
   133.099996418250       1.182960199669715E-004
   133.199996412313       1.183354524599831E-004
   133.299996406376       1.183626108899881E-004
   133.399996400440       1.183780594162428E-004
   133.499996394503       1.183823940084807E-004
   133.599996388566       1.183762368512556E-004
   133.699996382629       1.183602307855982E-004
   133.799996376692       1.183350338597611E-004
   133.899996370756       1.183013140533092E-004
   133.999996364819       1.182597442335473E-004
   134.099996358882       1.182109973910263E-004
   134.199996352945       1.181557421942671E-004
   134.299996347008       1.180946388924849E-004
   134.399996341071       1.180283355899762E-004
   134.499996335135       1.179574649041555E-004
   134.599996329198       1.178826410137413E-004
   134.699996323261       1.178044570964779E-004
   134.799996317324       1.177234831485095E-004
   134.899996311387       1.176402641753352E-004
   134.999996305451       1.175553187369048E-004
   135.099996299514       1.174691378277772E-004
   135.199996293577       1.173821840703639E-004
   135.299996287640       1.172948911975295E-004
   135.399996281703       1.172076637986134E-004
   135.499996275766       1.171208773046342E-004
   135.599996269830       1.170348781862336E-004
   135.699996263893       1.169499843391792E-004
   135.799996257956       1.168664856331982E-004
   135.899996252019       1.167846446011322E-004
   135.999996246082       1.167046972453033E-004
   136.099996240146       1.166268539418539E-004
   136.199996234209       1.165513004234849E-004
   136.299996228272       1.164781988230631E-004
   136.399996222335       1.164076887625803E-004
   136.499996216398       1.163398884738399E-004
   136.599996210461       1.162748959371859E-004
   136.699996204525       1.162127900285759E-004
   136.799996198588       1.161536316654425E-004
   136.899996192651       1.160974649418457E-004
   136.999996186714       1.160443182476302E-004
   137.099996180777       1.159942053652117E-004
   137.199996174841       1.159471265384276E-004
   137.299996168904       1.159030695112959E-004
   137.399996162967       1.158620105325611E-004
   137.499996157030       1.158239153241121E-004
   137.599996151093       1.157887400119062E-004
   137.699996145156       1.157564320181319E-004
   137.799996139220       1.157269309137062E-004
   137.899996133283       1.157001692321556E-004
   137.999996127346       1.156760732437800E-004
   138.099996121409       1.156545636912683E-004
   138.199996115472       1.156355564872628E-004
   138.299996109536       1.156189633747016E-004
   138.399996103599       1.156046925505149E-004
   138.499996097662       1.155926492549954E-004
   138.599996091725       1.155827363264597E-004
   138.699996085788       1.155748547232544E-004
   138.799996079851       1.155689040143558E-004
   138.899996073915       1.155647828392683E-004
   138.999996067978       1.155623893380852E-004
   139.099996062041       1.155616215545149E-004
   139.199996056104       1.155623778109914E-004
   139.299996050167       1.155645570580879E-004
   139.399996044231       1.155680591986846E-004
   139.499996038294       1.155727853888207E-004
   139.599996032357       1.155786383142011E-004
   139.699996026420       1.155855224457916E-004
   139.799996020483       1.155933442729211E-004
   139.899996014546       1.156020125167541E-004
   139.999996008610       1.156114383229687E-004
   140.099996002673       1.156215354354546E-004
   140.199995996736       1.156322203524552E-004
   140.299995990799       1.156434124631899E-004
   140.399995984862       1.156550341683896E-004
   140.499995978926       1.156670109840794E-004
   140.599995972989       1.156792716282699E-004
   140.699995967052       1.156917480943268E-004
   140.799995961115       1.157043757069424E-004
   140.899995955178       1.157170931652962E-004
   140.999995949241       1.157298425719418E-004
   141.099995943305       1.157425694481402E-004
   141.199995937368       1.157552227386311E-004
   141.299995931431       1.157677547999247E-004
   141.399995925494       1.157801213819577E-004
   141.499995919557       1.157922815961774E-004
   141.599995913621       1.158041978736447E-004
   141.699995907684       1.158158359136500E-004
   141.799995901747       1.158271646234101E-004
   141.899995895810       1.158381560506216E-004
   141.999995889873       1.158487853031146E-004
   142.099995883936       1.158590304699549E-004
   142.199995878000       1.158688725257473E-004
   142.299995872063       1.158782952399387E-004
   142.399995866126       1.158872850700908E-004
   142.499995860189       1.158958310582137E-004
   142.599995854252       1.159039247211104E-004
   142.699995848316       1.159115599352180E-004
   142.799995842379       1.159187328207935E-004
   142.899995836442       1.159254416225764E-004
   142.999995830505       1.159316865904080E-004
   143.099995824568       1.159374698573523E-004
   143.199995818631       1.159427953177501E-004
   143.299995812695       1.159476685052004E-004
   143.399995806758       1.159520964709542E-004
   143.499995800821       1.159560876632896E-004
   143.599995794884       1.159596518096792E-004
   143.699995788947       1.159627997983356E-004
   143.799995783011       1.159655435618364E-004
   143.899995777074       1.159678959649841E-004
   143.999995771137       1.159698706975295E-004
   144.099995765200       1.159714821663685E-004
   144.199995759263       1.159727453886109E-004
   144.299995753326       1.159736758964969E-004
   144.399995747390       1.159742896434653E-004
   144.499995741453       1.159746029043754E-004
   144.599995735516       1.159746321970475E-004
   144.699995729579       1.159743941960108E-004
   144.799995723642       1.159739056490043E-004
   144.899995717706       1.159731833146937E-004
   144.999995711769       1.159722438782053E-004
   145.099995705832       1.159711039006346E-004
   145.199995699895       1.159697797467764E-004
   145.299995693958       1.159682875381265E-004
   145.399995688021       1.159666430952277E-004
   145.499995682085       1.159648618958208E-004
   145.599995676148       1.159629590268912E-004
   145.699995670211       1.159609491541850E-004
   145.799995664274       1.159588464767516E-004
   145.899995658337       1.159566647121409E-004
   145.999995652401       1.159544170527899E-004
   146.099995646464       1.159521161597511E-004
   146.199995640527       1.159497741357062E-004
   146.299995634590       1.159474025063905E-004
   146.399995628653       1.159450122203929E-004
   146.499995622716       1.159426136315131E-004
   146.599995616780       1.159402164912961E-004
   146.699995610843       1.159378299549663E-004
   146.799995604906       1.159354625768600E-004
   146.899995598969       1.159331223110236E-004
   146.999995593032       1.159308165154110E-004
   147.099995587096       1.159285519632461E-004
   147.199995581159       1.159263348497178E-004
   147.299995575222       1.159241708020739E-004
   147.399995569285       1.159220648919511E-004
   147.499995563348       1.159200216494030E-004
   147.599995557411       1.159180450780779E-004
   147.699995551475       1.159161386717638E-004
   147.799995545538       1.159143054317773E-004
   147.899995539601       1.159125478857574E-004
   147.999995533664       1.159108681055994E-004
   148.099995527727       1.159092677288425E-004
   148.199995521791       1.159077479780131E-004
   148.299995515854       1.159063096814401E-004
   148.399995509917       1.159049532938938E-004
   148.499995503980       1.159036789178747E-004
   148.599995498043       1.159024863251383E-004
   148.699995492106       1.159013749802247E-004
   148.799995486170       1.159003440623531E-004
   148.899995480233       1.158993924780873E-004
   148.999995474296       1.158985188866223E-004
   149.099995468359       1.158977217273168E-004
   149.199995462422       1.158969992382227E-004
   149.299995456486       1.158963494580425E-004
   149.399995450549       1.158957702678946E-004
   149.499995444612       1.158952594090412E-004
   149.599995438675       1.158948144721919E-004
   149.699995432738       1.158944329612619E-004
   149.799995426802       1.158941122660445E-004
   149.899995420865       1.158938497044357E-004
   149.999995414928       1.158936425378114E-004
