   95.0999986742407        14368.6327684573     
   95.1999986683039        14368.6327684283     
   95.2999986623671        14368.6327683992     
   95.3999986564303        14368.6327683702     
   95.4999986504935        14368.6327683411     
   95.5999986445566        14368.6327683121     
   95.6999986386198        14368.6327682830     
   95.7999986326830        14368.6327682540     
   95.8999986267462        14368.6327682249     
   95.9999986208094        14368.6327681959     
   96.0999986148725        14368.6327681668     
   96.1999986089357        14368.6327681378     
   96.2999986029989        14368.6327681087     
   96.3999985970621        14368.6327680796     
   96.4999985911253        14368.6327680505     
   96.5999985851885        14368.6327680215     
   96.6999985792516        14368.6327679924     
   96.7999985733148        14368.6327679633     
   96.8999985673780        14368.6327679343     
   96.9999985614412        14368.6327679052     
   97.0999985555044        14368.6327678761     
   97.1999985495676        14368.6327678470     
   97.2999985436307        14368.6327678180     
   97.3999985376939        14368.6327677889     
   97.4999985317571        14368.6327677598     
   97.5999985258203        14368.6327677307     
   97.6999985198835        14368.6327677016     
   97.7999985139466        14368.6327676725     
   97.8999985080098        14368.6327676434     
   97.9999985020730        14368.6327676143     
   98.0999984961362        14368.6327675852     
   98.1999984901994        14368.6327675561     
   98.2999984842626        14368.6327675270     
   98.3999984783257        14368.6327674979     
   98.4999984723889        14368.6327674688     
   98.5999984664521        14368.6327674397     
   98.6999984605153        14368.6327674106     
   98.7999984545785        14368.6327673815     
   98.8999984486417        14368.6327673524     
   98.9999984427048        14368.6327673233     
   99.0999984367680        14368.6327672942     
   99.1999984308312        14368.6327672650     
   99.2999984248944        14368.6327672359     
   99.3999984189576        14368.6327672068     
   99.4999984130207        14368.6327671777     
   99.5999984070839        14368.6327671486     
   99.6999984011471        14368.6327671194     
   99.7999983952103        14368.6327670903     
   99.8999983892735        14368.6327670612     
   99.9999983833367        14368.6327670320     
   100.099998377400        15448.7466733755     
   100.199998371463        16318.6104184402     
   100.299998365526        17054.5786658891     
   100.399998359589        17682.7574715737     
   100.499998353653        18215.5385673415     
   100.599998347716        18666.3942702092     
   100.699998341779        19048.1863731408     
   100.799998335842        19371.9024047781     
   100.899998329905        19646.4763153517     
   100.999998323968        19879.0250339868     
   101.099998318032        20075.1867356406     
   101.199998312095        20239.4738228295     
   101.299998306158        20375.5937345295     
   101.399998300221        20486.6963717475     
   101.499998294284        20575.5370150945     
   101.599998288348        20644.5718129539     
   101.699998282411        20696.0108915103     
   101.799998276474        20731.8489473069     
   101.899998270537        20753.8854039079     
   101.999998264600        20763.7403615551     
   102.099998258663        20762.8690837662     
   102.199998252727        20752.5759597621     
   102.299998246790        20734.0280773464     
   102.399998240853        20708.2682628649     
   102.499998234916        20676.2274036004     
   102.599998228979        20638.7359109889     
   102.699998223043        20596.5342442515     
   102.799998217106        20550.2824689782     
   102.899998211169        20500.5688679200     
   102.999998205232        20447.9176509480     
   103.099998199295        20392.7958296746     
   103.199998193358        20335.6193313795     
   103.299998187422        20276.7584294489     
   103.399998181485        20216.5425653855     
   103.499998175548        20155.2646325968     
   103.599998169611        20093.1847858248     
   103.699998163674        20030.5338332689     
   103.799998157738        19967.5162617425     
   103.899998151801        19904.3129388844     
   103.999998145864        19841.0835307683     
   104.099998139927        19777.9686681380     
   104.199998133990        19715.0918902767     
   104.299998128054        19652.5613913942     
   104.399998122117        19590.4715914633     
   104.499998116180        19528.9045504475     
   104.599998110243        19467.9312425306     
   104.699998104306        19407.6127049058     
   104.799998098369        19348.0010739463     
   104.899998092433        19289.1405200638     
   104.999998086496        19231.0680912852     
   105.099998080559        19173.8144744766     
   105.199998074622        19117.4046821696     
   105.299998068685        19061.8586721105     
   105.399998062749        19007.1919059436     
   105.499998056812        18953.4158527768     
   105.599998050875        18900.5384428314     
   105.699998044938        18848.5644758762     
   105.799998039001        18797.4959886976     
   105.899998033064        18747.3325854734     
   105.999998027128        18698.0717345165     
   106.099998021191        18649.7090346560     
   106.199998015254        18602.2384540608     
   106.299998009317        18555.6525441923     
   106.399998003380        18509.9426312696     
   106.499997997444        18465.0989874256     
   106.599997991507        18421.1109835410     
   106.699997985570        18377.9672255541     
   106.799997979633        18335.6556758888     
   106.899997973696        18294.1637614846     
   106.999997967759        18253.4784697753     
   107.099997961823        18213.5864338514     
   107.199997955886        18174.4740078972     
   107.299997949949        18136.1273339159     
   107.399997944012        18098.5324006483     
   107.499997938075        18061.6750954987     
   107.599997932139        18025.5412502060     
   107.699997926202        17990.1166809339     
   107.799997920265        17955.3872233641     
   107.899997914328        17921.3387633449     
   107.999997908391        17887.9572635681     
   108.099997902454        17855.2287867163     
   108.199997896518        17823.1395154653     
   108.299997890581        17791.6757696893     
   108.399997884644        17760.8240211874     
   108.499997878707        17730.5709062005     
   108.599997872770        17700.9032359775     
   108.699997866834        17671.8080056083     
   108.799997860897        17643.2724013256     
   108.899997854960        17615.2838064463     
   108.999997849023        17587.8298061183     
   109.099997843086        17560.8981910131     
   109.199997837149        17534.4769600774     
   109.299997831213        17508.5543224776     
   109.399997825276        17483.1186988106     
   109.499997819339        17458.1587216898     
   109.599997813402        17433.6632357731     
   109.699997807465        17409.6212973074     
   109.799997801529        17386.0221732515     
   109.899997795592        17362.8553400284     
   109.999997789655        17340.1104819611     
   110.099997783718        17317.7774894302     
   110.199997777781        17295.8464567992     
   110.299997771844        17274.3076801296     
   110.399997765908        17253.1516547289     
   110.499997759971        17232.3690725511     
   110.599997754034        17211.9508194747     
   110.699997748097        17191.8879724792     
   110.799997742160        17172.1717967402     
   110.899997736224        17152.7937426598     
   110.999997730287        17133.7454428424     
   111.099997724350        17115.0187090359     
   111.199997718413        17096.6055290456     
   111.299997712476        17078.4980636300     
   111.399997706539        17060.6886433895     
   111.499997700603        17043.1697656579     
   111.599997694666        17025.9340913981     
   111.699997688729        17008.9744421120     
   111.799997682792        16992.2837967710     
   111.899997676855        16975.8552887676     
   111.999997670919        16959.6822028951     
   112.099997664982        16943.7579723589     
   112.199997659045        16928.0761758256     
   112.299997653108        16912.6305344986     
   112.399997647171        16897.4149092440     
   112.499997641234        16882.4232977520     
   112.599997635298        16867.6498317420     
   112.699997629361        16853.0887742107     
   112.799997623424        16838.7345167298     
   112.899997617487        16824.5815767821     
   112.999997611550        16810.6245951523     
   113.099997605614        16796.8583333584     
   113.199997599677        16783.2776711371     
   113.299997593740        16769.8776039717     
   113.399997587803        16756.6532406700     
   113.499997581866        16743.5998009921     
   113.599997575929        16730.7126133222     
   113.699997569993        16717.9871123913     
   113.799997564056        16705.4188370449     
   113.899997558119        16693.0034280605     
   113.999997552182        16680.7366260085     
   114.099997546245        16668.6142691608     
   114.199997540309        16656.6322914457     
   114.299997534372        16644.7867204460     
   114.399997528435        16633.0736754422     
   114.499997522498        16621.4893655011     
   114.599997516561        16610.0300876037     
   114.699997510624        16598.6922248190     
   114.799997504688        16587.4722445194     
   114.899997498751        16576.3666966325     
   114.999997492814        16565.3722119396     
   115.099997486877        16554.4855004092     
   115.199997480940        16543.7033495703     
   115.299997475004        16533.0226229233     
   115.399997469067        16522.4402583896     
   115.499997463130        16511.9532667963     
   115.599997457193        16501.5587303958     
   115.699997451256        16491.2538014209     
   115.799997445319        16481.0357006753     
   115.899997439383        16470.9017161557     
   115.999997433446        16460.8492017073     
   116.099997427509        16450.8755757097     
   116.199997421572        16440.9783197964     
   116.299997415635        16431.1549776021     
   116.399997409699        16421.4031535410     
   116.499997403762        16411.7205116140     
   116.599997397825        16402.1047742441     
   116.699997391888        16392.5537211377     
   116.799997385951        16383.0651881742     
   116.899997380014        16373.6370663232     
   116.999997374078        16364.2673005832     
   117.099997368141        16354.9538889483     
   117.199997362204        16345.6948813986     
   117.299997356267        16336.4883789127     
   117.399997350330        16327.3325325042     
   117.499997344394        16318.2255422811     
   117.599997338457        16309.1656565253     
   117.699997332520        16300.1511707947     
   117.799997326583        16291.1804270447     
   117.899997320646        16282.2518127706     
   117.999997314709        16273.3637601684     
   118.099997308773        16264.5147453164     
   118.199997302836        16255.7032873721     
   118.299997296899        16246.9279477902     
   118.399997290962        16238.1873295554     
   118.499997285025        16229.4800764330     
   118.599997279089        16220.8048722368     
   118.699997273152        16212.1604401107     
   118.799997267215        16203.5455418272     
   118.899997261278        16194.9589771005     
   118.999997255341        16186.3995829129     
   119.099997249404        16177.8662328593     
   119.199997243468        16169.3578364972     
   119.299997237531        16160.8733387199     
   119.399997231594        16152.4117191336     
   119.499997225657        16143.9719914520     
   119.599997219720        16135.5532029025     
   119.699997213784        16127.1544336404     
   119.799997207847        16118.7747961780     
   119.899997201910        16110.4134348228     
   119.999997195973        16102.0695251268     
   120.099997190036        16093.7422733442     
   120.199997184100        16085.4309159002     
   120.299997178163        16077.1347188713     
   120.399997172226        16068.8529774696     
   120.499997166289        16060.5850155371     
   120.599997160352        16052.3301850561     
   120.699997154415        16044.0878656528     
   120.799997148479        16035.8574641225     
   120.899997142542        16027.6384139586     
   120.999997136605        16019.4301748806     
   121.099997130668        16011.2322323795     
   121.199997124731        16003.0440972668     
   121.299997118795        15994.8653052276     
   121.399997112858        15986.6954163808     
   121.499997106921        15978.5340148458     
   121.599997100984        15970.3807083139     
   121.699997095047        15962.2351276268     
   121.799997089110        15954.0969263607     
   121.899997083174        15945.9657804136     
   121.999997077237        15937.8413875898     
   122.099997071300        15929.7234672059     
   122.199997065363        15921.6117597001     
   122.299997059426        15913.5060262043     
   122.399997053490        15905.4060482068     
   122.499997047553        15897.3116271006     
   122.599997041616        15889.2225838716     
   122.699997035679        15881.1387586539     
   122.799997029742        15873.0600103891     
   122.899997023805        15864.9862164645     
   122.999997017869        15856.9172723089     
   123.099997011932        15848.8530910318     
   123.199997005995        15840.7936030825     
   123.299997000058        15832.7387558896     
   123.399996994121        15824.6885134787     
   123.499996988185        15816.6428561059     
   123.599996982248        15808.6017799323     
   123.699996976311        15800.5652966919     
   123.799996970374        15792.5334332906     
   123.899996964437        15784.5062314853     
   123.999996958500        15776.4837475367     
   124.099996952564        15768.4660518691     
   124.199996946627        15760.4532287384     
   124.299996940690        15752.4453758522     
   124.399996934753        15744.4426040688     
   124.499996928816        15736.4450370639     
   124.599996922880        15728.4528109995     
   124.699996916943        15720.4660741443     
   124.799996911006        15712.4849865998     
   124.899996905069        15704.5097199628     
   124.999996899132        15696.5404569517     
   125.099996893195        15688.5773911547     
   125.199996887259        15680.6207266350     
   125.299996881322        15672.6706776689     
   125.399996875385        15664.7274683763     
   125.499996869448        15656.7913324474     
   125.599996863511        15648.8625127807     
   125.699996857575        15640.9412612175     
   125.799996851638        15633.0278381782     
   125.899996845701        15625.1225123939     
   125.999996839764        15617.2255605751     
   126.099996833827        15609.3372671000     
   126.199996827890        15601.4579237321     
   126.299996821954        15593.5878292939     
   126.399996816017        15585.7272893704     
   126.499996810080        15577.8766160206     
   126.599996804143        15570.0361274725     
   126.699996798206        15562.2061478210     
   126.799996792270        15554.3870067445     
   126.899996786333        15546.5790392146     
   126.999996780396        15538.7825852042     
   127.099996774459        15530.9979893975     
   127.199996768522        15523.2256009114     
   127.299996762585        15515.4657730146     
   127.399996756649        15507.7188628495     
   127.499996750712        15499.9852311538     
   127.599996744775        15492.2652419863     
   127.699996738838        15484.5592624582     
   127.799996732901        15476.8676624662     
   127.899996726965        15469.1908144269     
   127.999996721028        15461.5290930159     
   128.099996715091        15453.8828749089     
   128.199996709154        15446.2525385241     
   128.299996703217        15438.6384637712     
   128.399996697280        15431.0410318020     
   128.499996691344        15423.4606247649     
   128.599996685407        15415.8976255625     
   128.699996679470        15408.3524176125     
   128.799996673533        15400.8253846123     
   128.899996667596        15393.3169103068     
   128.999996661660        15385.8273782595     
   129.099996655723        15378.3571716282     
   129.199996649786        15370.9066729440     
   129.299996643849        15363.4762638952     
   129.399996637912        15356.0663251133     
   129.499996631975        15348.6772359647     
   129.599996626039        15341.3093743446     
   129.699996620102        15333.9631164773     
   129.799996614165        15326.6388367162     
   129.899996608228        15319.3369073521     
   129.999996602291        15312.0576984249     
   130.099996596355        15304.8015775389     
   130.199996590418        15297.5689096825     
   130.299996584481        15290.3600570542     
   130.399996578544        15283.1753788870     
   130.499996572607        15276.0152312817     
   130.599996566670        15268.8799670440     
   130.699996560734        15261.7699355283     
   130.799996554797        15254.6854824836     
   130.899996548860        15247.6269499033     
   130.999996542923        15240.5946758744     
   131.099996536986        15233.5889944416     
   131.199996531050        15226.6102354733     
   131.299996525113        15219.6587245314     
   131.399996519176        15212.7347827328     
   131.499996513239        15205.8387266337     
   131.599996507302        15198.9708681172     
   131.699996501365        15192.1315142750     
   131.799996495429        15185.3209672884     
   131.899996489492        15178.5395243379     
   131.999996483555        15171.7874775053     
   132.099996477618        15165.0651136552     
   132.199996471681        15158.3727143676     
   132.299996465745        15151.7105558484     
   132.399996459808        15145.0789088239     
   132.499996453871        15138.4780384980     
   132.599996447934        15131.9082044499     
   132.699996441997        15125.3696605732     
   132.799996436060        15118.8626550277     
   132.899996430124        15112.3874301400     
   132.999996424187        15105.9442223994     
   133.099996418250        15099.5332623461     
   133.199996412313        15093.1547745846     
   133.299996406376        15086.8089776778     
   133.399996400440        15080.4960841689     
   133.499996394503        15074.2163004815     
   133.599996388566        15067.9698269549     
   133.699996382629        15061.7568577436     
   133.799996376692        15055.5775808668     
   133.899996370756        15049.4321781199     
   133.999996364819        15043.3208251054     
   134.099996358882        15037.2436912078     
   134.199996352945        15031.2009395535     
   134.299996347008        15025.1927270632     
   134.399996341071        15019.2192043925     
   134.499996335135        15013.2805159538     
   134.599996329198        15007.3767999472     
   134.699996323261        15001.5081883216     
   134.799996317324        14995.6748068016     
   134.899996311387        14989.8767749221     
   134.999996305451        14984.1142060376     
   135.099996299514        14978.3872072996     
   135.199996293577        14972.6958797301     
   135.299996287640        14967.0403182324     
   135.399996281703        14961.4206116285     
   135.499996275766        14955.8368426532     
   135.599996269830        14950.2890880122     
   135.699996263893        14944.7774184273     
   135.799996257956        14939.3018986637     
   135.899996252019        14933.8625875726     
   135.999996246082        14928.4595381400     
   136.099996240146        14923.0927975233     
   136.199996234209        14917.7624070787     
   136.299996228272        14912.4684024483     
   136.399996222335        14907.2108135965     
   136.499996216398        14901.9896648626     
   136.599996210461        14896.8049750153     
   136.699996204525        14891.6567573122     
   136.799996198588        14886.5450195565     
   136.899996192651        14881.4697641630     
   136.999996186714        14876.4309882131     
   137.099996180777        14871.4286835006     
   137.199996174841        14866.4628366271     
   137.299996168904        14861.5334290580     
   137.399996162967        14856.6404371875     
   137.499996157030        14851.7838324086     
   137.599996151093        14846.9635811824     
   137.699996145156        14842.1796451060     
   137.799996139220        14837.4319809869     
   137.899996133283        14832.7205409102     
   137.999996127346        14828.0452723097     
   138.099996121409        14823.4061180739     
   138.199996115472        14818.8030165867     
   138.299996109536        14814.2359018073     
   138.399996103599        14809.7047033512     
   138.499996097662        14805.2093465666     
   138.599996091725        14800.7497526026     
   138.699996085788        14796.3258385052     
   138.799996079851        14791.9375173034     
   138.899996073915        14787.5846980541     
   138.999996067978        14783.2672859366     
   139.099996062041        14778.9851823186     
   139.199996056104        14774.7382848708     
   139.299996050167        14770.5264876255     
   139.399996044231        14766.3496810424     
   139.499996038294        14762.2077520865     
   139.599996032357        14758.1005843391     
   139.699996026420        14754.0280580629     
   139.799996020483        14749.9900502605     
   139.899996014546        14745.9864347550     
   139.999996008610        14742.0170823163     
   140.099996002673        14738.0818606880     
   140.199995996736        14734.1806346635     
   140.299995990799        14730.3132662068     
   140.399995984862        14726.4796145045     
   140.499995978926        14722.6795360195     
   140.599995972989        14718.9128846100     
   140.699995967052        14715.1795115927     
   140.799995961115        14711.4792657851     
   140.899995955178        14707.8119936301     
   140.999995949241        14704.1775392487     
   141.099995943305        14700.5757444857     
   141.199995937368        14697.0064490431     
   141.299995931431        14693.4694905049     
   141.399995925494        14689.9647044071     
   141.499995919557        14686.4919243611     
   141.599995913621        14683.0509820553     
   141.699995907684        14679.6417073728     
   141.799995901747        14676.2639284541     
   141.899995895810        14672.9174717286     
   141.999995889873        14669.6021620473     
   142.099995883936        14666.3178226841     
   142.199995878000        14663.0642754417     
   142.299995872063        14659.8413407142     
   142.399995866126        14656.6488375162     
   142.499995860189        14653.4865836096     
   142.599995854252        14650.3543954946     
   142.699995848316        14647.2520885310     
   142.799995842379        14644.1794769654     
   142.899995836442        14641.1363739909     
   142.999995830505        14638.1225918407     
   143.099995824568        14635.1379417863     
   143.199995818631        14632.1822342676     
   143.299995812695        14629.2552788771     
   143.399995806758        14626.3568844750     
   143.499995800821        14623.4868592054     
   143.599995794884        14620.6450105620     
   143.699995788947        14617.8311454561     
   143.799995783011        14615.0450702276     
   143.899995777074        14612.2865907573     
   143.999995771137        14609.5555124441     
   144.099995765200        14606.8516403277     
   144.199995759263        14604.1747790702     
   144.299995753326        14601.5247330559     
   144.399995747390        14598.9013064039     
   144.499995741453        14596.3043030249     
   144.599995735516        14593.7335266774     
   144.699995729579        14591.1887809764     
   144.799995723642        14588.6698694910     
   144.899995717706        14586.1765957173     
   144.999995711769        14583.7087631935     
   145.099995705832        14581.2661754672     
   145.199995699895        14578.8486361988     
   145.299995693958        14576.4559491491     
   145.399995688021        14574.0879182482     
   145.499995682085        14571.7443476219     
   145.599995676148        14569.4250416138     
   145.699995670211        14567.1298048561     
   145.799995664274        14564.8584422476     
   145.899995658337        14562.6107590561     
   145.999995652401        14560.3865608757     
   146.099995646464        14558.1856537291     
   146.199995640527        14556.0078440383     
   146.299995634590        14553.8529386962     
   146.399995628653        14551.7207450762     
   146.499995622716        14549.6110710530     
   146.599995616780        14547.5237250636     
   146.699995610843        14545.4585160781     
   146.799995604906        14543.4152536952     
   146.899995598969        14541.3937480939     
   146.999995593032        14539.3938101224     
   147.099995587096        14537.4152512756     
   147.199995581159        14535.4578837374     
   147.299995575222        14533.5215204135     
   147.399995569285        14531.6059749117     
   147.499995563348        14529.7110616273     
   147.599995557411        14527.8365956890     
   147.699995551475        14525.9823930447     
   147.799995545538        14524.1482704350     
   147.899995539601        14522.3340454241     
   147.999995533664        14520.5395364398     
   148.099995527727        14518.7645627371     
   148.199995521791        14517.0089444847     
   148.299995515854        14515.2725027129     
   148.399995509917        14513.5550593725     
   148.499995503980        14511.8564373407     
   148.599995498043        14510.1764604033     
   148.699995492106        14508.5149533311     
   148.799995486170        14506.8717418210     
   148.899995480233        14505.2466525602     
   148.999995474296        14503.6395132224     
   149.099995468359        14502.0501524501     
   149.199995462422        14500.4783999281     
   149.299995456486        14498.9240863249     
   149.399995450549        14497.3870433433     
   149.499995444612        14495.8671037320     
   149.599995438675        14494.3641012500     
   149.699995432738        14492.8778707400     
   149.799995426802        14491.4082480835     
   149.899995420865        14489.9550702147     
   149.999995414928        14488.5181751709     
