   95.0999986742407       8.022482599406093E-002
   95.1999986683039       8.022482575365232E-002
   95.2999986623671       8.022482551322804E-002
   95.3999986564303       8.022482527278813E-002
   95.4999986504935       8.022482503233233E-002
   95.5999986445566       8.022482479186097E-002
   95.6999986386198       8.022482455137395E-002
   95.7999986326830       8.022482431087113E-002
   95.8999986267462       8.022482407035270E-002
   95.9999986208094       8.022482382981849E-002
   96.0999986148725       8.022482358926854E-002
   96.1999986089357       8.022482334870300E-002
   96.2999986029989       8.022482310812162E-002
   96.3999985970621       8.022482286752464E-002
   96.4999985911253       8.022482262691176E-002
   96.5999985851885       8.022482238628341E-002
   96.6999985792516       8.022482214563918E-002
   96.7999985733148       8.022482190497933E-002
   96.8999985673780       8.022482166430360E-002
   96.9999985614412       8.022482142361227E-002
   97.0999985555044       8.022482118290518E-002
   97.1999985495676       8.022482094218239E-002
   97.2999985436307       8.022482070144388E-002
   97.3999985376939       8.022482046068960E-002
   97.4999985317571       8.022482021991958E-002
   97.5999985258203       8.022481997913403E-002
   97.6999985198835       8.022481973833247E-002
   97.7999985139466       8.022481949751534E-002
   97.8999985080098       8.022481925668229E-002
   97.9999985020730       8.022481901583374E-002
   98.0999984961362       8.022481877496927E-002
   98.1999984901994       8.022481853408914E-002
   98.2999984842626       8.022481829319326E-002
   98.3999984783257       8.022481805228170E-002
   98.4999984723889       8.022481781135421E-002
   98.5999984664521       8.022481757041108E-002
   98.6999984605153       8.022481732945232E-002
   98.7999984545785       8.022481708847769E-002
   98.8999984486417       8.022481684748738E-002
   98.9999984427048       8.022481660648112E-002
   99.0999984367680       8.022481636545936E-002
   99.1999984308312       8.022481612442164E-002
   99.2999984248944       8.022481588336831E-002
   99.3999984189576       8.022481564229912E-002
   99.4999984130207       8.022481540121418E-002
   99.5999984070839       8.022481516011358E-002
   99.6999984011471       8.022481491899709E-002
   99.7999983952103       8.022481467786492E-002
   99.8999983892735       8.022481443671751E-002
   99.9999983833367       8.022481419555470E-002
   100.099998377400       8.343899600684676E-002
   100.199998371463       9.128127060111040E-002
   100.299998365526       0.103448189413317     
   100.399998359589       0.120599095601819     
   100.499998353653       0.143952019610830     
   100.599998347716       0.174992796093491     
   100.699998341779       0.214765623716009     
   100.799998335842       0.262544423322566     
   100.899998329905       0.314507273998133     
   100.999998323968       0.363979503589174     
   101.099998318032       0.403903532243516     
   101.199998312095       0.429720899394989     
   101.299998306158       0.440478174566671     
   101.399998300221       0.438034603520147     
   101.499998294284       0.425598033346216     
   101.599998288348       0.406546060000632     
   101.699998282411       0.383790192049830     
   101.799998276474       0.359561110346055     
   101.899998270537       0.335424907688403     
   101.999998264600       0.312393319576087     
   102.099998258663       0.291054304238312     
   102.199998252727       0.271691161793629     
   102.299998246790       0.254379967476790     
   102.399998240853       0.239064453290545     
   102.499998234916       0.225610902537447     
   102.599998228979       0.213846596489514     
   102.699998223043       0.203585399723803     
   102.799998217106       0.194643747612554     
   102.899998211169       0.186849804671947     
   102.999998205232       0.180048001268927     
   103.099998199295       0.174100608979076     
   103.199998193358       0.168887537283130     
   103.299998187422       0.164305152389425     
   103.399998181485       0.160264634335623     
   103.499998175548       0.156690188210443     
   103.599998169611       0.153517291007679     
   103.699998163674       0.150691069341818     
   103.799998157738       0.148164850119831     
   103.899998151801       0.145898895048000     
   103.999998145864       0.143859312616491     
   104.099998139927       0.142017132588098     
   104.199998133990       0.140347524526005     
   104.299998128054       0.138829141319544     
   104.399998122117       0.137443569641860     
   104.499998116180       0.136174870984920     
   104.599998110243       0.135009198889613     
   104.699998104306       0.133934479962655     
   104.799998098369       0.132940148111242     
   104.899998092433       0.132016923071906     
   104.999998086496       0.131156625745315     
   105.099998080559       0.130352024078812     
   105.199998074622       0.129596704280931     
   105.299998068685       0.128884963028539     
   105.399998062749       0.128211717060692     
   105.499998056812       0.127572427163779     
   105.599998050875       0.126963034061483     
   105.699998044938       0.126379904145191     
   105.799998039001       0.125819783332203     
   105.899998033064       0.125279757630694     
   105.999998027128       0.124757219234087     
   106.099998021191       0.124249837170115     
   106.199998015254       0.123755531699060     
   106.299998009317       0.123272451797537     
   106.399998003380       0.122798955182358     
   106.499997997444       0.122333590428544     
   106.599997991507       0.121875080818482     
   106.699997985570       0.121422309628943     
   106.799997979633       0.120974306620557     
   106.899997973696       0.120530235542862     
   106.999997967759       0.120089382507941     
   107.099997961823       0.119651145118568     
   107.199997955886       0.119215022263780     
   107.299997949949       0.118780604516174     
   107.399997944012       0.118347565082615     
   107.499997938075       0.117915651273290     
   107.599997932139       0.117484676464239     
   107.699997926202       0.117054512535925     
   107.799997920265       0.116625082775617     
   107.899997914328       0.116196355234661     
   107.999997908391       0.115768336533642     
   108.099997902454       0.115341066109065     
   108.199997896518       0.114914610894975     
   108.299997890581       0.114489060432101     
   108.399997884644       0.114064522395793     
   108.499997878707       0.113641118532402     
   108.599997872770       0.113218980992087     
   108.699997866834       0.112798249044274     
   108.799997860897       0.112379066160387     
   108.899997854960       0.111961577446952     
   108.999997849023       0.111545927410901     
   109.099997843086       0.111132258037882     
   109.199997837149       0.110720707163503     
   109.299997831213       0.110311407117000     
   109.399997825276       0.109904483616420     
   109.499997819339       0.109500054894507     
   109.599997813402       0.109098231034480     
   109.699997807465       0.108699113495450     
   109.799997801529       0.108302794807654     
   109.899997795592       0.107909358418462     
   109.999997789655       0.107518878670959     
   110.099997783718       0.107131420897774     
   110.199997777781       0.106747041613939     
   110.299997771844       0.106365788793557     
   110.399997765908       0.105987702216178     
   110.499997759971       0.105612813869924     
   110.599997754034       0.105241148399494     
   110.699997748097       0.104872723588259     
   110.799997742160       0.104507550864775     
   110.899997736224       0.104145635825017     
   110.999997730287       0.103786978762670     
   111.099997724350       0.103431575200704     
   111.199997718413       0.103079416418373     
   111.299997712476       0.102730489968574     
   111.399997706539       0.102384780181275     
   111.499997700603       0.102042268649413     
   111.599997694666       0.101702934694295     
   111.699997688729       0.101366755808160     
   111.799997682792       0.101033708072011     
   111.899997676855       0.100703766547383     
   111.999997670919       0.100376905641038     
   112.099997664982       0.100053099442101     
   112.199997659045       9.973232203119702E-002
   112.299997653108       9.941454776186034E-002
   112.399997647171       9.909975151429071E-002
   112.499997641234       9.878790892206343E-002
   112.599997635298       9.847899657235813E-002
   112.699997629361       9.817299218058277E-002
   112.799997623424       9.786987474032935E-002
   112.899997617487       9.756962464965195E-002
   112.999997611550       9.727222381481734E-002
   113.099997605614       9.697765573266293E-002
   113.199997599677       9.668590555278714E-002
   113.299997593740       9.639696012079270E-002
   113.399997587803       9.611080800383773E-002
   113.499997581866       9.582743949974055E-002
   113.599997575929       9.554684663084720E-002
   113.699997569993       9.526902312396263E-002
   113.799997564056       9.499396437746287E-002
   113.899997558119       9.472166741679949E-002
   113.999997552182       9.445213083953086E-002
   114.099997546245       9.418535475098785E-002
   114.199997540309       9.392134069162246E-002
   114.299997534372       9.366009155705848E-002
   114.399997528435       9.340161151183179E-002
   114.499997522498       9.314590589773414E-002
   114.599997516561       9.289298113761511E-002
   114.699997510624       9.264284463557040E-002
   114.799997504688       9.239550467416735E-002
   114.899997498751       9.215097030955162E-002
   114.999997492814       9.190925126508845E-002
   115.099997486877       9.167035782418011E-002
   115.199997480940       9.143430072288461E-002
   115.299997475004       9.120109104286712E-002
   115.399997469067       9.097074010522942E-002
   115.499997463130       9.074325936566503E-002
   115.599997457193       9.051866031139764E-002
   115.699997451256       9.029695436028283E-002
   115.799997445319       9.007815276244359E-002
   115.899997439383       8.986226650476040E-002
   115.999997433446       8.964930621849956E-002
   116.099997427509       8.943928209035355E-002
   116.199997421572       8.923220377709910E-002
   116.299997415635       8.902808032408918E-002
   116.399997409699       8.882692008772952E-002
   116.499997403762       8.862873066210131E-002
   116.599997397825       8.843351880981937E-002
   116.699997391888       8.824129039726480E-002
   116.799997385951       8.805205033421171E-002
   116.899997380014       8.786580251792604E-002
   116.999997374078       8.768254978177124E-002
   117.099997368141       8.750229384831223E-002
   117.199997362204       8.732503528693009E-002
   117.299997356267       8.715077347592211E-002
   117.399997350330       8.697950656904768E-002
   117.499997344394       8.681123146647148E-002
   117.599997338457       8.664594379004666E-002
   117.699997332520       8.648363786286033E-002
   117.799997326583       8.632430669296097E-002
   117.899997320646       8.616794196117139E-002
   117.999997314709       8.601453401288185E-002
   118.099997308773       8.586407185373041E-002
   118.199997302836       8.571654314903508E-002
   118.299997296899       8.557193422686737E-002
   118.399997290962       8.543023008461925E-002
   118.499997285025       8.529141439899779E-002
   118.599997279089       8.515546953916210E-002
   118.699997273152       8.502237658310310E-002
   118.799997267215       8.489211533683079E-002
   118.899997261278       8.476466435649442E-002
   118.999997255341       8.464000097309977E-002
   119.099997249404       8.451810131983702E-002
   119.199997243468       8.439894036164154E-002
   119.299997237531       8.428249192712181E-002
   119.399997231594       8.416872874249012E-002
   119.499997225657       8.405762246744339E-002
   119.599997219720       8.394914373283172E-002
   119.699997213784       8.384326217996138E-002
   119.799997207847       8.373994650139430E-002
   119.899997201910       8.363916448310073E-002
   119.999997195973       8.354088304782725E-002
   120.099997190036       8.344506829953359E-002
   120.199997184100       8.335168556877488E-002
   120.299997178163       8.326069945888243E-002
   120.399997172226       8.317207389282023E-002
   120.499997166289       8.308577216058161E-002
   120.599997160352       8.300175696703711E-002
   120.699997154415       8.291999048002172E-002
   120.799997148479       8.284043437866359E-002
   120.899997142542       8.276304990174729E-002
   120.999997136605       8.268779789602919E-002
   121.099997130668       8.261463886440860E-002
   121.199997124731       8.254353301383234E-002
   121.299997118795       8.247444030284513E-002
   121.399997112858       8.240732048867511E-002
   121.499997106921       8.234213317376608E-002
   121.599997100984       8.227883785167737E-002
   121.699997095047       8.221739395225329E-002
   121.799997089110       8.215776088598233E-002
   121.899997083174       8.209989808747807E-002
   121.999997077237       8.204376505798198E-002
   122.099997071300       8.198932140687372E-002
   122.199997065363       8.193652689205745E-002
   122.299997059426       8.188534145921161E-002
   122.399997053490       8.183572527981038E-002
   122.499997047553       8.178763878792718E-002
   122.599997041616       8.174104271566374E-002
   122.699997035679       8.169589812728592E-002
   122.799997029742       8.165216645193878E-002
   122.899997023805       8.160980951493117E-002
   122.999997017869       8.156878956758370E-002
   123.099997011932       8.152906931557248E-002
   123.199997005995       8.149061194578297E-002
   123.299997000058       8.145338115162204E-002
   123.399996994121       8.141734115682055E-002
   123.499996988185       8.138245673765825E-002
   123.599996982248       8.134869324365947E-002
   123.699996976311       8.131601661672312E-002
   123.799996970374       8.128439340871139E-002
   123.899996964437       8.125379079747772E-002
   123.999996958500       8.122417660138588E-002
   124.099996952564       8.119551929227263E-002
   124.199996946627       8.116778800693947E-002
   124.299996940690       8.114095255714456E-002
   124.399996934753       8.111498343813242E-002
   124.499996928816       8.108985183573640E-002
   124.599996922880       8.106552963207067E-002
   124.699996916943       8.104198940986952E-002
   124.799996911006       8.101920445546031E-002
   124.899996905069       8.099714876046459E-002
   124.999996899132       8.097579702223112E-002
   125.099996893195       8.095512464304527E-002
   125.199996887259       8.093510772817833E-002
   125.299996881322       8.091572308280487E-002
   125.399996875385       8.089694820783958E-002
   125.499996869448       8.087876129473964E-002
   125.599996863511       8.086114121933222E-002
   125.699996857575       8.084406753470980E-002
   125.799996851638       8.082752046324684E-002
   125.899996845701       8.081148088778586E-002
   125.999996839764       8.079593034205537E-002
   126.099996833827       8.078085100035683E-002
   126.199996827890       8.076622566659797E-002
   126.299996821954       8.075203776269804E-002
   126.399996816017       8.073827131643686E-002
   126.499996810080       8.072491094878852E-002
   126.599996804143       8.071194186079723E-002
   126.699996798206       8.069934982004844E-002
   126.799996792270       8.068712114677429E-002
   126.899996786333       8.067524269966145E-002
   126.999996780396       8.066370186137650E-002
   127.099996774459       8.065248652389827E-002
   127.199996768522       8.064158507366591E-002
   127.299996762585       8.063098637660523E-002
   127.399996756649       8.062067976306846E-002
   127.499996750712       8.061065501273418E-002
   127.599996744775       8.060090233949707E-002
   127.699996738838       8.059141237638955E-002
   127.799996732901       8.058217616058252E-002
   127.899996726965       8.057318511846578E-002
   127.999996721028       8.056443105087693E-002
   128.099996715091       8.055590611849114E-002
   128.199996709154       8.054760282739289E-002
   128.299996703217       8.053951401486605E-002
   128.399996697280       8.053163283542540E-002
   128.499996691344       8.052395274711154E-002
   128.599996685407       8.051646749805724E-002
   128.699996679470       8.050917111336062E-002
   128.799996673533       8.050205788227659E-002
   128.899996667596       8.049512234572768E-002
   128.999996661660       8.048835928416891E-002
   129.099996655723       8.048176370579756E-002
   129.199996649786       8.047533083513271E-002
   129.299996643849       8.046905610195913E-002
   129.399996637912       8.046293513064944E-002
   129.499996631975       8.045696372987456E-002
   129.599996626039       8.045113788268383E-002
   129.699996620102       8.044545373698543E-002
   129.799996614165       8.043990759640519E-002
   129.899996608228       8.043449591153287E-002
   129.999996602291       8.042921527155038E-002
   130.099996596355       8.042406239624349E-002
   130.199996590418       8.041903412838580E-002
   130.299996584481       8.041412742649864E-002
   130.399996578544       8.040933935797411E-002
   130.499996572607       8.040466709255351E-002
   130.599996566670       8.040010789616071E-002
   130.699996560734       8.039565912507915E-002
   130.799996554797       8.039131822045900E-002
   130.899996548860       8.038708270315340E-002
   130.999996542923       8.038295016886493E-002
   131.099996536986       8.037891828360488E-002
   131.199996531050       8.037498477943926E-002
   131.299996525113       8.037114745052221E-002
   131.399996519176       8.036740414940356E-002
   131.499996513239       8.036375278359523E-002
   131.599996507302       8.036019131239293E-002
   131.699996501365       8.035671774393084E-002
   131.799996495429       8.035333013247126E-002
   131.899996489492       8.035002657590574E-002
   131.999996483555       8.034680521346357E-002
   132.099996477618       8.034366422361390E-002
   132.199996471681       8.034060182215498E-002
   132.299996465745       8.033761626047160E-002
   132.399996459808       8.033470582395577E-002
   132.499996453871       8.033186883057687E-002
   132.599996447934       8.032910362960463E-002
   132.699996441997       8.032640860044461E-002
   132.799996436060       8.032378215160925E-002
   132.899996430124       8.032122271980509E-002
   132.999996424187       8.031872876910434E-002
   133.099996418250       8.031629879023498E-002
   133.199996412313       8.031393129994506E-002
   133.299996406376       8.031162484043884E-002
   133.399996400440       8.030937797891169E-002
   133.499996394503       8.030718930710601E-002
   133.599996388566       8.030505744097603E-002
   133.699996382629       8.030298102035079E-002
   133.799996376692       8.030095870869405E-002
   133.899996370756       8.029898919284545E-002
   133.999996364819       8.029707118286181E-002
   134.099996358882       8.029520341181207E-002
   134.199996352945       8.029338463567642E-002
   134.299996347008       8.029161363318260E-002
   134.399996341071       8.028988920573576E-002
   134.499996335135       8.028821017729214E-002
   134.599996329198       8.028657539428646E-002
   134.699996323261       8.028498372555436E-002
   134.799996317324       8.028343406222405E-002
   134.899996311387       8.028192531767715E-002
   134.999996305451       8.028045642742289E-002
   135.099996299514       8.027902634903269E-002
   135.199996293577       8.027763406205440E-002
   135.299996287640       8.027627856787121E-002
   135.399996281703       8.027495888963002E-002
   135.499996275766       8.027367407210859E-002
   135.599996269830       8.027242318155246E-002
   135.699996263893       8.027120530556682E-002
   135.799996257956       8.027001955295325E-002
   135.899996252019       8.026886505350464E-002
   135.999996246082       8.026774095785161E-002
   136.099996240146       8.026664643727101E-002
   136.199996234209       8.026558068345165E-002
   136.299996228272       8.026454290825898E-002
   136.399996222335       8.026353234353979E-002
   136.499996216398       8.026254824085460E-002
   136.599996210461       8.026158987119095E-002
   136.699996204525       8.026065652470181E-002
   136.799996198588       8.025974751044862E-002
   136.899996192651       8.025886215608224E-002
   136.999996186714       8.025799980752926E-002
   137.099996180777       8.025715982867120E-002
   137.199996174841       8.025634160105545E-002
   137.299996168904       8.025554452355081E-002
   137.399996162967       8.025476801200000E-002
   137.499996157030       8.025401149886192E-002
   137.599996151093       8.025327443287535E-002
   137.699996145156       8.025255627872969E-002
   137.799996139220       8.025185651668244E-002
   137.899996133283       8.025117464219912E-002
   137.999996127346       8.025051016558567E-002
   138.099996121409       8.024986261160978E-002
   138.199996115472       8.024923151917750E-002
   138.299996109536       8.024861644094827E-002
   138.399996103599       8.024801694296840E-002
   138.499996097662       8.024743260429949E-002
   138.599996091725       8.024686301665915E-002
   138.699996085788       8.024630778404833E-002
   138.799996079851       8.024576652242672E-002
   138.899996073915       8.024523885935841E-002
   138.999996067978       8.024472443364590E-002
   139.099996062041       8.024422289499321E-002
   139.199996056104       8.024373390366719E-002
   139.299996050167       8.024325713015917E-002
   139.399996044231       8.024279225484587E-002
   139.499996038294       8.024233896769131E-002
   139.599996032357       8.024189696794801E-002
   139.699996026420       8.024146596382131E-002
   139.799996020483       8.024104567218088E-002
   139.899996014546       8.024063581825891E-002
   139.999996008610       8.024023613537787E-002
   140.099996002673       8.023984636464791E-002
   140.199995996736       8.023946625471946E-002
   140.299995990799       8.023909556150033E-002
   140.399995984862       8.023873404791380E-002
   140.499995978926       8.023838148367626E-002
   140.599995972989       8.023803764502771E-002
   140.699995967052       8.023770231450890E-002
   140.799995961115       8.023737528074099E-002
   140.899995955178       8.023705633819772E-002
   140.999995949241       8.023674528701503E-002
   141.099995943305       8.023644193276987E-002
   141.199995937368       8.023614608631051E-002
   141.299995931431       8.023585756355213E-002
   141.399995925494       8.023557618530580E-002
   141.499995919557       8.023530177709956E-002
   141.599995913621       8.023503416903578E-002
   141.699995907684       8.023477319563678E-002
   141.799995901747       8.023451869567630E-002
   141.899995895810       8.023427051204041E-002
   141.999995889873       8.023402849159153E-002
   142.099995883936       8.023379248502592E-002
   142.199995878000       8.023356234676338E-002
   142.299995872063       8.023333793481692E-002
   142.399995866126       8.023311911068336E-002
   142.499995860189       8.023290573922770E-002
   142.599995854252       8.023269768858303E-002
   142.699995848316       8.023249483004935E-002
   142.799995842379       8.023229703801157E-002
   142.899995836442       8.023210418981312E-002
   142.999995830505       8.023191616569998E-002
   143.099995824568       8.023173284873057E-002
   143.199995818631       8.023155412469510E-002
   143.299995812695       8.023137988205399E-002
   143.399995806758       8.023121001185493E-002
   143.499995800821       8.023104440768171E-002
   143.599995794884       8.023088296554566E-002
   143.699995788947       8.023072558386443E-002
   143.799995783011       8.023057216339140E-002
   143.899995777074       8.023042260713632E-002
   143.999995771137       8.023027682034788E-002
   144.099995765200       8.023013471043641E-002
   144.199995759263       8.022999618691662E-002
   144.299995753326       8.022986116140024E-002
   144.399995747390       8.022972954749882E-002
   144.499995741453       8.022960126080250E-002
   144.599995735516       8.022947621884675E-002
   144.699995729579       8.022935434106260E-002
   144.799995723642       8.022923554871954E-002
   144.899995717706       8.022911976492121E-002
   144.999995711769       8.022900691454292E-002
   145.099995705832       8.022889692418431E-002
   145.199995699895       8.022878972218249E-002
   145.299995693958       8.022868523850644E-002
   145.399995688021       8.022858340479841E-002
   145.499995682085       8.022848415428327E-002
   145.599995676148       8.022838742177343E-002
   145.699995670211       8.022829314358858E-002
   145.799995664274       8.022820125762220E-002
   145.899995658337       8.022811170315955E-002
   145.999995652401       8.022802442102790E-002
   146.099995646464       8.022793935339798E-002
   146.199995640527       8.022785644390658E-002
   146.299995634590       8.022777563753701E-002
   146.399995628653       8.022769688057921E-002
   146.499995622716       8.022762012068471E-002
   146.599995616780       8.022754530677505E-002
   146.699995610843       8.022747238900252E-002
   146.799995604906       8.022740131876581E-002
   146.899995598969       8.022733204868195E-002
   146.999995593032       8.022726453255080E-002
   147.099995587096       8.022719872530258E-002
   147.199995581159       8.022713458305211E-002
   147.299995575222       8.022707206295088E-002
   147.399995569285       8.022701112330617E-002
   147.499995563348       8.022695172342588E-002
   147.599995557411       8.022689382369966E-002
   147.699995551475       8.022683738549645E-002
   147.799995545538       8.022678237119477E-002
   147.899995539601       8.022672874414397E-002
   147.999995533664       8.022667646862336E-002
   148.099995527727       8.022662550983389E-002
   148.199995521791       8.022657583391449E-002
   148.299995515854       8.022652740785351E-002
   148.399995509917       8.022648019951482E-002
   148.499995503980       8.022643417759956E-002
   148.599995498043       8.022638931158559E-002
   148.699995492106       8.022634557180848E-002
   148.799995486170       8.022630292938832E-002
   148.899995480233       8.022626135613069E-002
   148.999995474296       8.022622082462603E-002
   149.099995468359       8.022618130824102E-002
   149.199995462422       8.022614278097263E-002
   149.299995456486       8.022610521746759E-002
   149.399995450549       8.022606859320461E-002
   149.499995444612       8.022603288407083E-002
   149.599995438675       8.022599806684651E-002
   149.699995432738       8.022596411869402E-002
   149.799995426802       8.022593101757089E-002
   149.899995420865       8.022589874185575E-002
   149.999995414928       8.022586727062345E-002
