   95.0999986742407       8.022482599406093E-002
   95.1999986683039       8.022482575365232E-002
   95.2999986623671       8.022482551322804E-002
   95.3999986564303       8.022482527278813E-002
   95.4999986504935       8.022482503233233E-002
   95.5999986445566       8.022482479186097E-002
   95.6999986386198       8.022482455137395E-002
   95.7999986326830       8.022482431087113E-002
   95.8999986267462       8.022482407035270E-002
   95.9999986208094       8.022482382981849E-002
   96.0999986148725       8.022482358926854E-002
   96.1999986089357       8.022482334870300E-002
   96.2999986029989       8.022482310812162E-002
   96.3999985970621       8.022482286752464E-002
   96.4999985911253       8.022482262691176E-002
   96.5999985851885       8.022482238628341E-002
   96.6999985792516       8.022482214563918E-002
   96.7999985733148       8.022482190497933E-002
   96.8999985673780       8.022482166430360E-002
   96.9999985614412       8.022482142361227E-002
   97.0999985555044       8.022482118290518E-002
   97.1999985495676       8.022482094218239E-002
   97.2999985436307       8.022482070144388E-002
   97.3999985376939       8.022482046068960E-002
   97.4999985317571       8.022482021991958E-002
   97.5999985258203       8.022481997913403E-002
   97.6999985198835       8.022481973833247E-002
   97.7999985139466       8.022481949751534E-002
   97.8999985080098       8.022481925668229E-002
   97.9999985020730       8.022481901583374E-002
   98.0999984961362       8.022481877496927E-002
   98.1999984901994       8.022481853408914E-002
   98.2999984842626       8.022481829319326E-002
   98.3999984783257       8.022481805228170E-002
   98.4999984723889       8.022481781135421E-002
   98.5999984664521       8.022481757041108E-002
   98.6999984605153       8.022481732945232E-002
   98.7999984545785       8.022481708847769E-002
   98.8999984486417       8.022481684748738E-002
   98.9999984427048       8.022481660648112E-002
   99.0999984367680       8.022481636545936E-002
   99.1999984308312       8.022481612442164E-002
   99.2999984248944       8.022481588336831E-002
   99.3999984189576       8.022481564229912E-002
   99.4999984130207       8.022481540121418E-002
   99.5999984070839       8.022481516011358E-002
   99.6999984011471       8.022481491899709E-002
   99.7999983952103       8.022481467786492E-002
   99.8999983892735       8.022481443671751E-002
   99.9999983833367       8.022481419555470E-002
   100.099998377400       8.513136681554037E-002
   100.199998371463       9.892958166712083E-002
   100.299998365526       0.124731448132872     
   100.399998359589       0.168310768249562     
   100.499998353653       0.237643428348391     
   100.599998347716       0.338206588372084     
   100.699998341779       0.463314341564321     
   100.799998335842       0.592659199873713     
   100.899998329905       0.706598512476509     
   100.999998323968       0.797781302076581     
   101.099998318032       0.869661799735923     
   101.199998312095       0.929965218400822     
   101.299998306158       0.986146390584842     
   101.399998300221        1.04372259221389     
   101.499998294284        1.10619006251350     
   101.599998288348        1.17546734529437     
   101.699998282411        1.25238244452434     
   101.799998276474        1.33705813065337     
   101.899998270537        1.42918318551975     
   101.999998264600        1.52819384072356     
   102.099998258663        1.63339205242028     
   102.199998252727        1.74402135584590     
   102.299998246790        1.85931484370519     
   102.399998240853        1.97852496862943     
   102.499998234916        2.10094144081137     
   102.599998228979        2.22590124104808     
   102.699998223043        2.35279337687366     
   102.799998217106        2.48106016041382     
   102.899998211169        2.61019624690874     
   102.999998205232        2.73974630467421     
   103.099998199295        2.86930192182199     
   103.199998193358        2.99849815981313     
   103.299998187422        3.12701002151443     
   103.399998181485        3.25454899993520     
   103.499998175548        3.38085980361185     
   103.599998169611        3.50571730758641     
   103.699998163674        3.62892374860361     
   103.799998157738        3.75030616446882     
   103.899998151801        3.86971406671817     
   103.999998145864        3.98701733015182     
   104.099998139927        4.10210428046720     
   104.199998133990        4.21487996091706     
   104.299998128054        4.32526455973455     
   104.399998122117        4.43319198149697     
   104.499998116180        4.53860854722523     
   104.599998110243        4.64147180972799     
   104.699998104306        4.74174947228859     
   104.799998098369        4.83941840027701     
   104.899998092433        4.93446371656910     
   104.999998086496        5.02687797280650     
   105.099998080559        5.11666038952229     
   105.199998074622        5.20381615900754     
   105.299998068685        5.28835580551925     
   105.399998062749        5.37029459805165     
   105.499998056812        5.44965201141508     
   105.599998050875        5.52645123181625     
   105.699998044938        5.60071870351320     
   105.799998039001        5.67248371344715     
   105.899998033064        5.74177801102984     
   105.999998027128        5.80863546050940     
   106.099998021191        5.87309172355111     
   106.199998015254        5.93518396984486     
   106.299998009317        5.99495061372900     
   106.399998003380        6.05243107494790     
   106.499997997444        6.10766556180749     
   106.599997991507        6.16069487509517     
   106.699997985570        6.21156023125906     
   106.799997979633        6.26030310341246     
   106.899997973696        6.30696507884663     
   106.999997967759        6.35158773180497     
   107.099997961823        6.39421251035451     
   107.199997955886        6.43488063626667     
   107.299997949949        6.47363301688435     
   107.399997944012        6.51051016802101     
   107.499997938075        6.54555214700197     
   107.599997932139        6.57879849500797     
   107.699997926202        6.61028818794352     
   107.799997920265        6.64005959510304     
   107.899997914328        6.66815044495344     
   107.999997908391        6.69459779740168     
   108.099997902454        6.71943802196030     
   108.199997896518        6.74270678125890     
   108.299997890581        6.76443901939791     
   108.399997884644        6.78466895466701     
   108.499997878707        6.80343007619529     
   108.599997872770        6.82075514412223     
   108.699997866834        6.83667619291903     
   108.799997860897        6.85122453750895     
   108.899997854960        6.86443078186657     
   108.999997849023        6.87632482980251     
   109.099997843086        6.88693589765538     
   109.199997837149        6.89629252864416     
   109.299997831213        6.90442260864712     
   109.399997825276        6.91135338319303     
   109.499997819339        6.91711147547198     
   109.599997813402        6.92172290518237     
   109.699997807465        6.92521310805175     
   109.799997801529        6.92760695587967     
   109.899997795592        6.92892877696304     
   109.999997789655        6.92920237677953     
   110.099997783718        6.92845105880943     
   110.199997777781        6.92669764539661     
   110.299997771844        6.92396449854524     
   110.399997765908        6.92027354057030     
   110.499997759971        6.91564627451896     
   110.599997754034        6.91010380429212     
   110.699997748097        6.90366685439885     
   110.799997742160        6.89635578929386     
   110.899997736224        6.88819063222215     
   110.999997730287        6.87919108355429     
   111.099997724350        6.86937653854621     
   111.199997718413        6.85876610449568     
   111.299997712476        6.84737861725999     
   111.399997706539        6.83523265710706     
   111.499997700603        6.82234656387338     
   111.599997694666        6.80873845141028     
   111.699997688729        6.79442622129575     
   111.799997682792        6.77942757580300     
   111.899997676855        6.76376003010985     
   111.999997670919        6.74744092374357     
   112.099997664982        6.73048743125269     
   112.199997659045        6.71291657210582     
   112.299997653108        6.69474521981514     
   112.399997647171        6.67599011028873     
   112.499997641234        6.65666784941180     
   112.599997635298        6.63679491986948     
   112.699997629361        6.61638768721691     
   112.799997623424        6.59546240520670     
   112.899997617487        6.57403522038983     
   112.999997611550        6.55212217600098     
   113.099997605614        6.52973921514932     
   113.199997599677        6.50690218332883     
   113.299997593740        6.48362683027143     
   113.399997587803        6.45992881116264     
   113.499997581866        6.43582368724329     
   113.599997575929        6.41132692582127     
   113.699997569993        6.38645389971776     
   113.799997564056        6.36121988617788     
   113.899997558119        6.33564006526823     
   113.999997552182        6.30972951779564     
   114.099997546245        6.28350322277018     
   114.199997540309        6.25697605444683     
   114.299997534372        6.23016277897649     
   114.399997528435        6.20307805069168     
   114.499997522498        6.17573640806649     
   114.599997516561        6.14815226937562     
   114.699997510624        6.12033992808721     
   114.799997504688        6.09231354802098     
   114.899997498751        6.06408715830084     
   114.999997492814        6.03567464813620     
   115.099997486877        6.00708976146252     
   115.199997480940        5.97834609146784     
   115.299997475004        5.94945707504086     
   115.399997469067        5.92043598716495     
   115.499997463130        5.89129593528943     
   115.599997457193        5.86204985370482     
   115.699997451256        5.83271049794917     
   115.799997445319        5.80329043926986     
   115.899997439383        5.77380205916779     
   115.999997433446        5.74425754404663     
   116.099997427509        5.71466887998763     
   116.199997421572        5.68504784767457     
   116.299997415635        5.65540601748589     
   116.399997409699        5.62575474477466     
   116.499997403762        5.59610516534828     
   116.599997397825        5.56646819117646     
   116.699997391888        5.53685450632422     
   116.799997385951        5.50727456313683     
   116.899997380014        5.47773857868277     
   116.999997374078        5.44825653146507     
   117.099997368141        5.41883815841100     
   117.199997362204        5.38949295214680     
   117.299997356267        5.36023015856291     
   117.399997350330        5.33105877467813     
   117.499997344394        5.30198754679937     
   117.599997338457        5.27302496898657     
   117.699997332520        5.24417928181921     
   117.799997326583        5.21545847146616     
   117.899997320646        5.18687026905647     
   117.999997314709        5.15842215035127     
   118.099997308773        5.13012133571003     
   118.199997302836        5.10197479034958     
   118.299997296899        5.07398922488975     
   118.399997290962        5.04617109618043     
   118.499997285025        5.01852660840211     
   118.599997279089        4.99106171443382     
   118.699997273152        4.96378211747987     
   118.799997267215        4.93669327294698     
   118.899997261278        4.90980039056178     
   118.999997255341        4.88310843672105     
   119.099997249404        4.85662213706259     
   119.199997243468        4.83034597924814     
   119.299997237531        4.80428421594658     
   119.399997231594        4.77844086800722     
   119.499997225657        4.75281972781297     
   119.599997219720        4.72742436279866     
   119.699997213784        4.70225811912923     
   119.799997207847        4.67732412552234     
   119.899997201910        4.65262529720501     
   119.999997195973        4.62816433999325     
   120.099997190036        4.48442181941413     
   120.199997184100        4.25435804593656     
   120.299997178163        3.97373199606821     
   120.399997172226        3.66412758631297     
   120.499997166289        3.34186779256509     
   120.599997160352        3.01907355246629     
   120.699997154415        2.70451479710090     
   120.799997148479        2.40431320457767     
   120.899997142542        2.12251995312984     
   120.999997136605        1.86158856319072     
   121.099997130668        1.62276035663843     
   121.199997124731        1.40637792854591     
   121.299997118795        1.21213895855810     
   121.399997112858        1.03929430316589     
   121.499997106921       0.886787022487680     
   121.599997100984       0.753355156601583     
   121.699997095047       0.637632807200613     
   121.799997089110       0.538228550153913     
   121.899997083174       0.453753960995076     
   121.999997077237       0.382810328942130     
   122.099997071300       0.323957171461507     
   122.199997065363       0.275692956190306     
   122.299997059426       0.236475966975694     
   122.399997053490       0.204790169191276     
   122.499997047553       0.179229983112488     
   122.599997041616       0.158567554647423     
   122.699997035679       0.141782618915180     
   122.799997029742       0.128057714489831     
   122.899997023805       0.116752772112181     
   122.999997017869       0.107372563327081     
   123.099997011932       9.953532798655686E-002
   123.199997005995       9.294617318561262E-002
   123.299997000058       8.737599240534573E-002
   123.399996994121       8.264536167450971E-002
   123.499996988185       7.861246902145032E-002
   123.599996982248       7.516414093688921E-002
   123.699996976311       7.220918092745536E-002
   123.799996970374       6.967341044303739E-002
   123.899996964437       6.749595655682639E-002
   123.999996958500       6.562645261007768E-002
   124.099996952564       6.402290952405211E-002
   124.199996946627       6.265008239219455E-002
   124.299996940690       6.147820526157379E-002
   124.399996934753       6.048200168406775E-002
   124.499996928816       5.963990348902659E-002
   124.599996922880       5.893342810843515E-002
   124.699996916943       5.834667768849032E-002
   124.799996911006       5.786593257977199E-002
   124.899996905069       5.747931862373284E-002
   124.999996899132       5.717653266126950E-002
   125.099996893195       5.694861438645690E-002
   125.199996887259       5.678775541547747E-002
   125.299996881322       5.668713849452781E-002
   125.399996875385       5.664080131630982E-002
   125.499996869448       5.664352058584311E-002
   125.599996863511       5.669071286988474E-002
   125.699996857575       5.677834945094726E-002
   125.799996851638       5.690288293856454E-002
   125.899996845701       5.706118380552814E-002
   125.999996839764       5.725048534320856E-002
   126.099996833827       5.746833578947681E-002
   126.199996827890       5.771255659000506E-002
   126.299996821954       5.798120592150838E-002
   126.399996816017       5.827254674192448E-002
   126.499996810080       5.858501874492666E-002
   126.599996804143       5.891721368911960E-002
   126.699996798206       5.926785365020282E-002
   126.799996792270       5.963577180972515E-002
   126.899996786333       6.001989544985636E-002
   126.999996780396       6.041923087092426E-002
   127.099996774459       6.083284998937051E-002
   127.199996768522       6.125987840908430E-002
   127.299996762585       6.169948478967526E-002
   127.399996756649       6.215087136213612E-002
   127.499996750712       6.261326546572035E-002
   127.599996744775       6.308591200058501E-002
   127.699996738838       6.356806670892223E-002
   127.799996732901       6.405899021330425E-002
   127.899996726965       6.455794275520949E-002
   127.999996721028       6.506417958897713E-002
   128.099996715091       6.557694699737263E-002
   128.199996709154       6.609547890430595E-002
   128.299996703217       6.661899406803493E-002
   128.399996697280       6.714669384495316E-002
   128.499996691344       6.767776051914479E-002
   128.599996685407       6.821135619678867E-002
   128.699996679470       6.874662226704997E-002
   128.799996673533       6.928267943222025E-002
   128.899996667596       6.981862830963366E-002
   128.999996661660       7.035355060655051E-002
   129.099996655723       7.088651086591118E-002
   129.199996649786       7.141655877708006E-002
   129.299996643849       7.194273204015825E-002
   129.399996637912       7.246405976589974E-002
   129.499996631975       7.297956638591514E-002
   129.599996626039       7.348827603967115E-002
   129.699996620102       7.398921739593078E-002
   129.799996614165       7.448142885749162E-002
   129.899996608228       7.496396408876078E-002
   129.999996602291       7.543589779733882E-002
   130.099996596355       7.589633169278083E-002
   130.199996590418       7.634440053858289E-002
   130.299996584481       7.677927820801345E-002
   130.399996578544       7.720018365022031E-002
   130.499996572607       7.760638667126864E-002
   130.599996566670       7.799721343431111E-002
   130.699996560734       7.837205158572828E-002
   130.799996554797       7.873035491828796E-002
   130.899996548860       7.907164748922553E-002
   130.999996542923       7.939552711989006E-002
   131.099996536986       7.970166821449827E-002
   131.199996531050       7.998982384777110E-002
   131.299996525113       8.025982708510143E-002
   131.399996519176       8.051159151332675E-002
   131.499996513239       8.074511097537389E-002
   131.599996507302       8.096045851704030E-002
   131.699996501365       8.115778456884291E-002
   131.799996495429       8.133731439967062E-002
   131.899996489492       8.149934489159229E-002
   131.999996483555       8.164424069613152E-002
   132.099996477618       8.177242984161219E-002
   132.199996471681       8.188439886839650E-002
   132.299996465745       8.198068757402976E-002
   132.399996459808       8.206188345325409E-002
   132.499996453871       8.212861591886758E-002
   132.599996447934       8.218155038885312E-002
   132.699996441997       8.222138232118673E-002
   132.799996436060       8.224883127496334E-002
   132.899996430124       8.226463506981957E-002
   132.999996424187       8.226954410912518E-002
   133.099996418250       8.226431592484451E-002
   133.199996412313       8.224970999406195E-002
   133.299996406376       8.222648286863009E-002
   133.399996400440       8.219538365118578E-002
   133.499996394503       8.215714984257397E-002
   133.599996388566       8.211250357773477E-002
   133.699996382629       8.206214825997524E-002
   133.799996376692       8.200676559673187E-002
   133.899996370756       8.194701303375568E-002
   133.999996364819       8.188352157960828E-002
   134.099996358882       8.181689400767467E-002
   134.199996352945       8.174770341911013E-002
   134.299996347008       8.167649214713026E-002
   134.399996341071       8.160377098084509E-002
   134.499996335135       8.153001868509030E-002
   134.599996329198       8.145568179155550E-002
   134.699996323261       8.138117463613544E-002
   134.799996317324       8.130687961740306E-002
   134.899996311387       8.123314765112480E-002
   134.999996305451       8.116029879694159E-002
   135.099996299514       8.108862303371410E-002
   135.199996293577       8.101838116160980E-002
   135.299996287640       8.094980581014538E-002
   135.399996281703       8.088310253285365E-002
   135.499996275766       8.081845097067919E-002
   135.599996269830       8.075600606783363E-002
   135.699996263893       8.069589932530886E-002
   135.799996257956       8.063824007879569E-002
   135.899996252019       8.058311678902104E-002
   135.999996246082       8.053059833414994E-002
   136.099996240146       8.048073529507482E-002
   136.199996234209       8.043356122569603E-002
   136.299996228272       8.038909390134615E-002
   136.399996222335       8.034733653963974E-002
   136.499996216398       8.030827898897509E-002
   136.599996210461       8.027189888082638E-002
   136.699996204525       8.023816274260562E-002
   136.799996198588       8.020702706863767E-002
   136.899996192651       8.017843934747197E-002
   136.999996186714       8.015233904420510E-002
   137.099996180777       8.012865853701166E-002
   137.199996174841       8.010732400735436E-002
   137.299996168904       8.008825628391199E-002
   137.399996162967       8.007137164029592E-002
   137.499996157030       8.005658254724052E-002
   137.599996151093       8.004379837967958E-002
   137.699996145156       8.003292607964091E-002
   137.799996139220       8.002387077598232E-002
   137.899996133283       8.001653636195043E-002
   137.999996127346       8.001082603183915E-002
   138.099996121409       8.000664277785210E-002
   138.199996115472       8.000388984850461E-002
   138.299996109536       8.000247116986625E-002
   138.399996103599       8.000229173100278E-002
   138.499996097662       8.000325793495849E-002
   138.599996091725       8.000527791657880E-002
   138.699996085788       8.000826182855146E-002
   138.799996079851       8.001212209701818E-002
   138.899996073915       8.001677364807429E-002
   138.999996067978       8.002213410650091E-002
   139.099996062041       8.002812396804633E-002
   139.199996056104       8.003466674645766E-002
   139.299996050167       8.004168909663070E-002
   139.399996044231       8.004912091509780E-002
   139.499996038294       8.005689541909215E-002
   139.599996032357       8.006494920539681E-002
   139.699996026420       8.007322229023915E-002
   139.799996020483       8.008165813132255E-002
   139.899996014546       8.009020363318622E-002
   139.999996008610       8.009880913705024E-002
   140.099996002673       8.010742839612085E-002
   140.199995996736       8.011601853827531E-002
   140.299995990799       8.012454001508394E-002
   140.399995984862       8.013295654107901E-002
   140.499995978926       8.014123502215609E-002
   140.599995972989       8.014934547491824E-002
   140.699995967052       8.015726093780608E-002
   140.799995961115       8.016495737498050E-002
   140.899995955178       8.017241357383929E-002
   140.999995949241       8.017961103706826E-002
   141.099995943305       8.018653387005124E-002
   141.199995937368       8.019316866445424E-002
   141.299995931431       8.019950437876984E-002
   141.399995925494       8.020553221654823E-002
   141.499995919557       8.021124550305660E-002
   141.599995913621       8.021663956097537E-002
   141.699995907684       8.022171158577633E-002
   141.799995901747       8.022646052139251E-002
   141.899995895810       8.023088693668969E-002
   141.999995889873       8.023499290331826E-002
   142.099995883936       8.023878187532611E-002
   142.199995878000       8.024225857102732E-002
   142.299995872063       8.024542885750377E-002
   142.399995866126       8.024829963807227E-002
   142.499995860189       8.025087874306663E-002
   142.599995854252       8.025317482417153E-002
   142.699995848316       8.025519725260499E-002
   142.799995842379       8.025695602130631E-002
   142.899995836442       8.025846165132830E-002
   142.999995830505       8.025972510263542E-002
   143.099995824568       8.026075768924515E-002
   143.199995818631       8.026157099895105E-002
   143.299995812695       8.026217681774907E-002
   143.399995806758       8.026258705876568E-002
   143.499995800821       8.026281369582695E-002
   143.599995794884       8.026286870169223E-002
   143.699995788947       8.026276399079421E-002
   143.799995783011       8.026251136653964E-002
   143.899995777074       8.026212247302496E-002
   143.999995771137       8.026160875106847E-002
   144.099995765200       8.026098139851162E-002
   144.199995759263       8.026025133461659E-002
   144.299995753326       8.025942916843087E-002
   144.399995747390       8.025852517099985E-002
   144.499995741453       8.025754925126380E-002
   144.599995735516       8.025651093548039E-002
   144.699995729579       8.025541935002256E-002
   144.799995723642       8.025428320736024E-002
   144.899995717706       8.025311079508127E-002
   144.999995711769       8.025190996776237E-002
   145.099995705832       8.025068814151909E-002
   145.199995699895       8.024945229106512E-002
   145.299995693958       8.024820894910166E-002
   145.399995688021       8.024696420778996E-002
   145.499995682085       8.024572372269141E-002
   145.599995676148       8.024449271751363E-002
   145.699995670211       8.024327599157420E-002
   145.799995664274       8.024207792826603E-002
   145.899995658337       8.024090250488292E-002
   145.999995652401       8.023975330381564E-002
   146.099995646464       8.023863352462007E-002
   146.199995640527       8.023754599718956E-002
   146.299995634590       8.023649319551544E-002
   146.399995628653       8.023547725232395E-002
   146.499995622716       8.023449997405545E-002
   146.599995616780       8.023356285645927E-002
   146.699995610843       8.023266710041141E-002
   146.799995604906       8.023181362793107E-002
   146.899995598969       8.023100309841999E-002
   146.999995593032       8.023023592490433E-002
   147.099995587096       8.022951229022209E-002
   147.199995581159       8.022883216311667E-002
   147.299995575222       8.022819531414817E-002
   147.399995569285       8.022760133138040E-002
   147.499995563348       8.022704963575479E-002
   147.599995557411       8.022653949611414E-002
   147.699995551475       8.022607004383944E-002
   147.799995545538       8.022564028708921E-002
   147.899995539601       8.022524912449566E-002
   147.999995533664       8.022489535824279E-002
   148.099995527727       8.022457770702419E-002
   148.199995521791       8.022429481810563E-002
   148.299995515854       8.022404527892685E-002
   148.399995509917       8.022382762810766E-002
   148.499995503980       8.022364036588722E-002
   148.599995498043       8.022348196397765E-002
   148.699995492106       8.022335087483018E-002
   148.799995486170       8.022324554031474E-002
   148.899995480233       8.022316439969335E-002
   148.999995474296       8.022310589716296E-002
   149.099995468359       8.022306848883239E-002
   149.199995462422       8.022305064896343E-002
   149.299995456486       8.022305087571999E-002
   149.399995450549       8.022306769661726E-002
   149.499995444612       8.022309967300208E-002
   149.599995438675       8.022314540436801E-002
   149.699995432738       8.022320353219799E-002
   149.799995426802       8.022327274289429E-002
   149.899995420865       8.022335177100393E-002
   149.999995414928       8.022343940111012E-002
