   95.0999986742407       7.307096176162681E-002
   95.1999986683039       7.307096153150525E-002
   95.2999986623671       7.307096130136849E-002
   95.3999986564303       7.307096107121652E-002
   95.4999986504935       7.307096084104940E-002
   95.5999986445566       7.307096061086708E-002
   95.6999986386198       7.307096038066963E-002
   95.7999986326830       7.307096015045692E-002
   95.8999986267462       7.307095992022899E-002
   95.9999986208094       7.307095968998595E-002
   96.0999986148725       7.307095945972769E-002
   96.1999986089357       7.307095922945427E-002
   96.2999986029989       7.307095899916560E-002
   96.3999985970621       7.307095876886192E-002
   96.4999985911253       7.307095853854285E-002
   96.5999985851885       7.307095830820866E-002
   96.6999985792516       7.307095807785913E-002
   96.7999985733148       7.307095784749462E-002
   96.8999985673780       7.307095761711481E-002
   96.9999985614412       7.307095738671973E-002
   97.0999985555044       7.307095715630950E-002
   97.1999985495676       7.307095692588400E-002
   97.2999985436307       7.307095669544339E-002
   97.3999985376939       7.307095646498757E-002
   97.4999985317571       7.307095623451650E-002
   97.5999985258203       7.307095600403019E-002
   97.6999985198835       7.307095577352868E-002
   97.7999985139466       7.307095554301202E-002
   97.8999985080098       7.307095531248006E-002
   97.9999985020730       7.307095508193294E-002
   98.0999984961362       7.307095485137056E-002
   98.1999984901994       7.307095462079299E-002
   98.2999984842626       7.307095439020017E-002
   98.3999984783257       7.307095415959210E-002
   98.4999984723889       7.307095392896891E-002
   98.5999984664521       7.307095369833032E-002
   98.6999984605153       7.307095346767666E-002
   98.7999984545785       7.307095323700773E-002
   98.8999984486417       7.307095300632357E-002
   98.9999984427048       7.307095277562418E-002
   99.0999984367680       7.307095254490957E-002
   99.1999984308312       7.307095231417964E-002
   99.2999984248944       7.307095208343446E-002
   99.3999984189576       7.307095185267412E-002
   99.4999984130207       7.307095162189849E-002
   99.5999984070839       7.307095139110777E-002
   99.6999984011471       7.307095116030148E-002
   99.7999983952103       7.307095092948021E-002
   99.8999983892735       7.307095069864358E-002
   99.9999983833367       7.307095046779168E-002
   100.099998377400       7.473474831606584E-002
   100.199998371463       7.897806628638124E-002
   100.299998365526       8.564450730113199E-002
   100.399998359589       9.501939640140368E-002
   100.499998353653       0.107751388050572     
   100.599998347716       0.124876977440213     
   100.699998341779       0.147815994177123     
   100.799998335842       0.178148672381022     
   100.899998329905       0.216869362089883     
   100.999998323968       0.262978258934234     
   101.099998318032       0.312182009881937     
   101.199998312095       0.357412238899438     
   101.299998306158       0.391635279601620     
   101.399998300221       0.410774755525877     
   101.499998294284       0.414557109015311     
   101.599998288348       0.405446518829338     
   101.699998282411       0.387059912947129     
   101.799998276474       0.362991280659945     
   101.899998270537       0.336225356989785     
   101.999998264600       0.308971858406952     
   102.099998258663       0.282716840804242     
   102.199998252727       0.258356548587603     
   102.299998246790       0.236345465142336     
   102.399998240853       0.216829931034296     
   102.499998234916       0.199757517589187     
   102.599998228979       0.184960378184986     
   102.699998223043       0.172214494739283     
   102.799998217106       0.161278683705306     
   102.899998211169       0.151918044051164     
   102.999998205232       0.143916413835602     
   103.099998199295       0.137081671469159     
   103.199998193358       0.131246754674490     
   103.299998187422       0.126268359120353     
   103.399998181485       0.122024555452952     
   103.499998175548       0.118412051321560     
   103.599998169611       0.115343491272013     
   103.699998163674       0.112744983923632     
   103.799998157738       0.110553929126084     
   103.899998151801       0.108717155156552     
   103.999998145864       0.107189345373299     
   104.099998139927       0.105931721118299     
   104.199998133990       0.104910944647137     
   104.299998128054       0.104098207594267     
   104.399998122117       0.103468474253818     
   104.499998116180       0.102999853334395     
   104.599998110243       0.102673076116700     
   104.699998104306       0.102471062788063     
   104.799998098369       0.102378562040562     
   104.899998092433       0.102381851796619     
   104.999998086496       0.102468491212108     
   105.099998080559       0.102627115964021     
   105.199998074622       0.102847270320211     
   105.299998068685       0.103119270672075     
   105.399998062749       0.103434096137894     
   105.499998056812       0.103783302559700     
   105.599998050875       0.104158956757187     
   105.699998044938       0.104553588301375     
   105.799998039001       0.104960156356960     
   105.899998033064       0.105372029340807     
   105.999998027128       0.105782975278672     
   106.099998021191       0.106187160833890     
   106.199998015254       0.106579157049812     
   106.299998009317       0.106953949909868     
   106.399998003380       0.107306953889432     
   106.499997997444       0.107634026764911     
   106.599997991507       0.107931484065243     
   106.699997985570       0.108196111704704     
   106.799997979633       0.108425175524158     
   106.899997973696       0.108616426688115     
   106.999997967759       0.108768102130573     
   107.099997961823       0.108878919505162     
   107.199997955886       0.108948066363534     
   107.299997949949       0.108975183549131     
   107.399997944012       0.108960343039009     
   107.499997938075       0.108904020685486     
   107.599997932139       0.108807064491848     
   107.699997926202       0.108670659197927     
   107.799997920265       0.108496288047103     
   107.899997914328       0.108285692657349     
   107.999997908391       0.108040831926171     
   108.099997902454       0.107763840868069     
   108.199997896518       0.107456990218323     
   108.299997890581       0.107122647546737     
   108.399997884644       0.106763240515842     
   108.499997878707       0.106381222798247     
   108.599997872770       0.105979043043580     
   108.699997866834       0.105559117163332     
   108.799997860897       0.105123804086487     
   108.899997854960       0.104675385033981     
   108.999997849023       0.104216046268815     
   109.099997843086       0.103747865201289     
   109.199997837149       0.103272799667725     
   109.299997831213       0.102792680154201     
   109.399997825276       0.102309204704149     
   109.499997819339       0.101823936228982     
   109.599997813402       0.101338301931923     
   109.699997807465       0.100853594555783     
   109.799997801529       0.100370975173629     
   109.899997795592       9.989147725478309E-002
   109.999997789655       9.941601175714414E-002
   110.099997783718       9.894537301751101E-002
   110.199997777781       9.848024523441176E-002
   110.299997771844       9.802120936095338E-002
   110.399997765908       9.756875024889099E-002
   110.499997759971       9.712326390680213E-002
   110.599997754034       9.668506475686671E-002
   110.699997748097       9.625439279436754E-002
   110.799997742160       9.583142057169979E-002
   110.899997736224       9.541625994494961E-002
   110.999997730287       9.500896853526536E-002
   111.099997724350       9.460955586970270E-002
   111.199997718413       9.421798917697907E-002
   111.299997712476       9.383419882269978E-002
   111.399997706539       9.345808337625393E-002
   111.499997700603       9.308951430799844E-002
   111.599997694666       9.272834032042607E-002
   111.699997688729       9.237439132119526E-002
   111.799997682792       9.202748204908111E-002
   111.899997676855       9.168741536631121E-002
   111.999997670919       9.135398523270656E-002
   112.099997664982       9.102697937792900E-002
   112.199997659045       9.070618168924190E-002
   112.299997653108       9.039137433233090E-002
   112.399997647171       9.008233962291097E-002
   112.499997641234       8.977886166661930E-002
   112.599997635298       8.948072778432790E-002
   112.699997629361       8.918772973954414E-002
   112.799997623424       8.889966478382604E-002
   112.899997617487       8.861633653559475E-002
   112.999997611550       8.833755570682067E-002
   113.099997605614       8.806314069141824E-002
   113.199997599677       8.779291802824299E-002
   113.299997593740       8.752672275093644E-002
   113.399997587803       8.726439863591540E-002
   113.499997581866       8.700579835930142E-002
   113.599997575929       8.675078357246363E-002
   113.699997569993       8.649922490543180E-002
   113.799997564056       8.625100190674659E-002
   113.899997558119       8.600600292746191E-002
   113.999997552182       8.576412495657487E-002
   114.099997546245       8.552527341452532E-002
   114.199997540309       8.528936191082952E-002
   114.299997534372       8.505631197145495E-002
   114.399997528435       8.482605274098891E-002
   114.499997522498       8.459852066425973E-002
   114.599997516561       8.437365915164212E-002
   114.699997510624       8.415141823181231E-002
   114.799997504688       8.393175419545354E-002
   114.899997498751       8.371462923299627E-002
   114.999997492814       8.350001106916093E-002
   115.099997486877       8.328787259683534E-002
   115.199997480940       8.307819151245535E-002
   115.299997475004       8.287094995488506E-002
   115.399997469067       8.266613414948380E-002
   115.499997463130       8.246373405890331E-002
   115.599997457193       8.226374304189060E-002
   115.699997451256       8.206615752122280E-002
   115.799997445319       8.187097666173723E-002
   115.899997439383       8.167820205923026E-002
   115.999997433446       8.148783744088851E-002
   116.099997427509       8.129988837777327E-002
   116.199997421572       8.111436200975912E-002
   116.299997415635       8.093126678322025E-002
   116.399997409699       8.075061220166985E-002
   116.499997403762       8.057240858946575E-002
   116.599997397825       8.039666686860414E-002
   116.699997391888       8.022339834857588E-002
   116.799997385951       8.005261452919311E-002
   116.899997380014       7.988432691622117E-002
   116.999997374078       7.971854684962049E-002
   117.099997368141       7.955528534415393E-002
   117.199997362204       7.939455294210782E-002
   117.299997356267       7.923635957775611E-002
   117.399997350330       7.908071445331366E-002
   117.499997344394       7.892762592595536E-002
   117.599997338457       7.877710140557977E-002
   117.699997332520       7.862914726289637E-002
   117.799997326583       7.848376874745897E-002
   117.899997320646       7.834096991524048E-002
   117.999997314709       7.820075356533529E-002
   118.099997308773       7.806312118539531E-002
   118.199997302836       7.792807290537718E-002
   118.299997296899       7.779560745919890E-002
   118.399997290962       7.766572215391031E-002
   118.499997285025       7.753841284597511E-002
   118.599997279089       7.741367392427791E-002
   118.699997273152       7.729149829946727E-002
   118.799997267215       7.717187739924794E-002
   118.899997261278       7.705480116935673E-002
   118.999997255341       7.694025807971272E-002
   119.099997249404       7.682823513545528E-002
   119.199997243468       7.671871789259806E-002
   119.299997237531       7.661169047795054E-002
   119.399997231594       7.650713561295179E-002
   119.499997225657       7.640503464115231E-002
   119.599997219720       7.630536755905422E-002
   119.699997213784       7.620811305002188E-002
   119.799997207847       7.611324852101650E-002
   119.899997201910       7.602075014186714E-002
   119.999997195973       7.593059288687351E-002
   120.099997190036       7.584275057848737E-002
   120.199997184100       7.575719593282249E-002
   120.299997178163       7.567390060686116E-002
   120.399997172226       7.559283524704601E-002
   120.499997166289       7.551396953915034E-002
   120.599997160352       7.543727225919260E-002
   120.699997154415       7.536271132524235E-002
   120.799997148479       7.529025384993683E-002
   120.899997142542       7.521986619355477E-002
   120.999997136605       7.515151401749195E-002
   121.099997130668       7.508516233798709E-002
   121.199997124731       7.502077557997944E-002
   121.299997118795       7.495831763093928E-002
   121.399997112858       7.489775189456978E-002
   121.499997106921       7.483904134425347E-002
   121.599997100984       7.478214857612192E-002
   121.699997095047       7.472703586165733E-002
   121.799997089110       7.467366519971533E-002
   121.899997083174       7.462199836787536E-002
   121.999997077237       7.457199697301836E-002
   122.099997071300       7.452362250107358E-002
   122.199997065363       7.447683636581677E-002
   122.299997059426       7.443159995667378E-002
   122.399997053490       7.438787468544007E-002
   122.499997047553       7.434562203185517E-002
   122.599997041616       7.430480358796930E-002
   122.699997035679       7.426538110124604E-002
   122.799997029742       7.422731651634200E-002
   122.899997023805       7.419057201550616E-002
   122.999997017869       7.415511005758067E-002
   123.099997011932       7.412089341552131E-002
   123.199997005995       7.408788521243773E-002
   123.299997000058       7.405604895608568E-002
   123.399996994121       7.402534857181910E-002
   123.499996988185       7.399574843392301E-002
   123.599996982248       7.396721339537130E-002
   123.699996976311       7.393970881591957E-002
   123.799996970374       7.391320058858132E-002
   123.899996964437       7.388765516444420E-002
   123.999996958500       7.386303957580788E-002
   124.099996952564       7.383932145767136E-002
   124.199996946627       7.381646906756140E-002
   124.299996940690       7.379445130367741E-002
   124.399996934753       7.377323772139933E-002
   124.499996928816       7.375279854814687E-002
   124.599996922880       7.373310469660689E-002
   124.699996916943       7.371412777636181E-002
   124.799996911006       7.369584010390344E-002
   124.899996905069       7.367821471110622E-002
   124.999996899132       7.366122535215076E-002
   125.099996893195       7.364484650893353E-002
   125.199996887259       7.362905339500880E-002
   125.299996881322       7.361382195808407E-002
   125.399996875385       7.359912888112223E-002
   125.499996869448       7.358495158207541E-002
   125.599996863511       7.357126821230495E-002
   125.699996857575       7.355805765372872E-002
   125.799996851638       7.354529951473662E-002
   125.899996845701       7.353297412494285E-002
   125.999996839764       7.352106252880056E-002
   126.099996833827       7.350954647814824E-002
   126.199996827890       7.349840842373835E-002
   126.299996821954       7.348763150579724E-002
   126.399996816017       7.347719954367304E-002
   126.499996810080       7.346709702463694E-002
   126.599996804143       7.345730909187850E-002
   126.699996798206       7.344782153176622E-002
   126.799996792270       7.343862076042834E-002
   126.899996786333       7.342969380969619E-002
   126.999996780396       7.342102831249400E-002
   127.099996774459       7.341261248770281E-002
   127.199996768522       7.340443512457859E-002
   127.299996762585       7.339648556676311E-002
   127.399996756649       7.338875369595745E-002
   127.499996750712       7.338122991529206E-002
   127.599996744775       7.337390513246823E-002
   127.699996738838       7.336677074270288E-002
   127.799996732901       7.335981861154312E-002
   127.899996726965       7.335304105758086E-002
   127.999996721028       7.334643083513218E-002
   128.099996715091       7.333998111691474E-002
   128.199996709154       7.333368547677378E-002
   128.299996703217       7.332753787248922E-002
   128.399996697280       7.332153262871173E-002
   128.499996691344       7.331566442006097E-002
   128.599996685407       7.330992825442693E-002
   128.699996679470       7.330431945649551E-002
   128.799996673533       7.329883365154427E-002
   128.899996667596       7.329346674952618E-002
   128.999996661660       7.328821492947495E-002
   129.099996655723       7.328307462425249E-002
   129.199996649786       7.327804250566501E-002
   129.299996643849       7.327311546996504E-002
   129.399996637912       7.326829062375759E-002
   129.499996631975       7.326356527032955E-002
   129.599996626039       7.325893689641762E-002
   129.699996620102       7.325440315941822E-002
   129.799996614165       7.324996187505912E-002
   129.899996608228       7.324561100554101E-002
   129.999996602291       7.324134864814696E-002
   130.099996596355       7.323717302433425E-002
   130.199996590418       7.323308246930410E-002
   130.299996584481       7.322907542205644E-002
   130.399996578544       7.322515041592674E-002
   130.499996572607       7.322130606960188E-002
   130.599996566670       7.321754107861470E-002
   130.699996560734       7.321385420731394E-002
   130.799996554797       7.321024428129820E-002
   130.899996548860       7.320671018031369E-002
   130.999996542923       7.320325083160120E-002
   131.099996536986       7.319986520369108E-002
   131.199996531050       7.319655230063138E-002
   131.299996525113       7.319331115663449E-002
   131.399996519176       7.319014083114575E-002
   131.499996513239       7.318704040430130E-002
   131.599996507302       7.318400897278042E-002
   131.699996501365       7.318104564602700E-002
   131.799996495429       7.317814954283171E-002
   131.899996489492       7.317531978826843E-002
   131.999996483555       7.317255551094816E-002
   132.099996477618       7.316985584059955E-002
   132.199996471681       7.316721990595204E-002
   132.299996465745       7.316464683290283E-002
   132.399996459808       7.316213574295166E-002
   132.499996453871       7.315968575190816E-002
   132.599996447934       7.315729596882352E-002
   132.699996441997       7.315496549516091E-002
   132.799996436060       7.315269342417914E-002
   132.899996430124       7.315047884050027E-002
   132.999996424187       7.314832081989346E-002
   133.099996418250       7.314621842917929E-002
   133.199996412313       7.314417072635054E-002
   133.299996406376       7.314217676077334E-002
   133.399996400440       7.314023557357890E-002
   133.499996394503       7.313834619811867E-002
   133.599996388566       7.313650766057289E-002
   133.699996382629       7.313471898060364E-002
   133.799996376692       7.313297917214411E-002
   133.899996370756       7.313128724420000E-002
   133.999996364819       7.312964220177601E-002
   134.099996358882       7.312804304679024E-002
   134.199996352945       7.312648877907699E-002
   134.299996347008       7.312497839740727E-002
   134.399996341071       7.312351090050907E-002
   134.499996335135       7.312208528816319E-002
   134.599996329198       7.312070056223102E-002
   134.699996323261       7.311935572774986E-002
   134.799996317324       7.311804979400026E-002
   134.899996311387       7.311678177553080E-002
   134.999996305451       7.311555069322855E-002
   135.099996299514       7.311435557532943E-002
   135.199996293577       7.311319545838060E-002
   135.299996287640       7.311206938823976E-002
   135.399996281703       7.311097642099000E-002
   135.499996275766       7.310991562380859E-002
   135.599996269830       7.310888607583829E-002
   135.699996263893       7.310788686900396E-002
   135.799996257956       7.310691710875063E-002
   135.899996252019       7.310597591475598E-002
   135.999996246082       7.310506242163373E-002
   136.099996240146       7.310417577953331E-002
   136.199996234209       7.310331515469053E-002
   136.299996228272       7.310247972995709E-002
   136.399996222335       7.310166870529100E-002
   136.499996216398       7.310088129815616E-002
   136.599996210461       7.310011674387713E-002
   136.699996204525       7.309937429595305E-002
   136.799996198588       7.309865322635166E-002
   136.899996192651       7.309795282571972E-002
   136.999996186714       7.309727240353650E-002
   137.099996180777       7.309661128823389E-002
   137.199996174841       7.309596882728399E-002
   137.299996168904       7.309534438725269E-002
   137.399996162967       7.309473735377221E-002
   137.499996157030       7.309414713149834E-002
   137.599996151093       7.309357314401026E-002
   137.699996145156       7.309301483368436E-002
   137.799996139220       7.309247166156690E-002
   137.899996133283       7.309194310716806E-002
   137.999996127346       7.309142866823179E-002
   138.099996121409       7.309092786048935E-002
   138.199996115472       7.309044021736502E-002
   138.299996109536       7.308996528966998E-002
   138.399996103599       7.308950264530634E-002
   138.499996097662       7.308905186890431E-002
   138.599996091725       7.308861256144419E-002
   138.699996085788       7.308818433988892E-002
   138.799996079851       7.308776683675705E-002
   138.899996073915       7.308735969973237E-002
   138.999996067978       7.308696259120920E-002
   139.099996062041       7.308657518788662E-002
   139.199996056104       7.308619718033317E-002
   139.299996050167       7.308582827251885E-002
   139.399996044231       7.308546818137177E-002
   139.499996038294       7.308511663630612E-002
   139.599996032357       7.308477337877488E-002
   139.699996026420       7.308443816181032E-002
   139.799996020483       7.308411074955720E-002
   139.899996014546       7.308379091681355E-002
   139.999996008610       7.308347844860263E-002
   140.099996002673       7.308317313971731E-002
   140.199995996736       7.308287479428356E-002
   140.299995990799       7.308258322531493E-002
   140.399995984862       7.308229825428385E-002
   140.499995978926       7.308201971071285E-002
   140.599995972989       7.308174743176489E-002
   140.699995967052       7.308148126182561E-002
   140.799995961115       7.308122105213695E-002
   140.899995955178       7.308096666040728E-002
   140.999995949241       7.308071795044965E-002
   141.099995943305       7.308047479179711E-002
   141.199995937368       7.308023705942940E-002
   141.299995931431       7.308000463338458E-002
   141.399995925494       7.307977739847329E-002
   141.499995919557       7.307955524395389E-002
   141.599995913621       7.307933806325541E-002
   141.699995907684       7.307912575367195E-002
   141.799995901747       7.307891821613939E-002
   141.899995895810       7.307871535493364E-002
   141.999995889873       7.307851707748629E-002
   142.099995883936       7.307832329410703E-002
   142.199995878000       7.307813391779908E-002
   142.299995872063       7.307794886404805E-002
   142.399995866126       7.307776805063936E-002
   142.499995860189       7.307759139747277E-002
   142.599995854252       7.307741882639808E-002
   142.699995848316       7.307725026105490E-002
   142.799995842379       7.307708562674124E-002
   142.899995836442       7.307692485030080E-002
   142.999995830505       7.307676785996575E-002
   143.099995824568       7.307661458527259E-002
   143.199995818631       7.307646495693698E-002
   143.299995812695       7.307631890676651E-002
   143.399995806758       7.307617636759209E-002
   143.499995800821       7.307603727316729E-002
   143.599995794884       7.307590155812871E-002
   143.699995788947       7.307576915791039E-002
   143.799995783011       7.307564000871559E-002
   143.899995777074       7.307551404745602E-002
   143.999995771137       7.307539121170635E-002
   144.099995765200       7.307527143968935E-002
   144.199995759263       7.307515467025096E-002
   144.299995753326       7.307504084280970E-002
   144.399995747390       7.307492989737266E-002
   144.499995741453       7.307482177448725E-002
   144.599995735516       7.307471641527465E-002
   144.699995729579       7.307461376139550E-002
   144.799995723642       7.307451375504641E-002
   144.899995717706       7.307441633897124E-002
   144.999995711769       7.307432145649070E-002
   145.099995705832       7.307422905144362E-002
   145.199995699895       7.307413906826395E-002
   145.299995693958       7.307405145193741E-002
   145.399995688021       7.307396614806071E-002
   145.499995682085       7.307388310280823E-002
   145.599995676148       7.307380226296260E-002
   145.699995670211       7.307372357597969E-002
   145.799995664274       7.307364698993241E-002
   145.899995658337       7.307357245357493E-002
   145.999995652401       7.307349991634560E-002
   146.099995646464       7.307342932833311E-002
   146.199995640527       7.307336064040179E-002
   146.299995634590       7.307329380409201E-002
   146.399995628653       7.307322877173986E-002
   146.499995622716       7.307316549636284E-002
   146.599995616780       7.307310393180752E-002
   146.699995610843       7.307304403269994E-002
   146.799995604906       7.307298575445287E-002
   146.899995598969       7.307292905328854E-002
   146.999995593032       7.307287388625798E-002
   147.099995587096       7.307282021123931E-002
   147.199995581159       7.307276798694916E-002
   147.299995575222       7.307271717294711E-002
   147.399995569285       7.307266772966033E-002
   147.499995563348       7.307261961835695E-002
   147.599995557411       7.307257280117327E-002
   147.699995551475       7.307252724108708E-002
   147.799995545538       7.307248290202317E-002
   147.899995539601       7.307243974867063E-002
   147.999995533664       7.307239774666245E-002
   148.099995527727       7.307235686240060E-002
   148.199995521791       7.307231706324466E-002
   148.299995515854       7.307227831741486E-002
   148.399995509917       7.307224059389275E-002
   148.499995503980       7.307220386252214E-002
   148.599995498043       7.307216809404389E-002
   148.699995492106       7.307213326003985E-002
   148.799995486170       7.307209933275696E-002
   148.899995480233       7.307206628544625E-002
   148.999995474296       7.307203409203010E-002
   149.099995468359       7.307200272723861E-002
   149.199995462422       7.307197216663494E-002
   149.299995456486       7.307194238641199E-002
   149.399995450549       7.307191336366682E-002
   149.499995444612       7.307188507610983E-002
   149.599995438675       7.307185750222153E-002
   149.699995432738       7.307183062112201E-002
   149.799995426802       7.307180441274336E-002
   149.899995420865       7.307177885750894E-002
   149.999995414928       7.307175393665524E-002
