   95.0999986742407        11889.5922041958     
   95.1999986683039        11889.5922041826     
   95.2999986623671        11889.5922041693     
   95.3999986564303        11889.5922041561     
   95.4999986504935        11889.5922041428     
   95.5999986445566        11889.5922041296     
   95.6999986386198        11889.5922041163     
   95.7999986326830        11889.5922041031     
   95.8999986267462        11889.5922040898     
   95.9999986208094        11889.5922040766     
   96.0999986148725        11889.5922040634     
   96.1999986089357        11889.5922040501     
   96.2999986029989        11889.5922040369     
   96.3999985970621        11889.5922040236     
   96.4999985911253        11889.5922040103     
   96.5999985851885        11889.5922039971     
   96.6999985792516        11889.5922039838     
   96.7999985733148        11889.5922039706     
   96.8999985673780        11889.5922039573     
   96.9999985614412        11889.5922039441     
   97.0999985555044        11889.5922039308     
   97.1999985495676        11889.5922039176     
   97.2999985436307        11889.5922039043     
   97.3999985376939        11889.5922038910     
   97.4999985317571        11889.5922038778     
   97.5999985258203        11889.5922038645     
   97.6999985198835        11889.5922038513     
   97.7999985139466        11889.5922038380     
   97.8999985080098        11889.5922038247     
   97.9999985020730        11889.5922038115     
   98.0999984961362        11889.5922037982     
   98.1999984901994        11889.5922037849     
   98.2999984842626        11889.5922037717     
   98.3999984783257        11889.5922037584     
   98.4999984723889        11889.5922037451     
   98.5999984664521        11889.5922037318     
   98.6999984605153        11889.5922037186     
   98.7999984545785        11889.5922037053     
   98.8999984486417        11889.5922036920     
   98.9999984427048        11889.5922036788     
   99.0999984367680        11889.5922036655     
   99.1999984308312        11889.5922036522     
   99.2999984248944        11889.5922036389     
   99.3999984189576        11889.5922036257     
   99.4999984130207        11889.5922036124     
   99.5999984070839        11889.5922035991     
   99.6999984011471        11889.5922035858     
   99.7999983952103        11889.5922035725     
   99.8999983892735        11889.5922035593     
   99.9999983833367        11889.5922035460     
   100.099998377400        6561.16811167357     
   100.199998371463        6867.16820255973     
   100.299998365526        7099.58446971160     
   100.399998359589        7285.99799699723     
   100.499998353653        7439.28280825747     
   100.599998347716        7567.63122271261     
   100.699998341779        7676.70800315414     
   100.799998335842        7770.56476983159     
   100.899998329905        7852.16066765049     
   100.999998323968        7923.70433832527     
   101.099998318032        7986.88871743344     
   101.199998312095        8043.04652138984     
   101.299998306158        8093.24856278353     
   101.399998300221        8138.36561130082     
   101.499998294284        8179.11005251070     
   101.599998288348        8216.06728527786     
   101.699998282411        8249.72108253581     
   101.799998276474        8280.47423899941     
   101.899998270537        8308.66519957904     
   101.999998264600        8334.58143670002     
   102.099998258663        8358.47029165004     
   102.199998252727        8380.54768541753     
   102.299998246790        8401.00470729474     
   102.399998240853        8420.01190038119     
   102.499998234916        8437.72133045660     
   102.599998228979        8454.26714466268     
   102.699998223043        8469.76577858944     
   102.799998217106        8484.31680207314     
   102.899998211169        8498.00472914918     
   102.999998205232        8510.90148551222     
   103.099998199295        8523.06898805142     
   103.199998193358        8534.56140668366     
   103.299998187422        8545.42691978659     
   103.399998181485        8555.70896828551     
   103.499998175548        8565.44710920672     
   103.599998169611        8574.67758918892     
   103.699998163674        8583.43373982809     
   103.799998157738        8591.74626728797     
   103.899998151801        8599.64348198218     
   103.999998145864        8607.15149464272     
   104.099998139927        8614.29439253378     
   104.199998133990        8621.09440225812     
   104.299998128054        8627.57204174392     
   104.399998122117        8633.74626220649     
   104.499998116180        8639.63458021087     
   104.599998110243        8645.25319984267     
   104.699998104306        8650.61712510357     
   104.799998098369        8655.74026281866     
   104.899998092433        8660.63551649633     
   104.999998086496        8665.31487169265     
   105.099998080559        8669.78947349815     
   105.199998074622        8674.06969679048     
   105.299998068685        8678.16520989233     
   105.399998062749        8682.08503225038     
   105.499998056812        8685.83758671430     
   105.599998050875        8689.43074695132     
   105.699998044938        8692.87188048449     
   105.799998039001        8696.16788779993     
   105.899998033064        8699.32523792088     
   105.999998027128        8702.35000080741     
   106.099998021191        8705.24787690151     
   106.199998015254        8708.02422410431     
   106.299998009317        8710.68408243965     
   106.399998003380        8713.23219663234     
   106.499997997444        8715.67303680329     
   106.599997991507        8718.01081746326     
   106.699997985570        8720.24951496639     
   106.799997979633        8722.39288356853     
   106.899997973696        8724.44447021976     
   106.999997967759        8726.40762820665     
   107.099997961823        8728.28552974902     
   107.199997955886        8730.08117764386     
   107.299997949949        8731.79741604111     
   107.399997944012        8733.43694042690     
   107.499997938075        8735.00230688208     
   107.599997932139        8736.49594067838     
   107.699997926202        8737.92014426753     
   107.799997920265        8739.27710471361     
   107.899997914328        8740.56890061509     
   107.999997908391        8741.79750855726     
   108.099997902454        8742.96480913301     
   108.199997896518        8744.07259256664     
   108.299997890581        8745.12256397098     
   108.399997884644        8746.11634826730     
   108.499997878707        8747.05549479363     
   108.599997872770        8747.94148162355     
   108.699997866834        8748.77571962010     
   108.799997860897        8749.55955624232     
   108.899997854960        8750.29427912298     
   108.999997849023        8750.98111943447     
   109.099997843086        8751.62125505764     
   109.199997837149        8752.21581356794     
   109.299997831213        8752.76587505130     
   109.399997825276        8753.27247476161     
   109.499997819339        8753.73660563082     
   109.599997813402        8754.15922064109     
   109.699997807465        8754.54123506877     
   109.799997801529        8754.88352860802     
   109.899997795592        8755.18694738232     
   109.999997789655        8755.45230585071     
   110.099997783718        8755.68038861539     
   110.199997777781        8755.87195213665     
   110.299997771844        8756.02772636119     
   110.399997765908        8756.14841626836     
   110.499997759971        8756.23470333944     
   110.599997754034        8756.28724695438     
   110.699997748097        8756.30668571996     
   110.799997742160        8756.29363873314     
   110.899997736224        8756.24870678313     
   110.999997730287        8756.17247349507     
   111.099997724350        8756.06550641917     
   111.199997718413        8755.92835806683     
   111.299997712476        8755.76156689705     
   111.399997706539        8755.56565825571     
   111.499997700603        8755.34114526895     
   111.599997694666        8755.08852969372     
   111.699997688729        8754.80830272654     
   111.799997682792        8754.50094577285     
   111.899997676855        8754.16693117800     
   111.999997670919        8753.80672292201     
   112.099997664982        8753.42077727885     
   112.199997659045        8753.00954344200     
   112.299997653108        8752.57346411743     
   112.399997647171        8752.11297608498     
   112.499997641234        8751.62851072938     
   112.599997635298        8751.12049454175     
   112.699997629361        8750.58934959289     
   112.799997623424        8750.03549397872     
   112.899997617487        8749.45934223915     
   112.999997611550        8748.86130575105     
   113.099997605614        8748.24179309601     
   113.199997599677        8747.60121040377     
   113.299997593740        8746.93996167184     
   113.399997587803        8746.25844906217     
   113.499997581866        8745.55707317560     
   113.599997575929        8744.83623330411     
   113.699997569993        8744.09632766253     
   113.799997564056        8743.33775359927     
   113.899997558119        8742.56090778741     
   113.999997552182        8741.76618639622     
   114.099997546245        8740.95398524396     
   114.199997540309        8740.12469993264     
   114.299997534372        8739.27872596465     
   114.399997528435        8738.41645884279     
   114.499997522498        8737.53829415324     
   114.599997516561        8736.64462763285     
   114.699997510624        8735.73585522067     
   114.799997504688        8734.81237309452     
   114.899997498751        8733.87457769340     
   114.999997492814        8732.92286572564     
   115.099997486877        8731.95763416385     
   115.199997480940        8730.97928022712     
   115.299997475004        8729.98820135070     
   115.399997469067        8728.98479514415     
   115.499997463130        8727.96945933812     
   115.599997457193        8726.94259172052     
   115.699997451256        8725.90459006244     
   115.799997445319        8724.85585203466     
   115.899997439383        8723.79677511472     
   115.999997433446        8722.72775648591     
   116.099997427509        8721.64919292782     
   116.199997421572        8720.56148069963     
   116.299997415635        8719.46501541635     
   116.399997409699        8718.36019191877     
   116.499997403762        8717.24740413730     
   116.599997397825        8716.12704495050     
   116.699997391888        8714.99950603885     
   116.799997385951        8713.86517773387     
   116.899997380014        8712.72444886372     
   116.999997374078        8711.57770659503     
   117.099997368141        8710.42533627227     
   117.199997362204        8709.26772125435     
   117.299997356267        8708.10524274947     
   117.399997350330        8706.93827964848     
   117.499997344394        8705.76720835725     
   117.599997338457        8704.59240262834     
   117.699997332520        8703.41423339285     
   117.799997326583        8702.23306859207     
   117.899997320646        8701.04927301015     
   117.999997314709        8699.86320810825     
   118.099997308773        8698.67523185876     
   118.199997302836        8697.48569858362     
   118.299997296899        8696.29495879289     
   118.399997290962        8695.10335902674     
   118.499997285025        8693.91124170025     
   118.599997279089        8692.71894495134     
   118.699997273152        8691.52680249242     
   118.799997267215        8690.33514346549     
   118.899997261278        8689.14429230182     
   118.999997255341        8687.95456858540     
   119.099997249404        8686.76628692171     
   119.199997243468        8685.57975680969     
   119.299997237531        8684.39528252096     
   119.399997231594        8683.21316298273     
   119.499997225657        8682.03369166669     
   119.599997219720        8680.85715648239     
   119.699997213784        8679.68383967789     
   119.799997207847        8678.51401774531     
   119.899997201910        8677.34796133174     
   119.999997195973        8676.18593515778     
   120.099997190036        16935.6889181271     
   120.199997184100        16844.2279757782     
   120.299997178163        16746.2626703102     
   120.399997172226        16639.6521523313     
   120.499997166289        16523.8976970152     
   120.599997160352        16398.5510561158     
   120.699997154415        16263.2388837328     
   120.799997148479        16117.7010272214     
   120.899997142542        15961.8350546802     
   120.999997136605        15795.7474168306     
   121.099997130668        15619.8145260891     
   121.199997124731        15434.7608668538     
   121.299997118795        15241.7344862155     
   121.399997112858        15042.2278039017     
   121.499997106921        14837.7483100140     
   121.599997100984        14629.8081552255     
   121.699997095047        14420.3336261637     
   121.799997089110        14211.7243050534     
   121.899997083174        14006.5818659182     
   121.999997077237        13807.4403904922     
   122.099997071300        13616.5793896493     
   122.199997065363        13435.9078884974     
   122.299997059426        13266.9016360585     
   122.399997053490        13110.5786835904     
   122.499997047553        12967.5060870620     
   122.599997041616        12837.8339812221     
   122.699997035679        12721.3513042419     
   122.799997029742        12617.5548949962     
   122.899997023805        12525.7231976385     
   122.999997017869        12444.9871957185     
   123.099997011932        12374.3934574752     
   123.199997005995        12312.9564940134     
   123.299997000058        12259.6995613356     
   123.399996994121        12213.6844079144     
   123.499996988185        12174.0312925555     
   123.599996982248        12139.9309742179     
   123.699996976311        12110.6504360433     
   123.799996970374        12085.5339713137     
   123.899996964437        12064.0010252170     
   123.999996958500        12045.5419198908     
   124.099996952564        12029.7123324769     
   124.199996946627        12016.1271686035     
   124.299996940690        12004.4542854315     
   124.399996934753        11994.4083696630     
   124.499996928816        11985.7451629597     
   124.599996922880        11978.2561443884     
   124.699996916943        11971.7637209265     
   124.799996911006        11966.1169371110     
   124.899996905069        11961.1876889788     
   124.999996899132        11956.8674116572     
   125.099996893195        11953.0642013466     
   125.199996887259        11949.7003287476     
   125.299996881322        11946.7101005471     
   125.399996875385        11944.0380271803     
   125.499996869448        11941.6372578985     
   125.599996863511        11939.4682476038     
   125.699996857575        11937.4976235671     
   125.799996851638        11935.6972237987     
   125.899996845701        11934.0432822934     
   125.999996839764        11932.5157395884     
   126.099996833827        11931.0976599829     
   126.199996827890        11929.7747393542     
   126.299996821954        11928.5348898004     
   126.399996816017        11927.3678893425     
   126.499996810080        11926.2650866530     
   126.599996804143        11925.2191522810     
   126.699996798206        11924.2238691552     
   126.799996792270        11923.2739560901     
   126.899996786333        11922.3649195036     
   126.999996780396        11921.4929282933     
   127.099996774459        11920.6547088169     
   127.199996768522        11919.8474564594     
   127.299996762585        11919.0687612687     
   127.399996756649        11918.3165454214     
   127.499996750712        11917.5890106379     
   127.599996744775        11916.8845939712     
   127.699996738838        11916.2019306352     
   127.799996732901        11915.5398227564     
   127.899996726965        11914.8972131049     
   127.999996721028        11914.2731630127     
   128.099996715091        11913.6668338143     
   128.199996709154        11913.0774712470     
   128.299996703217        11912.5043923425     
   128.399996697280        11911.9469744143     
   128.499996691344        11911.4046458059     
   128.599996685407        11910.8768781248     
   128.699996679470        11910.3631797231     
   128.799996673533        11909.8630902340     
   128.899996667596        11909.3761759947     
   128.999996661660        11908.9020262178     
   129.099996655723        11908.4402497969     
   129.199996649786        11907.9904726493     
   129.299996643849        11907.5523355070     
   129.399996637912        11907.1254921009     
   129.499996631975        11906.7096076658     
   129.599996626039        11906.3043577234     
   129.699996620102        11905.9094271070     
   129.799996614165        11905.5245091868     
   129.899996608228        11905.1493052599     
   129.999996602291        11904.7835240939     
   130.099996596355        11904.4268815953     
   130.199996590418        11904.0791005746     
   130.299996584481        11903.7399106077     
   130.399996578544        11903.4090479644     
   130.499996572607        11903.0862555945     
   130.599996566670        11902.7712831683     
   130.699996560734        11902.4638871429     
   130.799996554797        11902.1638308604     
   130.899996548860        11901.8708846577     
   130.999996542923        11901.5848259883     
   131.099996536986        11901.3054395460     
   131.199996531050        11901.0325173682     
   131.299996525113        11900.7658589422     
   131.399996519176        11900.5052712853     
   131.499996513239        11900.2505690074     
   131.599996507302        11900.0015743353     
   131.699996501365        11899.7581171164     
   131.799996495429        11899.5200347919     
   131.899996489492        11899.2871723364     
   131.999996483555        11899.0593821422     
   132.099996477618        11898.8365239194     
   132.199996471681        11898.6184644998     
   132.299996465745        11898.4050776923     
   132.399996459808        11898.1962439030     
   132.499996453871        11897.9918502608     
   132.599996447934        11897.7917898450     
   132.699996441997        11897.5959616960     
   132.799996436060        11897.4042704995     
   132.899996430124        11897.2166261729     
   132.999996424187        11897.0329435464     
   133.099996418250        11896.8531420670     
   133.199996412313        11896.6771454203     
   133.299996406376        11896.5048811958     
   133.399996400440        11896.3362805573     
   133.499996394503        11896.1712779065     
   133.599996388566        11896.0098105567     
   133.699996382629        11895.8518184429     
   133.799996376692        11895.6972438176     
   133.899996370756        11895.5460309771     
   133.999996364819        11895.3981259742     
   134.099996358882        11895.2534764311     
   134.199996352945        11895.1120312613     
   134.299996347008        11894.9737404900     
   134.399996341071        11894.8385550514     
   134.499996335135        11894.7064266587     
   134.599996329198        11894.5773076098     
   134.699996323261        11894.4511506819     
   134.799996317324        11894.3279090082     
   134.899996311387        11894.2075359963     
   134.999996305451        11894.0899852430     
   135.099996299514        11893.9752104479     
   135.199996293577        11893.8631653805     
   135.299996287640        11893.7538038513     
   135.399996281703        11893.6470796586     
   135.499996275766        11893.5429465803     
   135.599996269830        11893.4413583635     
   135.699996263893        11893.3422687432     
   135.799996257956        11893.2456314191     
   135.899996252019        11893.1514000954     
   135.999996246082        11893.0595284667     
   136.099996240146        11892.9699702834     
   136.199996234209        11892.8826793552     
   136.299996228272        11892.7976095754     
   136.399996222335        11892.7147149663     
   136.499996216398        11892.6339497000     
   136.599996210461        11892.5552681578     
   136.699996204525        11892.4786249473     
   136.799996198588        11892.4039749335     
   136.899996192651        11892.3312732818     
   136.999996186714        11892.2604755148     
   137.099996180777        11892.1915375200     
   137.199996174841        11892.1244155881     
   137.299996168904        11892.0590664545     
   137.399996162967        11891.9954473221     
   137.499996157030        11891.9335159032     
   137.599996151093        11891.8732304519     
   137.699996145156        11891.8145497600     
   137.799996139220        11891.7574332121     
   137.899996133283        11891.7018407949     
   137.999996127346        11891.6477331417     
   138.099996121409        11891.5950715081     
   138.199996115472        11891.5438178287     
   138.299996109536        11891.4939347191     
   138.399996103599        11891.4453854858     
   138.499996097662        11891.3981341499     
   138.599996091725        11891.3521454494     
   138.699996085788        11891.3073848479     
   138.799996079851        11891.2638185380     
   138.899996073915        11891.2214134560     
   138.999996067978        11891.1801372930     
   139.099996062041        11891.1399584654     
   139.199996056104        11891.1008461660     
   139.299996050167        11891.0627703195     
   139.399996044231        11891.0257015827     
   139.499996038294        11890.9896113844     
   139.599996032357        11890.9544718651     
   139.699996026420        11890.9202559272     
   139.799996020483        11890.8869371937     
   139.899996014546        11890.8544900023     
   139.999996008610        11890.8228893981     
   140.099996002673        11890.7921111411     
   140.199995996736        11890.7621316893     
   140.299995990799        11890.7329281923     
   140.399995984862        11890.7044784425     
   140.499995978926        11890.6767609238     
   140.599995972989        11890.6497547725     
   140.699995967052        11890.6234397390     
   140.799995961115        11890.5977962056     
   140.899995955178        11890.5728052023     
   140.999995949241        11890.5484482678     
   141.099995943305        11890.5247076186     
   141.199995937368        11890.5015659893     
   141.299995931431        11890.4790066675     
   141.399995925494        11890.4570134850     
   141.499995919557        11890.4355708113     
   141.599995913621        11890.4146635239     
   141.699995907684        11890.3942769326     
   141.799995901747        11890.3743969359     
   141.899995895810        11890.3550097855     
   141.999995889873        11890.3361022777     
   142.099995883936        11890.3176615437     
   142.199995878000        11890.2996752081     
   142.299995872063        11890.2821312835     
   142.399995866126        11890.2650181602     
   142.499995860189        11890.2483246081     
   142.599995854252        11890.2320397606     
   142.699995848316        11890.2161531042     
   142.799995842379        11890.2006544607     
   142.899995836442        11890.1855339774     
   142.999995830505        11890.1707820555     
   143.099995824568        11890.1563895074     
   143.199995818631        11890.1423473865     
   143.299995812695        11890.1286469168     
   143.399995806758        11890.1152797785     
   143.499995800821        11890.1022377135     
   143.599995794884        11890.0895128848     
   143.699995788947        11890.0770974834     
   143.799995783011        11890.0649841351     
   143.899995777074        11890.0531655643     
   143.999995771137        11890.0416346506     
   144.099995765200        11890.0303846034     
   144.199995759263        11890.0194087464     
   144.299995753326        11890.0087005863     
   144.399995747390        11889.9982538030     
   144.499995741453        11889.9880622439     
   144.599995735516        11889.9781199176     
   144.699995729579        11889.9684209862     
   144.799995723642        11889.9589597596     
   144.899995717706        11889.9497306915     
   144.999995711769        11889.9407283715     
   145.099995705832        11889.9319475220     
   145.199995699895        11889.9233829933     
   145.299995693958        11889.9150297561     
   145.399995688021        11889.9068828283     
   145.499995682085        11889.8989374505     
   145.599995676148        11889.8911889627     
   145.699995670211        11889.8836326875     
   145.799995664274        11889.8762641876     
   145.899995658337        11889.8690790813     
   145.999995652401        11889.8620730106     
   146.099995646464        11889.8552418600     
   146.199995640527        11889.8485814338     
   146.299995634590        11889.8420877598     
   146.399995628653        11889.8357569059     
   146.499995622716        11889.8295849334     
   146.599995616780        11889.8235681710     
   146.699995610843        11889.8177028900     
   146.799995604906        11889.8119853996     
   146.899995598969        11889.8064122310     
   146.999995593032        11889.8009799205     
   147.099995587096        11889.7956850621     
   147.199995581159        11889.7905243125     
   147.299995575222        11889.7854943917     
   147.399995569285        11889.7805921459     
   147.499995563348        11889.7758144556     
   147.599995557411        11889.7711582667     
   147.699995551475        11889.7666205916     
   147.799995545538        11889.7621985049     
   147.899995539601        11889.7578891451     
   147.999995533664        11889.7536897131     
   148.099995527727        11889.7495974680     
   148.199995521791        11889.7456096846     
   148.299995515854        11889.7417237957     
   148.399995509917        11889.7379372500     
   148.499995503980        11889.7342475489     
   148.599995498043        11889.7306522255     
   148.699995492106        11889.7271488306     
   148.799995486170        11889.7237350688     
   148.899995480233        11889.7204087190     
   148.999995474296        11889.7171675036     
   149.099995468359        11889.7140091299     
   149.199995462422        11889.7109316600     
   149.299995456486        11889.7079329364     
   149.399995450549        11889.7050108325     
   149.499995444612        11889.7021635614     
   149.599995438675        11889.6993890098     
   149.699995432738        11889.6966854232     
   149.799995426802        11889.6940509042     
   149.899995420865        11889.6914836425     
   149.999995414928        11889.6889819701     
