   95.0999986742407        11990.5722903632     
   95.1999986683039        11990.5722903504     
   95.2999986623671        11990.5722903375     
   95.3999986564303        11990.5722903247     
   95.4999986504935        11990.5722903118     
   95.5999986445566        11990.5722902990     
   95.6999986386198        11990.5722902861     
   95.7999986326830        11990.5722902733     
   95.8999986267462        11990.5722902604     
   95.9999986208094        11990.5722902476     
   96.0999986148725        11990.5722902347     
   96.1999986089357        11990.5722902219     
   96.2999986029989        11990.5722902090     
   96.3999985970621        11990.5722901962     
   96.4999985911253        11990.5722901833     
   96.5999985851885        11990.5722901705     
   96.6999985792516        11990.5722901576     
   96.7999985733148        11990.5722901447     
   96.8999985673780        11990.5722901319     
   96.9999985614412        11990.5722901190     
   97.0999985555044        11990.5722901062     
   97.1999985495676        11990.5722900933     
   97.2999985436307        11990.5722900804     
   97.3999985376939        11990.5722900676     
   97.4999985317571        11990.5722900547     
   97.5999985258203        11990.5722900418     
   97.6999985198835        11990.5722900290     
   97.7999985139466        11990.5722900161     
   97.8999985080098        11990.5722900032     
   97.9999985020730        11990.5722899904     
   98.0999984961362        11990.5722899775     
   98.1999984901994        11990.5722899646     
   98.2999984842626        11990.5722899517     
   98.3999984783257        11990.5722899389     
   98.4999984723889        11990.5722899260     
   98.5999984664521        11990.5722899131     
   98.6999984605153        11990.5722899002     
   98.7999984545785        11990.5722898874     
   98.8999984486417        11990.5722898745     
   98.9999984427048        11990.5722898616     
   99.0999984367680        11990.5722898487     
   99.1999984308312        11990.5722898359     
   99.2999984248944        11990.5722898230     
   99.3999984189576        11990.5722898101     
   99.4999984130207        11990.5722897972     
   99.5999984070839        11990.5722897843     
   99.6999984011471        11990.5722897714     
   99.7999983952103        11990.5722897586     
   99.8999983892735        11990.5722897457     
   99.9999983833367        11990.5722897328     
   100.099998377400        6577.86800167265     
   100.199998371463        6930.15045316590     
   100.299998365526        7200.70558297225     
   100.399998359589        7415.00077030030     
   100.499998353653        7588.79813108202     
   100.599998347716        7732.60275753748     
   100.699998341779        7853.61996511479     
   100.799998335842        7956.91049687711     
   100.899998329905        8046.09779825238     
   100.999998323968        8123.83518885040     
   101.099998318032        8192.12620524623     
   101.199998312095        8252.53257332423     
   101.299998306158        8306.30059135492     
   101.399998300221        8354.43715890024     
   101.499998294284        8397.75998426569     
   101.599998288348        8436.93596795439     
   101.699998282411        8472.51254071272     
   101.799998276474        8504.94284591922     
   101.899998270537        8534.60537872466     
   101.999998264600        8561.81915557825     
   102.099998258663        8586.85559568766     
   102.199998252727        8609.94806387834     
   102.299998246790        8631.29965307682     
   102.399998240853        8651.08940698358     
   102.499998234916        8669.47691589935     
   102.599998228979        8686.60519719290     
   102.699998223043        8702.60204899349     
   102.799998217106        8717.58047055598     
   102.899998211169        8731.63894782860     
   102.999998205232        8744.86221959863     
   103.099998199295        8757.32270468329     
   103.199998193358        8769.08238573175     
   103.299998187422        8780.19479434089     
   103.399998181485        8790.70680147472     
   103.499998175548        8800.66006236462     
   103.599998169611        8810.09209442196     
   103.699998163674        8819.03704147478     
   103.799998157738        8827.52620296786     
   103.899998151801        8835.58840248419     
   103.999998145864        8843.25025362769     
   104.099998139927        8850.53636347873     
   104.199998133990        8857.46949910924     
   104.299998128054        8864.07073210452     
   104.399998122117        8870.35956921356     
   104.499998116180        8876.35407317206     
   104.599998110243        8882.07097549928     
   104.699998104306        8887.52578196258     
   104.799998098369        8892.73287093290     
   104.899998092433        8897.70558472580     
   104.999998086496        8902.45631404717     
   105.099998080559        8906.99657574139     
   105.199998074622        8911.33708412501     
   105.299998068685        8915.48781625621     
   105.399998062749        8919.45807153680     
   105.499998056812        8923.25652606271     
   105.599998050875        8926.89128214713     
   105.699998044938        8930.36991342872     
   105.799998039001        8933.69950595966     
   105.899998033064        8936.88669564482     
   105.999998027128        8939.93770237473     
   106.099998021191        8942.85836116768     
   106.199998015254        8945.65415060877     
   106.299998009317        8948.33021884536     
   106.399998003380        8950.89140737408     
   106.499997997444        8953.34227283150     
   106.599997991507        8955.68710697835     
   106.699997985570        8957.92995504839     
   106.799997979633        8960.07463261501     
   106.899997973696        8962.12474111396     
   106.999997967759        8964.08368214537     
   107.099997961823        8965.95467066661     
   107.199997955886        8967.74074717542     
   107.299997949949        8969.44478897371     
   107.399997944012        8971.06952059297     
   107.499997938075        8972.61752345417     
   107.599997932139        8974.09124482799     
   107.699997926202        8975.49300615519     
   107.799997920265        8976.82501078137     
   107.899997914328        8978.08935115336     
   107.999997908391        8979.28801552368     
   108.099997902454        8980.42289420146     
   108.199997896518        8981.49578538721     
   108.299997890581        8982.50840062401     
   108.399997884644        8983.46236989592     
   108.499997878707        8984.35924640031     
   108.599997872770        8985.20051102018     
   108.699997866834        8985.98757651833     
   108.799997860897        8986.72179147502     
   108.899997854960        8987.40444398790     
   108.999997849023        8988.03676515164     
   109.099997843086        8988.61993233348     
   109.199997837149        8989.15507225936     
   109.299997831213        8989.64326392366     
   109.399997825276        8990.08554133550     
   109.499997819339        8990.48289611219     
   109.599997813402        8990.83627993132     
   109.699997807465        8991.14660684937     
   109.799997801529        8991.41475549785     
   109.899997795592        8991.64157116188     
   109.999997789655        8991.82786775271     
   110.099997783718        8991.97442967770     
   110.199997777781        8992.08201361421     
   110.299997771844        8992.15135019601     
   110.399997765908        8992.18314561447     
   110.499997759971        8992.17808314103     
   110.599997754034        8992.13682457464     
   110.699997748097        8992.06001161929     
   110.799997742160        8991.94826719456     
   110.899997736224        8991.80219668263     
   110.999997730287        8991.62238911661     
   111.099997724350        8991.40941831113     
   111.199997718413        8991.16384393922     
   111.299997712476        8990.88621255753     
   111.399997706539        8990.57705858248     
   111.499997700603        8990.23690521961     
   111.599997694666        8989.86626534753     
   111.699997688729        8989.46564235929     
   111.799997682792        8989.03553096212     
   111.899997676855        8988.57641793724     
   111.999997670919        8988.08878286179     
   112.099997664982        8987.57309879322     
   112.199997659045        8987.02983291866     
   112.299997653108        8986.45944716930     
   112.399997647171        8985.86239880167     
   112.499997641234        8985.23914094649     
   112.599997635298        8984.59012312596     
   112.699997629361        8983.91579174080     
   112.799997623424        8983.21659052760     
   112.899997617487        8982.49296098746     
   112.999997611550        8981.74534278636     
   113.099997605614        8980.97417412837     
   113.199997599677        8980.17989210227     
   113.299997593740        8979.36293300211     
   113.399997587803        8978.52373262263     
   113.499997581866        8977.66272653000     
   113.599997575929        8976.78035030831     
   113.699997569993        8975.87703978296     
   113.799997564056        8974.95323122124     
   113.899997558119        8974.00936150935     
   113.999997552182        8973.04586831000     
   114.099997546245        8972.06319019709     
   114.199997540309        8971.06176677063     
   114.299997534372        8970.04203875153     
   114.399997528435        8969.00444805609     
   114.499997522498        8967.94943785313     
   114.599997516561        8966.87745260242     
   114.699997510624        8965.78893807394     
   114.799997504688        8964.68434135220     
   114.899997498751        8963.56411082248     
   114.999997492814        8962.42869614163     
   115.099997486877        8961.27854819348     
   115.199997480940        8960.11411902963     
   115.299997475004        8958.93586179555     
   115.399997469067        8957.74423064371     
   115.499997463130        8956.53968063364     
   115.599997457193        8955.32266761938     
   115.699997451256        8954.09364812562     
   115.799997445319        8952.85307921248     
   115.899997439383        8951.60141833001     
   115.999997433446        8950.33912316292     
   116.099997427509        8949.06665146613     
   116.199997421572        8947.78446089171     
   116.299997415635        8946.49300880806     
   116.399997409699        8945.19275211185     
   116.499997403762        8943.88414703326     
   116.599997397825        8942.56764893540     
   116.699997391888        8941.24371210824     
   116.799997385951        8939.91278955795     
   116.899997380014        8938.57533279219     
   116.999997374078        8937.23179160174     
   117.099997368141        8935.88261383957     
   117.199997362204        8934.52824519745     
   117.299997356267        8933.16912898094     
   117.399997350330        8931.80570588350     
   117.499997344394        8930.43841375958     
   117.599997338457        8929.06768739869     
   117.699997332520        8927.69395829890     
   117.799997326583        8926.31765444288     
   117.899997320646        8924.93920007405     
   117.999997314709        8923.55901547620     
   118.099997308773        8922.17751675511     
   118.199997302836        8920.79511562358     
   118.299997296899        8919.41221918975     
   118.399997290962        8918.02922974977     
   118.499997285025        8916.64654458470     
   118.599997279089        8915.26455576233     
   118.699997273152        8913.88364994409     
   118.799997267215        8912.50420819774     
   118.899997261278        8911.12660581583     
   118.999997255341        8909.75121214032     
   119.099997249404        8908.37839039375     
   119.199997243468        8907.00849751745     
   119.299997237531        8905.64188401631     
   119.399997231594        8904.27889381119     
   119.499997225657        8902.91986409855     
   119.599997219720        8901.56512521799     
   119.699997213784        8900.21500052731     
   119.799997207847        8898.86980628578     
   119.899997201910        8897.52985154530     
   119.999997195973        8896.19543804970     
   120.099997190036        17337.7382523359     
   120.199997184100        17223.2790378620     
   120.299997178163        17099.7572103203     
   120.399997172226        16964.7866126316     
   120.499997166289        16817.7455851672     
   120.599997160352        16658.1349942931     
   120.699997154415        16485.6335619082     
   120.799997148479        16300.1751760297     
   120.899997142542        16102.0452091342     
   120.999997136605        15891.9976775558     
   121.099997130668        15671.3309980689     
   121.199997124731        15441.7234497797     
   121.299997118795        15204.9621902343     
   121.399997112858        14963.1827895619     
   121.499997106921        14719.2056115121     
   121.599997100984        14476.3818803394     
   121.699997095047        14238.2303518779     
   121.799997089110        14008.1175591372     
   121.899997083174        13789.0203175991     
   121.999997077237        13583.3664210461     
   122.099997071300        13392.9444829836     
   122.199997065363        13218.8747581099     
   122.299997059426        13061.6350363264     
   122.399997053490        12921.1321366328     
   122.499997047553        12796.8040701844     
   122.599997041616        12687.7358982885     
   122.699997035679        12592.7743336255     
   122.799997029742        12510.6304290979     
   122.899997023805        12439.9644184543     
   122.999997017869        12379.4507704429     
   123.099997011932        12327.8243331852     
   123.199997005995        12283.9100779884     
   123.299997000058        12246.6396361042     
   123.399996994121        12215.0578597766     
   123.499996988185        12188.3223040512     
   123.599996982248        12165.6980245821     
   123.699996976311        12146.5495538215     
   123.799996970374        12130.3314293714     
   123.899996964437        12116.5782380007     
   123.999996958500        12104.8948149638     
   124.099996952564        12094.9469947608     
   124.199996946627        12086.4531339528     
   124.299996940690        12079.1765052102     
   124.399996934753        12072.9185813584     
   124.499996928816        12067.5131778270     
   124.599996922880        12062.8213927509     
   124.699996916943        12058.7272693285     
   124.799996911006        12055.1340999838     
   124.899996905069        12051.9612928356     
   124.999996899132        12049.1417255091     
   125.099996893195        12046.6195177634     
   125.199996887259        12044.3481616350     
   125.299996881322        12042.2889551444     
   125.399996875385        12040.4096926457     
   125.499996869448        12038.6835713961     
   125.599996863511        12037.0882797702     
   125.699996857575        12035.6052377210     
   125.799996851638        12034.2189646023     
   125.899996845701        12032.9165533666     
   125.999996839764        12031.6872334970     
   126.099996833827        12030.5220078785     
   126.199996827890        12029.4133512212     
   126.299996821954        12028.3549596950     
   126.399996816017        12027.3415431210     
   126.499996810080        12026.3686525647     
   126.599996804143        12025.4325372803     
   126.699996798206        12024.5300260701     
   126.799996792270        12023.6584288829     
   126.899996786333        12022.8154552163     
   126.999996780396        12021.9991464569     
   127.099996774459        12021.2078197801     
   127.199996768522        12020.4400216394     
   127.299996762585        12019.6944892033     
   127.399996756649        12018.9701183822     
   127.499996750712        12018.2659373200     
   127.599996744775        12017.5810844118     
   127.699996738838        12016.9147900753     
   127.799996732901        12016.2663616310     
   127.899996726965        12015.6351707600     
   127.999996721028        12015.0206430952     
   128.099996715091        12014.4222495853     
   128.199996709154        12013.8394993188     
   128.299996703217        12013.2719335684     
   128.399996697280        12012.7191208393     
   128.499996691344        12012.1806527516     
   128.599996685407        12011.6561406158     
   128.699996679470        12011.1452125840     
   128.799996673533        12010.6475112734     
   128.899996667596        12010.1626917948     
   128.999996661660        12009.6904201016     
   129.099996655723        12009.2303716243     
   129.199996649786        12008.7822301269     
   129.299996643849        12008.3456867664     
   129.399996637912        12007.9204393070     
   129.499996631975        12007.5061914805     
   129.599996626039        12007.1026524635     
   129.699996620102        12006.7095364507     
   129.799996614165        12006.3265623257     
   129.899996608228        12005.9534534013     
   129.999996602291        12005.5899372319     
   130.099996596355        12005.2357454849     
   130.199996590418        12004.8906138633     
   130.299996584481        12004.5542820809     
   130.399996578544        12004.2264938807     
   130.499996572607        12003.9069970815     
   130.599996566670        12003.5955436793     
   130.699996560734        12003.2918899572     
   130.799996554797        12002.9957966347     
   130.899996548860        12002.7070290478     
   130.999996542923        12002.4253573191     
   131.099996536986        12002.1505565749     
   131.199996531050        12001.8824071589     
   131.299996525113        12001.6206948409     
   131.399996519176        12001.3652110453     
   131.499996513239        12001.1157530720     
   131.599996507302        12000.8721243058     
   131.699996501365        12000.6341344045     
   131.799996495429        12000.4015994732     
   131.899996489492        12000.1743422997     
   131.999996483555        11999.9521923325     
   132.099996477618        11999.7349859435     
   132.199996471681        11999.5225665011     
   132.299996465745        11999.3147844015     
   132.399996459808        11999.1114968730     
   132.499996453871        11998.9125683384     
   132.599996447934        11998.7178700495     
   132.699996441997        11998.5272801474     
   132.799996436060        11998.3406835024     
   132.899996430124        11998.1579715251     
   132.999996424187        11997.9790420199     
   133.099996418250        11997.8037989448     
   133.199996412313        11997.6321521590     
   133.299996406376        11997.4640171745     
   133.399996400440        11997.2993148450     
   133.499996394503        11997.1379710701     
   133.599996388566        11996.9799165046     
   133.699996382629        11996.8250861757     
   133.799996376692        11996.6734192058     
   133.899996370756        11996.5248584572     
   133.999996364819        11996.3793501910     
   134.099996358882        11996.2368437432     
   134.199996352945        11996.0972912404     
   134.299996347008        11995.9606472366     
   134.399996341071        11995.8268684544     
   134.499996335135        11995.6959134876     
   134.599996329198        11995.5677425242     
   134.699996323261        11995.4423171278     
   134.799996317324        11995.3195999793     
   134.899996311387        11995.1995546707     
   134.999996305451        11995.0821455006     
   135.099996299514        11994.9673373206     
   135.199996293577        11994.8550953519     
   135.299996287640        11994.7453850769     
   135.399996281703        11994.6381720973     
   135.499996275766        11994.5334220326     
   135.599996269830        11994.4311004352     
   135.699996263893        11994.3311727171     
   135.799996257956        11994.2336040890     
   135.899996252019        11994.1383595319     
   135.999996246082        11994.0454037583     
   136.099996240146        11993.9547011727     
   136.199996234209        11993.8662158827     
   136.299996228272        11993.7799116843     
   136.399996222335        11993.6957520663     
   136.499996216398        11993.6137002394     
   136.599996210461        11993.5337191453     
   136.699996204525        11993.4557714783     
   136.799996198588        11993.3798197098     
   136.899996192651        11993.3058261321     
   136.999996186714        11993.2337528668     
   137.099996180777        11993.1635619430     
   137.199996174841        11993.0952153158     
   137.299996168904        11993.0286748936     
   137.399996162967        11992.9639025785     
   137.499996157030        11992.9008603269     
   137.599996151093        11992.8395101725     
   137.699996145156        11992.7798142755     
   137.799996139220        11992.7217349647     
   137.899996133283        11992.6652347538     
   137.999996127346        11992.6102763964     
   138.099996121409        11992.5568229142     
   138.199996115472        11992.5048376288     
   138.299996109536        11992.4542842174     
   138.399996103599        11992.4051267097     
   138.499996097662        11992.3573295317     
   138.599996091725        11992.3108575402     
   138.699996085788        11992.2656760217     
   138.799996079851        11992.2217507547     
   138.899996073915        11992.1790480099     
   138.999996067978        11992.1375345768     
   139.099996062041        11992.0971777575     
   139.199996056104        11992.0579454415     
   139.299996050167        11992.0198060519     
   139.399996044231        11991.9827286129     
   139.499996038294        11991.9466827173     
   139.599996032357        11991.9116385984     
   139.699996026420        11991.8775670724     
   139.799996020483        11991.8444396095     
   139.899996014546        11991.8122282772     
   139.999996008610        11991.7809057931     
   140.099996002673        11991.7504455099     
   140.199995996736        11991.7208214217     
   140.299995990799        11991.6920081576     
   140.399995984862        11991.6639810044     
   140.499995978926        11991.6367159110     
   140.599995972989        11991.6101894318     
   140.699995967052        11991.5843787915     
   140.799995961115        11991.5592618268     
   140.899995955178        11991.5348170217     
   140.999995949241        11991.5110235024     
   141.099995943305        11991.4878609768     
   141.199995937368        11991.4653098234     
   141.299995931431        11991.4433509662     
   141.399995925494        11991.4219660010     
   141.499995919557        11991.4011370726     
   141.599995913621        11991.3808469167     
   141.699995907684        11991.3610788500     
   141.799995901747        11991.3418167050     
   141.899995895810        11991.3230449342     
   141.999995889873        11991.3047485211     
   142.099995883936        11991.2869129001     
   142.199995878000        11991.2695241288     
   142.299995872063        11991.2525687279     
   142.399995866126        11991.2360336165     
   142.499995860189        11991.2199063442     
   142.599995854252        11991.2041748545     
   142.699995848316        11991.1888275398     
   142.799995842379        11991.1738532306     
   142.899995836442        11991.1592411839     
   142.999995830505        11991.1449810687     
   143.099995824568        11991.1310629518     
   143.199995818631        11991.1174772836     
   143.299995812695        11991.1042148847     
   143.399995806758        11991.0912669312     
   143.499995800821        11991.0786249335     
   143.599995794884        11991.0662806809     
   143.699995788947        11991.0542263920     
   143.799995783011        11991.0424545322     
   143.899995777074        11991.0309578509     
   143.999995771137        11991.0197292850     
   144.099995765200        11991.0087622143     
   144.199995759263        11990.9980501880     
   144.299995753326        11990.9875868933     
   144.399995747390        11990.9773664122     
   144.499995741453        11990.9673829971     
   144.599995735516        11990.9576309513     
   144.699995729579        11990.9481050428     
   144.799995723642        11990.9388000041     
   144.899995717706        11990.9297108393     
   144.999995711769        11990.9208327418     
   145.099995705832        11990.9121609341     
   145.199995699895        11990.9036909986     
   145.299995693958        11990.8954183926     
   145.399995688021        11990.8873390086     
   145.499995682085        11990.8794485501     
   145.599995676148        11990.8717431343     
   145.699995670211        11990.8642187380     
   145.799995664274        11990.8568716201     
   145.899995658337        11990.8496980657     
   145.999995652401        11990.8426943946     
   146.099995646464        11990.8358571854     
   146.199995640527        11990.8291828837     
   146.299995634590        11990.8226681636     
   146.399995628653        11990.8163097787     
   146.499995622716        11990.8101044237     
   146.599995616780        11990.8040489454     
   146.699995610843        11990.7981402992     
   146.799995604906        11990.7923754394     
   146.899995598969        11990.7867513295     
   146.999995593032        11990.7812650420     
   147.099995587096        11990.7759137267     
   147.199995581159        11990.7706945564     
   147.299995575222        11990.7656047423     
   147.399995569285        11990.7606415382     
   147.499995563348        11990.7558022442     
   147.599995557411        11990.7510842002     
   147.699995551475        11990.7464847904     
   147.799995545538        11990.7420014353     
   147.899995539601        11990.7376315974     
   147.999995533664        11990.7333727749     
   148.099995527727        11990.7292225085     
   148.199995521791        11990.7251783714     
   148.299995515854        11990.7212379758     
   148.399995509917        11990.7173989725     
   148.499995503980        11990.7136590296     
   148.599995498043        11990.7100158565     
   148.699995492106        11990.7064671277     
   148.799995486170        11990.7030107117     
   148.899995480233        11990.6996444428     
   148.999995474296        11990.6963661364     
   149.099995468359        11990.6931735746     
   149.199995462422        11990.6900648241     
   149.299995456486        11990.6870378070     
   149.399995450549        11990.6840903754     
   149.499995444612        11990.6812207232     
   149.599995438675        11990.6784268170     
   149.699995432738        11990.6757066991     
   149.799995426802        11990.6730586311     
   149.899995420865        11990.6704805643     
   149.999995414928        11990.6679709206     
