   95.0999986742407        11889.5922041958     
   95.1999986683039        11889.5922041826     
   95.2999986623671        11889.5922041693     
   95.3999986564303        11889.5922041561     
   95.4999986504935        11889.5922041428     
   95.5999986445566        11889.5922041296     
   95.6999986386198        11889.5922041163     
   95.7999986326830        11889.5922041031     
   95.8999986267462        11889.5922040898     
   95.9999986208094        11889.5922040766     
   96.0999986148725        11889.5922040634     
   96.1999986089357        11889.5922040501     
   96.2999986029989        11889.5922040369     
   96.3999985970621        11889.5922040236     
   96.4999985911253        11889.5922040103     
   96.5999985851885        11889.5922039971     
   96.6999985792516        11889.5922039838     
   96.7999985733148        11889.5922039706     
   96.8999985673780        11889.5922039573     
   96.9999985614412        11889.5922039441     
   97.0999985555044        11889.5922039308     
   97.1999985495676        11889.5922039176     
   97.2999985436307        11889.5922039043     
   97.3999985376939        11889.5922038910     
   97.4999985317571        11889.5922038778     
   97.5999985258203        11889.5922038645     
   97.6999985198835        11889.5922038513     
   97.7999985139466        11889.5922038380     
   97.8999985080098        11889.5922038247     
   97.9999985020730        11889.5922038115     
   98.0999984961362        11889.5922037982     
   98.1999984901994        11889.5922037849     
   98.2999984842626        11889.5922037717     
   98.3999984783257        11889.5922037584     
   98.4999984723889        11889.5922037451     
   98.5999984664521        11889.5922037318     
   98.6999984605153        11889.5922037186     
   98.7999984545785        11889.5922037053     
   98.8999984486417        11889.5922036920     
   98.9999984427048        11889.5922036788     
   99.0999984367680        11889.5922036655     
   99.1999984308312        11889.5922036522     
   99.2999984248944        11889.5922036389     
   99.3999984189576        11889.5922036257     
   99.4999984130207        11889.5922036124     
   99.5999984070839        11889.5922035991     
   99.6999984011471        11889.5922035858     
   99.7999983952103        11889.5922035725     
   99.8999983892735        11889.5922035593     
   99.9999983833367        11889.5922035460     
   100.099998377400        6619.42217433483     
   100.199998371463        6996.73347818687     
   100.299998365526        7276.83225488897     
   100.399998359589        7491.50761982155     
   100.499998353653        7660.36307884047     
   100.599998347716        7796.37001689405     
   100.699998341779        7908.16390780781     
   100.799998335842        8001.59400538501     
   100.899998329905        8080.72196466726     
   100.999998323968        8148.45774473381     
   101.099998318032        8206.95975945521     
   101.199998312095        8257.88169443946     
   101.299998306158        8302.52087793861     
   101.399998300221        8341.90786138422     
   101.499998294284        8376.86720924439     
   101.599998288348        8408.06474361652     
   101.699998282411        8436.04497579839     
   101.799998276474        8461.25889955718     
   101.899998270537        8484.08298315468     
   101.999998264600        8504.83173928000     
   102.099998258663        8523.76699733013     
   102.199998252727        8541.10623184920     
   102.299998246790        8557.03067936109     
   102.399998240853        8571.69281930690     
   102.499998234916        8585.22261962452     
   102.599998228979        8597.73232505642     
   102.699998223043        8609.31994347148     
   102.799998217106        8620.07174926749     
   102.899998211169        8630.06411601260     
   102.999998205232        8639.36491325168     
   103.099998199295        8648.03462069106     
   103.199998193358        8656.12725162179     
   103.299998187422        8663.69113853892     
   103.399998181485        8670.76961173049     
   103.499998175548        8677.40158985774     
   103.599998169611        8683.62209556175     
   103.699998163674        8689.46270607523     
   103.799998157738        8694.95194712871     
   103.899998151801        8700.11563734497     
   103.999998145864        8704.97718946869     
   104.099998139927        8709.55787403962     
   104.199998133990        8713.87705044490     
   104.299998128054        8717.95236966797     
   104.399998122117        8721.79995248827     
   104.499998116180        8725.43454638490     
   104.599998110243        8728.86966395107     
   104.699998104306        8732.11770524014     
   104.799998098369        8735.19006612379     
   104.899998092433        8738.09723445602     
   104.999998086496        8740.84887558526     
   105.099998080559        8743.45390854515     
   105.199998074622        8745.92057407097     
   105.299998068685        8748.25649543479     
   105.399998062749        8750.46873295676     
   105.499998056812        8752.56383293898     
   105.599998050875        8754.54787166918     
   105.699998044938        8756.42649505693     
   105.799998039001        8758.20495439683     
   105.899998033064        8759.88813868731     
   105.999998027128        8761.48060388289     
   106.099998021191        8762.98659941085     
   106.199998015254        8764.41009224360     
   106.299998009317        8765.75478878345     
   106.399998003380        8767.02415478643     
   106.499997997444        8768.22143352554     
   106.599997991507        8769.34966237138     
   106.699997985570        8770.41168794745     
   106.799997979633        8771.41018000061     
   106.899997973696        8772.34764411155     
   106.999997967759        8773.22643335636     
   107.099997961823        8774.04875901911     
   107.199997955886        8774.81670044392     
   107.299997949949        8775.53221410665     
   107.399997944012        8776.19714197752     
   107.499997938075        8776.81321923865     
   107.599997932139        8777.38208141518     
   107.699997926202        8777.90527097104     
   107.799997920265        8778.38424341549     
   107.899997914328        8778.82037296573     
   107.999997908391        8779.21495780087     
   108.099997902454        8779.56922494280     
   108.199997896518        8779.88433479582     
   108.299997890581        8780.16138537256     
   108.399997884644        8780.40141623289     
   108.499997878707        8780.60541215824     
   108.599997872770        8780.77430658330     
   108.699997866834        8780.90898480401     
   108.799997860897        8781.01028697970     
   108.899997854960        8781.07901094549     
   108.999997849023        8781.11591484906     
   109.099997843086        8781.12171962577     
   109.199997837149        8781.09711132381     
   109.299997831213        8781.04274329080     
   109.399997825276        8780.95923823205     
   109.499997819339        8780.84719014919     
   109.599997813402        8780.70716616868     
   109.699997807465        8780.53970826688     
   109.799997801529        8780.34533489980     
   109.899997795592        8780.12454254321     
   109.999997789655        8779.87780714975     
   110.099997783718        8779.60558552807     
   110.199997777781        8779.30831664922     
   110.299997771844        8778.98642288496     
   110.399997765908        8778.64031118220     
   110.499997759971        8778.27037417693     
   110.599997754034        8777.87699125214     
   110.699997748097        8777.46052954232     
   110.799997742160        8777.02134488756     
   110.899997736224        8776.55978274022     
   110.999997730287        8776.07617902680     
   111.099997724350        8775.57086096677     
   111.199997718413        8775.04414785107     
   111.299997712476        8774.49635178207     
   111.399997706539        8773.92777837651     
   111.499997700603        8773.33872743349     
   111.599997694666        8772.72949356878     
   111.699997688729        8772.10036681669     
   111.799997682792        8771.45163320127     
   111.899997676855        8770.78357527761     
   111.999997670919        8770.09647264441     
   112.099997664982        8769.39060242908     
   112.199997659045        8768.66623974590     
   112.299997653108        8767.92365812853     
   112.399997647171        8767.16312993729     
   112.499997641234        8766.38492674224     
   112.599997635298        8765.58931968278     
   112.699997629361        8764.77657980428     
   112.799997623424        8763.94697837222     
   112.899997617487        8763.10078716492     
   112.999997611550        8762.23827874500     
   113.099997605614        8761.35972671013     
   113.199997599677        8760.46540592399     
   113.299997593740        8759.55559272724     
   113.399997587803        8758.63056512964     
   113.499997581866        8757.69060298336     
   113.599997575929        8756.73598813830     
   113.699997569993        8755.76700457917     
   113.799997564056        8754.78393854592     
   113.899997558119        8753.78707863666     
   113.999997552182        8752.77671589443     
   114.099997546245        8751.75314387789     
   114.199997540309        8750.71665871629     
   114.299997534372        8749.66755914931     
   114.399997528435        8748.60614655231     
   114.499997522498        8747.53272494684     
   114.599997516561        8746.44760099780     
   114.699997510624        8745.35108399664     
   114.799997504688        8744.24348583195     
   114.899997498751        8743.12512094714     
   114.999997492814        8741.99630628636     
   115.099997486877        8740.85736122847     
   115.199997480940        8739.70860750999     
   115.299997475004        8738.55036913720     
   115.399997469067        8737.38297228817     
   115.499997463130        8736.20674520480     
   115.599997457193        8735.02201807567     
   115.699997451256        8733.82912290997     
   115.799997445319        8732.62839340330     
   115.899997439383        8731.42016479541     
   115.999997433446        8730.20477372058     
   116.099997427509        8728.98255805131     
   116.199997421572        8727.75385673543     
   116.299997415635        8726.51900962748     
   116.399997409699        8725.27835731457     
   116.499997403762        8724.03224093752     
   116.599997397825        8722.78100200726     
   116.699997391888        8721.52498221769     
   116.799997385951        8720.26452325482     
   116.899997380014        8718.99996660306     
   116.999997374078        8717.73165334910     
   117.099997368141        8716.45992398337     
   117.199997362204        8715.18511820042     
   117.299997356267        8713.90757469877     
   117.399997350330        8712.62763097787     
   117.499997344394        8711.34562313748     
   117.599997338457        8710.06188567583     
   117.699997332520        8708.77675128885     
   117.799997326583        8707.49055067016     
   117.899997320646        8706.20361231292     
   117.999997314709        8704.91626231329     
   118.099997308773        8703.62882417612     
   118.199997302836        8702.34161862339     
   118.299997296899        8701.05496340534     
   118.399997290962        8699.76917311502     
   118.499997285025        8698.48455900667     
   118.599997279089        8697.20142881757     
   118.699997273152        8695.92008659467     
   118.799997267215        8694.64083252499     
   118.899997261278        8693.36396277147     
   118.999997255341        8692.08976931340     
   119.099997249404        8690.81853979230     
   119.199997243468        8689.55055736314     
   119.299997237531        8688.28610055121     
   119.399997231594        8687.02544311526     
   119.499997225657        8685.76885391546     
   119.599997219720        8684.51659678874     
   119.699997213784        8683.26893043013     
   119.799997207847        8682.02610828053     
   119.899997201910        8680.78837842004     
   119.999997195973        8679.55598346922     
   120.099997190036        16942.7349492729     
   120.199997184100        16851.9072671012     
   120.299997178163        16754.6183609390     
   120.399997172226        16648.7254671532     
   120.499997166289        16533.7272890025     
   120.599997160352        16409.1706914684     
   120.699997154415        16274.6746177093     
   120.799997148479        16129.9678584624     
   120.899997142542        15974.9330265515     
   120.999997136605        15809.6569521874     
   121.099997130668        15634.4902696103     
   121.199997124731        15450.1233968959     
   121.299997118795        15257.6668000979     
   121.399997112858        15058.6009611984     
   121.499997106921        14854.4553575907     
   121.599997100984        14646.7282114386     
   121.699997095047        14437.2924004363     
   121.799997089110        14228.5106739372     
   121.899997083174        14022.9783527128     
   121.999997077237        13823.2447363500     
   122.099997071300        13631.6173908264     
   122.199997065363        13450.0401459636     
   122.299997059426        13280.0264249491     
   122.399997053490        13122.6322289520     
   122.499997047553        12978.4606355508     
   122.599997041616        12847.6939297457     
   122.699997035679        12730.1479137518     
   122.799997029742        12625.3402917085     
   122.899997023805        12532.5643348191     
   122.999997017869        12450.9602927300     
   123.099997011932        12379.5792374149     
   123.199997005995        12317.4363626074     
   123.299997000058        12263.5527330867     
   123.399996994121        12216.9858962400     
   123.499996988185        12176.8506331448     
   123.599996982248        12142.3315348588     
   123.699996976311        12112.6891709633     
   123.799996970374        12087.2614945750     
   123.899996964437        12065.4618992024     
   123.999996958500        12046.7750770494     
   124.099996952564        12030.7515687259     
   124.199996946627        12017.0016640088     
   124.299996940690        12005.1891216379     
   124.399996934753        11995.0250242558     
   124.499996928816        11986.2619688906     
   124.599996922880        11978.6887083350     
   124.699996916943        11972.1252983974     
   124.799996911006        11966.4187647464     
   124.899996905069        11961.4392761472     
   124.999996899132        11957.0767943856     
   125.099996893195        11953.2381620935     
   125.199996887259        11949.8445856603     
   125.299996881322        11946.8294697686     
   125.399996875385        11944.1365615679     
   125.499996869448        11941.7183652523     
   125.599996863511        11939.5347911907     
   125.699996857575        11937.5520074294     
   125.799996851638        11935.7414650254     
   125.899996845701        11934.0790721644     
   125.999996839764        11932.5444952449     
   126.099996833827        11931.1205680460     
   126.199996827890        11929.7927927167     
   126.299996821954        11928.5489186363     
   126.399996816017        11927.3785872265     
   126.499996810080        11926.2730325493     
   126.599996804143        11925.2248290452     
   126.699996798206        11924.2276790852     
   126.799996792270        11923.2762340433     
   126.899996786333        11922.3659438371     
   126.999996780396        11921.4929301348     
   127.099996774459        11920.6538798115     
   127.199996768522        11919.8459552793     
   127.299996762585        11919.0667190782     
   127.399996756649        11918.3140704590     
   127.499996750712        11917.5861920608     
   127.599996744775        11916.8815050769     
   127.699996738838        11916.1986315616     
   127.799996732901        11915.5363627424     
   127.899996726965        11914.8936323826     
   127.999996721028        11914.2694943915     
   128.099996715091        11913.6631040026     
   128.199996709154        11913.0737019587     
   128.299996703217        11912.5006012190     
   128.399996697280        11911.9431757924     
   128.499996691344        11911.4008513574     
   128.599996685407        11910.8730973870     
   128.699996679470        11910.3594205388     
   128.799996673533        11909.8593591148     
   128.899996667596        11909.3724784187     
   128.999996661660        11908.8983668747     
   129.099996655723        11908.4366327867     
   129.199996649786        11907.9869016411     
   129.299996643849        11907.5488138685     
   129.399996637912        11907.1220229967     
   129.499996631975        11906.7061941350     
   129.599996626039        11906.3010027358     
   129.699996620102        11905.9061336060     
   129.799996614165        11905.5212801089     
   129.899996608228        11905.1461435534     
   129.999996602291        11904.7804327228     
   130.099996596355        11904.4238635331     
   130.199996590418        11904.0761587955     
   130.299996584481        11903.7370480683     
   130.399996578544        11903.4062675832     
   130.499996572607        11903.0835602271     
   130.599996566670        11902.7686755792     
   130.699996560734        11902.4613699786     
   130.799996554797        11902.1614066218     
   130.899996548860        11901.8685556660     
   130.999996542923        11901.5825943607     
   131.099996536986        11901.3033071680     
   131.199996531050        11901.0304858661     
   131.299996525113        11900.7639296639     
   131.399996519176        11900.5034452815     
   131.499996513239        11900.2488470063     
   131.599996507302        11899.9999567404     
   131.699996501365        11899.7566039886     
   131.799996495429        11899.5186258476     
   131.899996489492        11899.2858669424     
   131.999996483555        11899.0581793339     
   132.099996477618        11898.8354223741     
   132.199996471681        11898.6174625671     
   132.299996465745        11898.4041734170     
   132.399996459808        11898.1954350780     
   132.499996453871        11897.9911341730     
   132.599996447934        11897.7911637520     
   132.699996441997        11897.5954225470     
   132.799996436060        11897.4038150141     
   132.899996430124        11897.2162508557     
   132.999996424187        11897.0326447678     
   133.099996418250        11896.8529160370     
   133.199996412313        11896.6769882442     
   133.299996406376        11896.5047888837     
   133.399996400440        11896.3362490595     
   133.499996394503        11896.1713031482     
   133.599996388566        11896.0098884375     
   133.699996382629        11895.8519448931     
   133.799996376692        11895.6974147878     
   133.899996370756        11895.5462424743     
   133.999996364819        11895.3983740905     
   134.099996358882        11895.2537573400     
   134.199996352945        11895.1123412475     
   134.299996347008        11894.9740759509     
   134.399996341071        11894.8389125280     
   134.499996335135        11894.7068028251     
   134.599996329198        11894.5776992937     
   134.699996323261        11894.4515548660     
   134.799996317324        11894.3283228372     
   134.899996311387        11894.2079567865     
   134.999996305451        11894.0904104719     
   135.099996299514        11893.9756377633     
   135.199996293577        11893.8635925988     
   135.299996287640        11893.7542289563     
   135.399996281703        11893.6475008006     
   135.499996275766        11893.5433620734     
   135.599996269830        11893.4417666818     
   135.699996263893        11893.3426685011     
   135.799996257956        11893.2460213961     
   135.899996252019        11893.1517792049     
   135.999996246082        11893.0598957669     
   136.099996240146        11892.9703249566     
   136.199996234209        11892.8830207094     
   136.299996228272        11892.7979370413     
   136.399996222335        11892.7150280822     
   136.499996216398        11892.6342481120     
   136.599996210461        11892.5555516081     
   136.699996204525        11892.4788932703     
   136.799996198588        11892.4042280495     
   136.899996192651        11892.3315111892     
   136.999996186714        11892.2606982839     
   137.099996180777        11892.1917452880     
   137.199996174841        11892.1246085516     
   137.299996168904        11892.0592448644     
   137.399996162967        11891.9956114788     
   137.499996157030        11891.9336661509     
   137.599996151093        11891.8733671723     
   137.699996145156        11891.8146733693     
   137.799996139220        11891.7575441548     
   137.899996133283        11891.7019395406     
   137.999996127346        11891.6478201803     
   138.099996121409        11891.5951473462     
   138.199996115472        11891.5438829857     
   138.299996109536        11891.4939897247     
   138.399996103599        11891.4454308749     
   138.499996097662        11891.3981704626     
   138.599996091725        11891.3521732250     
   138.699996085788        11891.3074046233     
   138.799996079851        11891.2638308491     
   138.899996073915        11891.2214188295     
   138.999996067978        11891.1801362468     
   139.099996062041        11891.1399515120     
   139.199996056104        11891.1008338022     
   139.299996050167        11891.0627530288     
   139.399996044231        11891.0256798410     
   139.499996038294        11890.9895856463     
   139.599996032357        11890.9544425685     
   139.699996026420        11890.9202234929     
   139.799996020483        11890.8869020336     
   139.899996014546        11890.8544524927     
   139.999996008610        11890.8228499150     
   140.099996002673        11890.7920700428     
   140.199995996736        11890.7620892947     
   140.299995990799        11890.7328848223     
   140.399995984862        11890.7044343765     
   140.499995978926        11890.6767164453     
   140.599995972989        11890.6497101345     
   140.699995967052        11890.6233951884     
   140.799995961115        11890.5977519465     
   140.899995955178        11890.5727614365     
   140.999995949241        11890.5484051818     
   141.099995943305        11890.5246653800     
   141.199995937368        11890.5015247455     
   141.299995931431        11890.4789665497     
   141.399995925494        11890.4569746093     
   141.499995919557        11890.4355332787     
   141.599995913621        11890.4146274217     
   141.699995907684        11890.3942423472     
   141.799995901747        11890.3743639149     
   141.899995895810        11890.3549783901     
   141.999995889873        11890.3360725447     
   142.099995883936        11890.3176334868     
   142.199995878000        11890.2996488554     
   142.299995872063        11890.2821066414     
   142.399995866126        11890.2649952263     
   142.499995860189        11890.2483033718     
   142.599995854252        11890.2320202043     
   142.699995848316        11890.2161352030     
   142.799995842379        11890.2006381838     
   142.899995836442        11890.1855192884     
   142.999995830505        11890.1707689215     
   143.099995824568        11890.1563778738     
   143.199995818631        11890.1423372037     
   143.299995812695        11890.1286381390     
   143.399995806758        11890.1152723424     
   143.499995800821        11890.1022315674     
   143.599995794884        11890.0895079623     
   143.699995788947        11890.0770937280     
   143.799995783011        11890.0649814835     
   143.899995777074        11890.0531639490     
   143.999995771137        11890.0416340119     
   144.099995765200        11890.0303848769     
   144.199995759263        11890.0194098684     
   144.299995753326        11890.0087024937     
   144.399995747390        11889.9982564335     
   144.499995741453        11889.9880655365     
   144.599995735516        11889.9781238128     
   144.699995729579        11889.9684254252     
   144.799995723642        11889.9589646868     
   144.899995717706        11889.9497360515     
   144.999995711769        11889.9407341119     
   145.099995705832        11889.9319535921     
   145.199995699895        11889.9233893445     
   145.299995693958        11889.9150363422     
   145.399995688021        11889.9068896035     
   145.499995682085        11889.8989443753     
   145.599995676148        11889.8911959972     
   145.699995670211        11889.8836397926     
   145.799995664274        11889.8762713311     
   145.899995658337        11889.8690862282     
   145.999995652401        11889.8620801339     
   146.099995646464        11889.8552489289     
   146.199995640527        11889.8485884266     
   146.299995634590        11889.8420946491     
   146.399995628653        11889.8357636739     
   146.499995622716        11889.8295915587     
   146.599995616780        11889.8235746356     
   146.699995610843        11889.8177091830     
   146.799995604906        11889.8119915056     
   146.899995598969        11889.8064181383     
   146.999995593032        11889.8009856193     
   147.099995587096        11889.7956905452     
   147.199995581159        11889.7905295768     
   147.299995575222        11889.7854994296     
   147.399995569285        11889.7805969541     
   147.499995563348        11889.7758190327     
   147.599995557411        11889.7711626124     
   147.699995551475        11889.7666247054     
   147.799995545538        11889.7622023881     
   147.899995539601        11889.7578928006     
   147.999995533664        11889.7536931438     
   148.099995527727        11889.7496006767     
   148.199995521791        11889.7456126778     
   148.299995515854        11889.7417265793     
   148.399995509917        11889.7379398296     
   148.499995503980        11889.7342499307     
   148.599995498043        11889.7306544164     
   148.699995492106        11889.7271508371     
   148.799995486170        11889.7237369006     
   148.899995480233        11889.7204103824     
   148.999995474296        11889.7171690070     
   149.099995468359        11889.7140104819     
   149.199995462422        11889.7109328685     
   149.299995456486        11889.7079340100     
   149.399995450549        11889.7050117798     
   149.499995444612        11889.7021643914     
   149.599995438675        11889.6993897302     
   149.699995432738        11889.6966860421     
   149.799995426802        11889.6940514297     
   149.899995420865        11889.6914840826     
   149.999995414928        11889.6889823328     
