   95.0999986742407        11889.5922041958     
   95.1999986683039        11889.5922041826     
   95.2999986623671        11889.5922041693     
   95.3999986564303        11889.5922041561     
   95.4999986504935        11889.5922041428     
   95.5999986445566        11889.5922041296     
   95.6999986386198        11889.5922041163     
   95.7999986326830        11889.5922041031     
   95.8999986267462        11889.5922040898     
   95.9999986208094        11889.5922040766     
   96.0999986148725        11889.5922040634     
   96.1999986089357        11889.5922040501     
   96.2999986029989        11889.5922040369     
   96.3999985970621        11889.5922040236     
   96.4999985911253        11889.5922040103     
   96.5999985851885        11889.5922039971     
   96.6999985792516        11889.5922039838     
   96.7999985733148        11889.5922039706     
   96.8999985673780        11889.5922039573     
   96.9999985614412        11889.5922039441     
   97.0999985555044        11889.5922039308     
   97.1999985495676        11889.5922039176     
   97.2999985436307        11889.5922039043     
   97.3999985376939        11889.5922038910     
   97.4999985317571        11889.5922038778     
   97.5999985258203        11889.5922038645     
   97.6999985198835        11889.5922038513     
   97.7999985139466        11889.5922038380     
   97.8999985080098        11889.5922038247     
   97.9999985020730        11889.5922038115     
   98.0999984961362        11889.5922037982     
   98.1999984901994        11889.5922037849     
   98.2999984842626        11889.5922037717     
   98.3999984783257        11889.5922037584     
   98.4999984723889        11889.5922037451     
   98.5999984664521        11889.5922037318     
   98.6999984605153        11889.5922037186     
   98.7999984545785        11889.5922037053     
   98.8999984486417        11889.5922036920     
   98.9999984427048        11889.5922036788     
   99.0999984367680        11889.5922036655     
   99.1999984308312        11889.5922036522     
   99.2999984248944        11889.5922036389     
   99.3999984189576        11889.5922036257     
   99.4999984130207        11889.5922036124     
   99.5999984070839        11889.5922035991     
   99.6999984011471        11889.5922035858     
   99.7999983952103        11889.5922035725     
   99.8999983892735        11889.5922035593     
   99.9999983833367        11889.5922035460     
   100.099998377400        12147.5231301480     
   100.199998371463        12310.9358262080     
   100.299998365526        12443.5992351139     
   100.399998359589        12551.5041791065     
   100.499998353653        12639.2838332889     
   100.599998347716        12710.8554471133     
   100.699998341779        12769.3637136728     
   100.799998335842        12817.2800374649     
   100.899998329905        12856.5445164730     
   100.999998323968        12888.6875218419     
   101.099998318032        12914.9178984844     
   101.199998312095        12936.1862448749     
   101.299998306158        12953.2372019176     
   101.399998300221        12966.6590079355     
   101.499998294284        12976.9290347878     
   101.599998288348        12984.4499433167     
   101.699998282411        12989.5738301139     
   101.799998276474        12992.6159343527     
   101.899998270537        12993.8613816036     
   101.999998264600        12993.5681580575     
   102.099998258663        12991.9684517169     
   102.199998252727        12989.2695490401     
   102.299998246790        12985.6548455991     
   102.399998240853        12981.2851609775     
   102.499998234916        12976.3003545186     
   102.599998228979        12970.8211537468     
   102.699998223043        12964.9510848479     
   102.799998217106        12958.7784040949     
   102.899998211169        12952.3779520801     
   102.999998205232        12945.8128786044     
   103.099998199295        12939.1362093984     
   103.199998193358        12932.3922440254     
   103.299998187422        12925.6177869631     
   103.399998181485        12918.8432216601     
   103.499998175548        12912.0934414460     
   103.599998169611        12905.3886528016     
   103.699998163674        12898.7450664408     
   103.799998157738        12892.1754907785     
   103.899998151801        12885.6898410167     
   103.999998145864        12879.2955755847     
   104.099998139927        12872.9980702023     
   104.199998133990        12866.8009384542     
   104.299998128054        12860.7063065301     
   104.399998122117        12854.7150487318     
   104.499998116180        12848.8269892624     
   104.599998110243        12843.0410752995     
   104.699998104306        12837.3555252852     
   104.799998098369        12831.7679560625     
   104.899998092433        12826.2754918462     
   104.999998086496        12820.8748576179     
   105.099998080559        12815.5624591583     
   105.199998074622        12810.3344516220     
   105.299998068685        12805.1867982803     
   105.399998062749        12800.1153208306     
   105.499998056812        12795.1157424711     
   105.599998050875        12790.1837247619     
   105.699998044938        12785.3148991507     
   105.799998039001        12780.5048939089     
   105.899998033064        12775.7493571173     
   105.999998027128        12771.0439762386     
   106.099998021191        12766.3844947410     
   106.199998015254        12761.7667261594     
   106.299998009317        12757.1865659259     
   106.399998003380        12752.6400012479     
   106.499997997444        12748.1231192758     
   106.599997991507        12743.6321137592     
   106.699997985570        12739.1632903697     
   106.799997979633        12734.7130708418     
   106.899997973696        12730.2779960654     
   106.999997967759        12725.8547282500     
   107.099997961823        12721.4400522673     
   107.199997955886        12717.0308762700     
   107.299997949949        12712.6242316827     
   107.399997944012        12708.2172726427     
   107.499997938075        12703.8072749807     
   107.599997932139        12699.3916347958     
   107.699997926202        12694.9678667364     
   107.799997920265        12690.5336020004     
   107.899997914328        12686.0865861558     
   107.999997908391        12681.6246768186     
   108.099997902454        12677.1458412462     
   108.199997896518        12672.6481538871     
   108.299997890581        12668.1297939293     
   108.399997884644        12663.5890428800     
   108.499997878707        12659.0242822075     
   108.599997872770        12654.4339910648     
   108.699997866834        12649.8167441190     
   108.799997860897        12645.1712094927     
   108.899997854960        12640.4961468344     
   108.999997849023        12635.7904055159     
   109.099997843086        12631.0529229624     
   109.199997837149        12626.2827231155     
   109.299997831213        12621.4789150173     
   109.399997825276        12616.6406915188     
   109.499997819339        12611.7673280977     
   109.599997813402        12606.8581817778     
   109.699997807465        12601.9126901409     
   109.799997801529        12596.9303704189     
   109.899997795592        12591.9108186494     
   109.999997789655        12586.8537088965     
   110.099997783718        12581.7587925067     
   110.199997777781        12576.6258974218     
   110.299997771844        12571.4549273562     
   110.399997765908        12566.2458614029     
   110.499997759971        12560.9987530564     
   110.599997754034        12555.7137296656     
   110.699997748097        12550.3909916843     
   110.799997742160        12545.0308119290     
   110.899997736224        12539.6335347878     
   110.999997730287        12534.1995753891     
   111.099997724350        12528.7294187142     
   111.199997718413        12523.2236186480     
   111.299997712476        12517.6827969693     
   111.399997706539        12512.1076422664     
   111.499997700603        12506.4989087796     
   111.599997694666        12500.8574151662     
   111.699997688729        12495.1840431847     
   111.799997682792        12489.4797362938     
   111.899997676855        12483.7454981683     
   111.999997670919        12477.9823911286     
   112.099997664982        12472.1915344832     
   112.199997659045        12466.3741027830     
   112.299997653108        12460.5313239930     
   112.399997647171        12454.6644775760     
   112.499997641234        12448.7748924932     
   112.599997635298        12442.8639451245     
   112.699997629361        12436.9330571096     
   112.799997623424        12430.9836931119     
   112.899997617487        12425.0173585118     
   112.999997611550        12419.0355970305     
   113.099997605614        12413.0399882891     
   113.199997599677        12407.0321453084     
   113.299997593740        12401.0137119544     
   113.399997587803        12394.9863603306     
   113.499997581866        12388.9517881391     
   113.599997575929        12382.9117159794     
   113.699997569993        12376.8678846396     
   113.799997564056        12370.8220523493     
   113.899997558119        12364.7759920154     
   113.999997552182        12358.7314884455     
   114.099997546245        12352.6903355653     
   114.199997540309        12346.6543336364     
   114.299997534372        12340.6252864814     
   114.399997528435        12334.6049987246     
   114.499997522498        12328.5952730522     
   114.599997516561        12322.5979075015     
   114.699997510624        12316.6146927843     
   114.799997504688        12310.6474096512     
   114.899997498751        12304.6978263037     
   114.999997492814        12298.7676958593     
   115.099997486877        12292.8587538776     
   115.199997480940        12286.9727159492     
   115.299997475004        12281.1112753577     
   115.399997469067        12275.2761008172     
   115.499997463130        12269.4688342891     
   115.599997457193        12263.6910888856     
   115.699997451256        12257.9444468628     
   115.799997445319        12252.2304577063     
   115.899997439383        12246.5506363132     
   115.999997433446        12240.9064612755     
   116.099997427509        12235.2993732643     
   116.199997421572        12229.7307735197     
   116.299997415635        12224.2020224462     
   116.399997409699        12218.7144383176     
   116.499997403762        12213.2692960891     
   116.599997397825        12207.8678263211     
   116.699997391888        12202.5112142110     
   116.799997385951        12197.2005987365     
   116.899997380014        12191.9370719065     
   116.999997374078        12186.7216781233     
   117.099997368141        12181.5554136482     
   117.199997362204        12176.4392261778     
   117.299997356267        12171.3740145182     
   117.399997350330        12166.3606283692     
   117.499997344394        12161.3998681980     
   117.599997338457        12156.4924852186     
   117.699997332520        12151.6391814618     
   117.799997326583        12146.8406099335     
   117.899997320646        12142.0973748633     
   117.999997314709        12137.4100320397     
   118.099997308773        12132.7790892189     
   118.199997302836        12128.2050066162     
   118.299997296899        12123.6881974684     
   118.399997290962        12119.2290286649     
   118.499997285025        12114.8278214436     
   118.599997279089        12110.4848521442     
   118.699997273152        12106.2003530389     
   118.799997267215        12101.9745131361     
   118.899997261278        12097.8074792290     
   118.999997255341        12093.6993566956     
   119.099997249404        12089.6502105972     
   119.199997243468        12085.6600666901     
   119.299997237531        12081.7289124900     
   119.399997231594        12077.8566983739     
   119.499997225657        12074.0433386976     
   119.599997219720        12070.2887129411     
   119.699997213784        12066.5926668694     
   119.799997207847        12062.9550137059     
   119.899997201910        12059.3755353183     
   119.999997195973        12055.8539834146     
   120.099997190036        12052.3900807377     
   120.199997184100        12048.9835222666     
   120.299997178163        12045.6339764163     
   120.399997172226        12042.3410862313     
   120.499997166289        12039.1044705756     
   120.599997160352        12035.9237253124     
   120.699997154415        12032.7984244757     
   120.799997148479        12029.7281214252     
   120.899997142542        12026.7123499911     
   120.999997136605        12023.7506255985     
   121.099997130668        12020.8424463764     
   121.199997124731        12017.9872942480     
   121.299997118795        12015.1846359966     
   121.399997112858        12012.4339243131     
   121.499997106921        12009.7345988184     
   121.599997100984        12007.0860870626     
   121.699997095047        12004.4878055003     
   121.799997089110        12001.9391604372     
   121.899997083174        11999.4395489533     
   121.999997077237        11996.9883597994     
   122.099997071300        11994.5849742650     
   122.199997065363        11992.2287670192     
   122.299997059426        11989.9191069238     
   122.399997053490        11987.6553578194     
   122.499997047553        11985.4368792833     
   122.599997041616        11983.2630273585     
   122.699997035679        11981.1331552555     
   122.799997029742        11979.0466140276     
   122.899997023805        11977.0027532171     
   122.999997017869        11975.0009214747     
   123.099997011932        11973.0404671522     
   123.199997005995        11971.1207388680     
   123.299997000058        11969.2410860485     
   123.399996994121        11967.4008594404     
   123.499996988185        11965.5994116020     
   123.599996982248        11963.8360973632     
   123.699996976311        11962.1102742700     
   123.799996970374        11960.4213029980     
   123.899996964437        11958.7685477451     
   123.999996958500        11957.1513766028     
   124.099996952564        11955.5691619051     
   124.199996946627        11954.0212805541     
   124.299996940690        11952.5071143272     
   124.399996934753        11951.0260501635     
   124.499996928816        11949.5774804301     
   124.599996922880        11948.1608031708     
   124.699996916943        11946.7754223335     
   124.799996911006        11945.4207479857     
   124.899996905069        11944.0961965076     
   124.999996899132        11942.8011907705     
   125.099996893195        11941.5351603009     
   125.199996887259        11940.2975414294     
   125.299996881322        11939.0877774210     
   125.399996875385        11937.9053185999     
   125.499996869448        11936.7496224496     
   125.599996863511        11935.6201537120     
   125.699996857575        11934.5163844664     
   125.799996851638        11933.4377941995     
   125.899996845701        11932.3838698643     
   125.999996839764        11931.3541059283     
   126.099996833827        11930.3480044123     
   126.199996827890        11929.3650749188     
   126.299996821954        11928.4048346513     
   126.399996816017        11927.4668084265     
   126.499996810080        11926.5505286754     
   126.599996804143        11925.6555354414     
   126.699996798206        11924.7813763657     
   126.799996792270        11923.9276066713     
   126.899996786333        11923.0937891348     
   126.999996780396        11922.2794940597     
   127.099996774459        11921.4842992354     
   127.199996768522        11920.7077898968     
   127.299996762585        11919.9495586787     
   127.399996756649        11919.2092055625     
   127.499996750712        11918.4863378208     
   127.599996744775        11917.7805699593     
   127.699996738838        11917.0915236509     
   127.799996732901        11916.4188276706     
   127.899996726965        11915.7621178243     
   127.999996721028        11915.1210368782     
   128.099996715091        11914.4952344812     
   128.199996709154        11913.8843670871     
   128.299996703217        11913.2880978760     
   128.399996697280        11912.7060966729     
   128.499996691344        11912.1380398626     
   128.599996685407        11911.5836103038     
   128.699996679470        11911.0424972460     
   128.799996673533        11910.5143962378     
   128.899996667596        11909.9990090418     
   128.999996661660        11909.4960435420     
   129.099996655723        11909.0052136566     
   129.199996649786        11908.5262392435     
   129.299996643849        11908.0588460140     
   129.399996637912        11907.6027654332     
   129.499996631975        11907.1577346406     
   129.599996626039        11906.7234963442     
   129.699996620102        11906.2997987398     
   129.799996614165        11905.8863954126     
   129.899996608228        11905.4830452501     
   129.999996602291        11905.0895123477     
   130.099996596355        11904.7055659188     
   130.199996590418        11904.3309802048     
   130.299996584481        11903.9655343853     
   130.399996578544        11903.6090124879     
   130.499996572607        11903.2612033030     
   130.599996566670        11902.9219002890     
   130.699996560734        11902.5909014928     
   130.799996554797        11902.2680094571     
   130.899996548860        11901.9530311396     
   130.999996542923        11901.6457778240     
   131.099996536986        11901.3460650398     
   131.199996531050        11901.0537124790     
   131.299996525113        11900.7685439106     
   131.399996519176        11900.4903871032     
   131.499996513239        11900.2190737467     
   131.599996507302        11899.9544393674     
   131.699996501365        11899.6963232582     
   131.799996495429        11899.4445683942     
   131.899996489492        11899.1990213603     
   131.999996483555        11898.9595322783     
   132.099996477618        11898.7259547338     
   132.199996471681        11898.4981456973     
   132.299996465745        11898.2759654635     
   132.399996459808        11898.0592775689     
   132.499996453871        11897.8479487404     
   132.599996447934        11897.6418488040     
   132.699996441997        11897.4408506392     
   132.799996436060        11897.2448301075     
   132.899996430124        11897.0536659719     
   132.999996424187        11896.8672398646     
   133.099996418250        11896.6854361986     
   133.199996412313        11896.5081421144     
   133.299996406376        11896.3352474297     
   133.399996400440        11896.1666445554     
   133.499996394503        11896.0022284794     
   133.599996388566        11895.8418966598     
   133.699996382629        11895.6855490128     
   133.799996376692        11895.5330878262     
   133.899996370756        11895.3844177381     
   133.999996364819        11895.2394456423     
   134.099996358882        11895.0980806794     
   134.199996352945        11894.9602341575     
   134.299996347008        11894.8258195172     
   134.399996341071        11894.6947522771     
   134.499996335135        11894.5669499817     
   134.599996329198        11894.4423321770     
   134.699996323261        11894.3208203312     
   134.799996317324        11894.2023378166     
   134.899996311387        11894.0868098582     
   134.999996305451        11893.9741634794     
   135.099996299514        11893.8643274911     
   135.199996293577        11893.7572324044     
   135.299996287640        11893.6528104355     
   135.399996281703        11893.5509954452     
   135.499996275766        11893.4517228840     
   135.599996269830        11893.3549297890     
   135.699996263893        11893.2605547373     
   135.799996257956        11893.1685377859     
   135.899996252019        11893.0788204560     
   135.999996246082        11892.9913457155     
   136.099996240146        11892.9060578994     
   136.199996234209        11892.8229027199     
   136.299996228272        11892.7418272120     
   136.399996222335        11892.6627797194     
   136.499996216398        11892.5857098387     
   136.599996210461        11892.5105683934     
   136.699996204525        11892.4373074430     
   136.799996198588        11892.3658802040     
   136.899996192651        11892.2962410475     
   136.999996186714        11892.2283454520     
   137.099996180777        11892.1621500217     
   137.199996174841        11892.0976124057     
   137.299996168904        11892.0346913114     
   137.399996162967        11891.9733464397     
   137.499996157030        11891.9135385104     
   137.599996151093        11891.8552292036     
   137.699996145156        11891.7983811513     
   137.799996139220        11891.7429578933     
   137.899996133283        11891.6889238865     
   137.999996127346        11891.6362444528     
   138.099996121409        11891.5848857796     
   138.199996115472        11891.5348149013     
   138.299996109536        11891.4859996473     
   138.399996103599        11891.4384086554     
   138.499996097662        11891.3920113524     
   138.599996091725        11891.3467778825     
   138.699996085788        11891.3026791779     
   138.799996079851        11891.2596868758     
   138.899996073915        11891.2177732986     
   138.999996067978        11891.1769114939     
   139.099996062041        11891.1370751299     
   139.199996056104        11891.0982385731     
   139.299996050167        11891.0603767953     
   139.399996044231        11891.0234654039     
   139.499996038294        11890.9874806293     
   139.599996032357        11890.9523992739     
   139.699996026420        11890.9181987125     
   139.799996020483        11890.8848568907     
   139.899996014546        11890.8523523119     
   139.999996008610        11890.8206640162     
   140.099996002673        11890.7897715323     
   140.199995996736        11890.7596549348     
   140.299995990799        11890.7302947840     
   140.399995984862        11890.7016721305     
   140.499995978926        11890.6737684988     
   140.599995972989        11890.6465658362     
   140.699995967052        11890.6200466171     
   140.799995961115        11890.5941936627     
   140.899995955178        11890.5689902992     
   140.999995949241        11890.5444202309     
   141.099995943305        11890.5204675744     
   141.199995937368        11890.4971168491     
   141.299995931431        11890.4743529573     
   141.399995925494        11890.4521611471     
   141.499995919557        11890.4305271190     
   141.599995913621        11890.4094368328     
   141.699995907684        11890.3888766728     
   141.799995901747        11890.3688333361     
   141.899995895810        11890.3492938467     
   141.999995889873        11890.3302455584     
   142.099995883936        11890.3116761464     
   142.199995878000        11890.2935735995     
   142.299995872063        11890.2759261593     
   142.399995866126        11890.2587224413     
   142.499995860189        11890.2419512833     
   142.599995854252        11890.2256018511     
   142.699995848316        11890.2096635008     
   142.799995842379        11890.1941259558     
   142.899995836442        11890.1789791400     
   142.999995830505        11890.1642132328     
   143.099995824568        11890.1498186648     
   143.199995818631        11890.1357861150     
   143.299995812695        11890.1221064949     
   143.399995806758        11890.1087709486     
   143.499995800821        11890.0957707840     
   143.599995794884        11890.0830976171     
   143.699995788947        11890.0707432420     
   143.799995783011        11890.0586995952     
   143.899995777074        11890.0469589265     
   143.999995771137        11890.0355135941     
   144.099995765200        11890.0243561559     
   144.199995759263        11890.0134794191     
   144.299995753326        11890.0028763185     
   144.399995747390        11889.9925399686     
   144.499995741453        11889.9824636399     
   144.599995735516        11889.9726408224     
   144.699995729579        11889.9630651451     
   144.799995723642        11889.9537303922     
   144.899995717706        11889.9446304806     
   144.999995711769        11889.9357595301     
   145.099995705832        11889.9271117926     
   145.199995699895        11889.9186816684     
   145.299995693958        11889.9104636596     
   145.399995688021        11889.9024523980     
   145.499995682085        11889.8946427738     
   145.599995676148        11889.8870296292     
   145.699995670211        11889.8796080758     
   145.799995664274        11889.8723732728     
   145.899995658337        11889.8653205366     
   145.999995652401        11889.8584452560     
   146.099995646464        11889.8517430561     
   146.199995640527        11889.8452094413     
   146.299995634590        11889.8388402900     
   146.399995628653        11889.8326314675     
   146.499995622716        11889.8265788440     
   146.599995616780        11889.8206785449     
   146.699995610843        11889.8149267604     
   146.799995604906        11889.8093197498     
   146.899995598969        11889.8038538642     
   146.999995593032        11889.7985255426     
   147.099995587096        11889.7933313021     
   147.199995581159        11889.7882677970     
   147.299995575222        11889.7833317388     
   147.399995569285        11889.7785199203     
   147.499995563348        11889.7738292168     
   147.599995557411        11889.7692565803     
   147.699995551475        11889.7647990351     
   147.799995545538        11889.7604536587     
   147.899995539601        11889.7562176593     
   147.999995533664        11889.7520882932     
   148.099995527727        11889.7480628833     
   148.199995521791        11889.7441388140     
   148.299995515854        11889.7403135226     
   148.399995509917        11889.7365844580     
   148.499995503980        11889.7329492736     
   148.599995498043        11889.7294056409     
   148.699995492106        11889.7259512177     
   148.799995486170        11889.7225836593     
   148.899995480233        11889.7193009364     
   148.999995474296        11889.7161008784     
   149.099995468359        11889.7129812787     
   149.199995462422        11889.7099402830     
   149.299995456486        11889.7069758471     
   149.399995450549        11889.7040859540     
   149.499995444612        11889.7012689088     
   149.599995438675        11889.6985226820     
   149.699995432738        11889.6958456687     
   149.799995426802        11889.6932359896     
   149.899995420865        11889.6906920433     
   149.999995414928        11889.6882121176     
