   95.0999986742407        1.69666961665698     
   95.1999986683039        1.69666960687695     
   95.2999986623671        1.69666959709628     
   95.3999986564303        1.69666958731497     
   95.4999986504935        1.69666957753301     
   95.5999986445566        1.69666956775040     
   95.6999986386198        1.69666955796715     
   95.7999986326830        1.69666954818326     
   95.8999986267462        1.69666953839871     
   95.9999986208094        1.69666952861353     
   96.0999986148725        1.69666951882770     
   96.1999986089357        1.69666950904122     
   96.2999986029989        1.69666949925409     
   96.3999985970621        1.69666948946633     
   96.4999985911253        1.69666947967791     
   96.5999985851885        1.69666946988885     
   96.6999985792516        1.69666946009914     
   96.7999985733148        1.69666945030879     
   96.8999985673780        1.69666944051780     
   96.9999985614412        1.69666943072615     
   97.0999985555044        1.69666942093386     
   97.1999985495676        1.69666941114092     
   97.2999985436307        1.69666940134734     
   97.3999985376939        1.69666939155311     
   97.4999985317571        1.69666938175823     
   97.5999985258203        1.69666937196271     
   97.6999985198835        1.69666936216653     
   97.7999985139466        1.69666935236972     
   97.8999985080098        1.69666934257226     
   97.9999985020730        1.69666933277415     
   98.0999984961362        1.69666932297539     
   98.1999984901994        1.69666931317599     
   98.2999984842626        1.69666930337594     
   98.3999984783257        1.69666929357524     
   98.4999984723889        1.69666928377390     
   98.5999984664521        1.69666927397190     
   98.6999984605153        1.69666926416926     
   98.7999984545785        1.69666925436598     
   98.8999984486417        1.69666924456205     
   98.9999984427048        1.69666923475747     
   99.0999984367680        1.69666922495224     
   99.1999984308312        1.69666921514636     
   99.2999984248944        1.69666920533984     
   99.3999984189576        1.69666919553267     
   99.4999984130207        1.69666918572485     
   99.5999984070839        1.69666917591638     
   99.6999984011471        1.69666916610726     
   99.7999983952103        1.69666915629750     
   99.8999983892735        1.69666914648709     
   99.9999983833367        1.69666913667603     
   100.099998377400        1.85116801500453     
   100.199998371463        2.30711180202461     
   100.299998365526        3.20654473500093     
   100.399998359589        4.80504207861443     
   100.499998353653        7.35381947469066     
   100.599998347716        10.6558265145136     
   100.699998341779        13.7685610682652     
   100.799998335842        15.8943498462794     
   100.899998329905        17.0783463345710     
   100.999998323968        17.6897296834384     
   101.099998318032        18.0021096623681     
   101.199998312095        18.1643823865104     
   101.299998306158        18.2545739422962     
   101.399998300221        18.3151572945749     
   101.499998294284        18.3696657714928     
   101.599998288348        18.4302900861941     
   101.699998282411        18.5018807865139     
   101.799998276474        18.5846011455220     
   101.899998270537        18.6759524633559     
   101.999998264600        18.7723094307735     
   102.099998258663        18.8699707372019     
   102.199998252727        18.9657648005942     
   102.299998246790        19.0573053446853     
   102.399998240853        19.1430138131267     
   102.499998234916        19.2220143420199     
   102.599998228979        19.2939788062576     
   102.699998223043        19.3589695024327     
   102.799998217106        19.4173033165054     
   102.899998211169        19.4694456338312     
   102.999998205232        19.5159335124385     
   103.099998199295        19.5573236278275     
   103.199998193358        19.5941593283610     
   103.299998187422        19.6269514666800     
   103.399998181485        19.6561686274847     
   103.499998175548        19.6822334527192     
   103.599998169611        19.7055227249416     
   103.699998163674        19.7263696235179     
   103.799998157738        19.7450671175819     
   103.899998151801        19.7618718407726     
   103.999998145864        19.7770080484211     
   104.099998139927        19.7906714252682     
   104.199998133990        19.8030326192096     
   104.299998128054        19.8142404440667     
   104.399998122117        19.8244247356734     
   104.499998116180        19.8336988698675     
   104.599998110243        19.8421619643643     
   104.699998104306        19.8499007929854     
   104.799998098369        19.8569914429552     
   104.899998092433        19.8635007456791     
   104.999998086496        19.8694875096797     
   105.099998080559        19.8750035819101     
   105.199998074622        19.8800947609164     
   105.299998068685        19.8848015825558     
   105.399998062749        19.8891599963459     
   105.499998056812        19.8932019481001     
   105.599998050875        19.8969558823337     
   105.699998044938        19.9004471760075     
   105.799998039001        19.9036985135023     
   105.899998033064        19.9067302112684     
   105.999998027128        19.9095604993504     
   106.099998021191        19.9122057659225     
   106.199998015254        19.9146807700579     
   106.299998009317        19.9169988271859     
   106.399998003380        19.9191719710317     
   106.499997997444        19.9212110952745     
   106.599997991507        19.9231260776902     
   106.699997985570        19.9249258891405     
   106.799997979633        19.9266186894299     
   106.899997973696        19.9282119117655     
   106.999997967759        19.9297123373050     
   107.099997961823        19.9311261610728     
   107.199997955886        19.9324590503438     
   107.299997949949        19.9337161964443     
   107.399997944012        19.9349023607897     
   107.499997938075        19.9360219158669     
   107.599997932139        19.9370788817769     
   107.699997926202        19.9380769588699     
   107.799997920265        19.9390195569362     
   107.899997914328        19.9399098213574     
   107.999997908391        19.9407506565684     
   108.099997902454        19.9415447471393     
   108.199997896518        19.9422945767444     
   108.299997890581        19.9430024452561     
   108.399997884644        19.9436704841693     
   108.499997878707        19.9443006705381     
   108.599997872770        19.9448948395869     
   108.699997866834        19.9454546961342     
   108.799997860897        19.9459818249576     
   108.899997854960        19.9464777002063     
   108.999997849023        19.9469436939631     
   109.099997843086        19.9473810840386     
   109.199997837149        19.9477910610780     
   109.299997831213        19.9481747350470     
   109.399997825276        19.9485331411587     
   109.499997819339        19.9488672452952     
   109.599997813402        19.9491779489742     
   109.699997807465        19.9494660939019     
   109.799997801529        19.9497324661527     
   109.899997795592        19.9499778000103     
   109.999997789655        19.9502027815011     
   110.099997783718        19.9504080516486     
   110.199997777781        19.9505942094739     
   110.299997771844        19.9507618147652     
   110.399997765908        19.9509113906368     
   110.499997759971        19.9510434258963     
   110.599997754034        19.9511583772372     
   110.699997748097        19.9512566712712     
   110.799997742160        19.9513387064148     
   110.899997736224        19.9514048546426     
   110.999997730287        19.9514554631179     
   111.099997724350        19.9514908557124     
   111.199997718413        19.9515113344229     
   111.299997712476        19.9515171806940     
   111.399997706539        19.9515086566551     
   111.499997700603        19.9514860062787     
   111.599997694666        19.9514494564654     
   111.699997688729        19.9513992180630     
   111.799997682792        19.9513354868241     
   111.899997676855        19.9512584443082     
   111.999997670919        19.9511682587311     
   112.099997664982        19.9510650857676     
   112.199997659045        19.9509490693106     
   112.299997653108        19.9508203421895     
   112.399997647171        19.9506790268519     
   112.499997641234        19.9505252360117     
   112.599997635298        19.9503590732652     
   112.699997629361        19.9501806336788     
   112.799997623424        19.9499900043503     
   112.899997617487        19.9497872649453     
   112.999997611550        19.9495724882117     
   113.099997605614        19.9493457404725     
   113.199997599677        19.9491070821008     
   113.299997593740        19.9488565679757     
   113.399997587803        19.9485942479229     
   113.499997581866        19.9483201671400     
   113.599997575929        19.9480343666075     
   113.699997569993        19.9477368834870     
   113.799997564056        19.9474277515079     
   113.899997558119        19.9471070013422     
   113.999997552182        19.9467746609695     
   114.099997546245        19.9464307560318     
   114.199997540309        19.9460753101792     
   114.299997534372        19.9457083454079     
   114.399997528435        19.9453298823886     
   114.499997522498        19.9449399407884     
   114.599997516561        19.9445385395848     
   114.699997510624        19.9441256973730     
   114.799997504688        19.9437014326656     
   114.899997498751        19.9432657641868     
   114.999997492814        19.9428187111593     
   115.099997486877        19.9423602935854     
   115.199997480940        19.9418905325210     
   115.299997475004        19.9414094503445     
   115.399997469067        19.9409170710186     
   115.499997463130        19.9404134203459     
   115.599997457193        19.9398985262187     
   115.699997451256        19.9393724188613     
   115.799997445319        19.9388351310671     
   115.899997439383        19.9382866984278     
   115.999997433446        19.9377271595561     
   116.099997427509        19.9371565563017     
   116.199997421572        19.9365749339593     
   116.299997415635        19.9359823414699     
   116.399997409699        19.9353788316133     
   116.499997403762        19.9347644611941     
   116.599997397825        19.9341392912178     
   116.699997391888        19.9335033870598     
   116.799997385951        19.9328568186247     
   116.899997380014        19.9321996604974     
   116.999997374078        19.9315319920838     
   117.099997368141        19.9308538977435     
   117.199997362204        19.9301654669108     
   117.299997356267        19.9294667942079     
   117.399997350330        19.9287579795454     
   117.499997344394        19.9280391282144     
   117.599997338457        19.9273103509661     
   117.699997332520        19.9265717640823     
   117.799997326583        19.9258234894328     
   117.899997320646        19.9250656545231     
   117.999997314709        19.9242983925299     
   118.099997308773        19.9235218423249     
   118.199997302836        19.9227361484876     
   118.299997296899        19.9219414613056     
   118.399997290962        19.9211379367639     
   118.499997285025        19.9203257365211     
   118.599997279089        19.9195050278755     
   118.699997273152        19.9186759837177     
   118.799997267215        19.9178387824726     
   118.899997261278        19.9169936080292     
   118.999997255341        19.9161406496590     
   119.099997249404        19.9152801019230     
   119.199997243468        19.9144121645671     
   119.299997237531        19.9135370424073     
   119.399997231594        19.9126549452033     
   119.499997225657        19.9117660875218     
   119.599997219720        19.9108706885899     
   119.699997213784        19.9099689721378     
   119.799997207847        19.9090611662331     
   119.899997201910        19.9081475031044     
   119.999997195973        19.9072282189576     
   120.099997190036        19.9008649903602     
   120.199997184100        19.8890715142686     
   120.299997178163        19.8716012169072     
   120.399997172226        19.8471834498605     
   120.499997166289        19.8137909156110     
   120.599997160352        19.7684438491748     
   120.699997154415        19.7068750856851     
   120.799997148479        19.6230311958781     
   120.899997142542        19.5083678829255     
   120.999997136605        19.3509009181574     
   121.099997130668        19.1340156476498     
   121.199997124731        18.8351490962331     
   121.299997118795        18.4247053525594     
   121.399997112858        17.8661447914455     
   121.499997106921        17.1191183266820     
   121.599997100984        16.1481154342950     
   121.699997095047        14.9378334728602     
   121.799997089110        13.5113085750231     
   121.899997083174        11.9391506725205     
   121.999997077237        10.3274151862695     
   122.099997071300        8.78603612283811     
   122.199997065363        7.39723437758739     
   122.299997059426        6.20199333722846     
   122.399997053490        5.20550253184440     
   122.499997047553        4.39089884960737     
   122.599997041616        3.73190516451416     
   122.699997035679        3.20091539191093     
   122.799997029742        2.77295638336656     
   122.899997023805        2.42704776994085     
   122.999997017869        2.14624293821155     
   123.099997011932        1.91713327282034     
   123.199997005995        1.72921325419967     
   123.299997000058        1.57427904839959     
   123.399996994121        1.44591977394213     
   123.499996988185        1.33910986332017     
   123.599996982248        1.24989143421646     
   123.699996976311        1.17513029148397     
   123.799996970374        1.11232968311749     
   123.899996964437        1.05948837596333     
   123.999996958500        1.01499236868795     
   124.099996952564       0.977532014463422     
   124.199996946627       0.946038321878538     
   124.299996940690       0.919633753273275     
   124.399996934753       0.897594015796003     
   124.499996928816       0.879318221323775     
   124.599996922880       0.864305447158484     
   124.699996916943       0.852136216688743     
   124.799996911006       0.842457781500518     
   124.899996905069       0.834972356373004     
   124.999996899132       0.829427660401217     
   125.099996893195       0.825609268910004     
   125.199996887259       0.823334394928548     
   125.299996881322       0.822446805345757     
   125.399996875385       0.822812642509423     
   125.499996869448       0.824316972157242     
   125.599996863511       0.826860917014159     
   125.699996857575       0.830359265012129     
   125.799996851638       0.834738464025521     
   125.899996845701       0.839934932833430     
   125.999996839764       0.845893631957825     
   126.099996833827       0.852566848952615     
   126.199996827890       0.859913161341326     
   126.299996821954       0.867896547234626     
   126.399996816017       0.876485619099419     
   126.499996810080       0.885652960510240     
   126.599996804143       0.895374549219850     
   126.699996798206       0.905629252723092     
   126.799996792270       0.916398384801080     
   126.899996786333       0.927665313419580     
   126.999996780396       0.939415111916929     
   127.099996774459       0.951634246705241     
   127.199996768522       0.964310295789227     
   127.299996762585       0.977431693312800     
   127.399996756649       0.990987496115540     
   127.499996750712        1.00496716893735     
   127.599996744775        1.01936038548318     
   127.699996738838        1.03415684305474     
   127.799996732901        1.04934608889890     
   127.899996726965        1.06491735681495     
   127.999996721028        1.08085941291970     
   128.099996715091        1.09716040979529     
   128.199996709154        1.11380774854256     
   128.299996703217        1.13078794854767     
   128.399996697280        1.14808652502176     
   128.499996691344        1.16568787462476     
   128.599996685407        1.18357516970688     
   128.699996679470        1.20173026191034     
   128.799996673533        1.22013359606620     
   128.899996667596        1.23876413548795     
   128.999996661660        1.25759929990741     
   129.099996655723        1.27661491741409     
   129.199996649786        1.29578519183975     
   129.299996643849        1.31508268707776     
   129.399996637912        1.33447832981832     
   129.499996631975        1.35394143214901     
   129.599996626039        1.37343973535818     
   129.699996620102        1.39293947613536     
   129.799996614165        1.41240547614826     
   129.899996608228        1.43180125570898     
   129.999996602291        1.45108917191728     
   130.099996596355        1.47023058128685     
   130.199996590418        1.48918602643518     
   130.299996584481        1.50791544594288     
   130.399996578544        1.52637840599473     
   130.499996572607        1.54453435188499     
   130.599996566670        1.56234287695607     
   130.699996560734        1.57976400602115     
   130.799996554797        1.59675848983980     
   130.899996548860        1.61328810678803     
   130.999996542923        1.62931596748565     
   131.099996536986        1.64480681786407     
   131.199996531050        1.65972733596577     
   131.299996525113        1.67404641768317     
   131.399996519176        1.68773544668264     
   131.499996513239        1.70076854391748     
   131.599996507302        1.71312279240873     
   131.699996501365        1.72477843337417     
   131.799996495429        1.73571903028512     
   131.899996489492        1.74593159802869     
   131.999996483555        1.75540669503047     
   132.099996477618        1.76413847691867     
   132.199996471681        1.77212471107112     
   132.299996465745        1.77936675218331     
   132.399996459808        1.78586947969602     
   132.499996453871        1.79164119872273     
   132.599996447934        1.79669350671905     
   132.699996441997        1.80104112875055     
   132.799996436060        1.80470172470463     
   132.899996430124        1.80769567219908     
   132.999996424187        1.81004582921527     
   133.099996418250        1.81177728067463     
   133.199996412313        1.81291707324134     
   133.299996406376        1.81349394259978     
   133.399996400440        1.81353803733647     
   133.499996394503        1.81308064333523     
   133.599996388566        1.81215391231958     
   133.699996382629        1.81079059782836     
   133.799996376692        1.80902380153751     
   133.899996370756        1.80688673242474     
   133.999996364819        1.80441248084375     
   134.099996358882        1.80163380915547     
   134.199996352945        1.79858296013766     
   134.299996347008        1.79529148400014     
   134.399996341071        1.79179008444527     
   134.499996335135        1.78810848389073     
   134.599996329198        1.78427530764963     
   134.699996323261        1.78031798661042     
   134.799996317324        1.77626267772604     
   134.899996311387        1.77213420143768     
   134.999996305451        1.76795599502004     
   135.099996299514        1.76375008071991     
   135.199996293577        1.75953704749006     
   135.299996287640        1.75533604507678     
   135.399996281703        1.75116478920339     
   135.499996275766        1.74703957659900     
   135.599996269830        1.74297530865388     
   135.699996263893        1.73898552252493     
   135.799996257956        1.73508242857091     
   135.899996252019        1.73127695306901     
   135.999996246082        1.72757878523422     
   136.099996240146        1.72399642764131     
   136.199996234209        1.72053724923317     
   136.299996228272        1.71720754017962     
   136.399996222335        1.71401256792812     
   136.499996216398        1.71095663386791     
   136.599996210461        1.70804313010298     
   136.699996204525        1.70527459589406     
   136.799996198588        1.70265277340114     
   136.899996192651        1.70017866241461     
   136.999996186714        1.69785257381702     
   137.099996180777        1.69567418156983     
   137.199996174841        1.69364257306074     
   137.299996168904        1.69175629768503     
   137.399996162967        1.69001341357323     
   137.499996157030        1.68841153240401     
   137.599996151093        1.68694786226646     
   137.699996145156        1.68561924856172     
   137.799996139220        1.68442221294444     
   137.899996133283        1.68335299032609     
   137.999996127346        1.68240756397137     
   138.099996121409        1.68158169872943     
   138.199996115472        1.68087097244669     
   138.299996109536        1.68027080561996     
   138.399996103599        1.67977648933941     
   138.499996097662        1.67938321158632     
   138.599996091725        1.67908608194420     
   138.699996085788        1.67888015478436     
   138.799996079851        1.67876045098496     
   138.899996073915        1.67872197824333     
   138.999996067978        1.67875975003640     
   139.099996062041        1.67886880328238     
   139.199996056104        1.67904421475860     
   139.299996050167        1.67928111632180     
   139.399996044231        1.67957470897907     
   139.499996038294        1.67992027585350     
   139.599996032357        1.68031319408669     
   139.699996026420        1.68074894571399     
   139.799996020483        1.68122312755385     
   139.899996014546        1.68173146014299     
   139.999996008610        1.68226979575356     
   140.099996002673        1.68283412552232     
   140.199995996736        1.68342058572234     
   140.299995990799        1.68402546320876     
   140.399995984862        1.68464520006556     
   140.499995978926        1.68527639748066     
   140.599995972989        1.68591581887827     
   140.699995967052        1.68656039233652     
   140.799995961115        1.68720721231419     
   140.899995955178        1.68785354072687     
   140.999995949241        1.68849680737024     
   141.099995943305        1.68913460975742     
   141.199995937368        1.68976471237027     
   141.299995931431        1.69038504536449     
   141.399995925494        1.69099370275470     
   141.499995919557        1.69158894010989     
   141.599995913621        1.69216917178913     
   141.699995907684        1.69273296774825     
   141.799995901747        1.69327904994765     
   141.899995895810        1.69380628839254     
   141.999995889873        1.69431369683569     
   142.099995883936        1.69480042817641     
   142.199995878000        1.69526576958298     
   142.299995872063        1.69570913737472     
   142.399995866126        1.69613007168891     
   142.499995860189        1.69652823096751     
   142.599995854252        1.69690338629323     
   142.699995848316        1.69725541560183     
   142.799995842379        1.69758429780038     
   142.899995836442        1.69789010682064     
   142.999995830505        1.69817300563409     
   143.099995824568        1.69843324025376     
   143.199995818631        1.69867113374880     
   143.299995812695        1.69888708029466     
   143.399995806758        1.69908153928156     
   143.499995800821        1.69925502950268     
   143.599995794884        1.69940812344147     
   143.699995788947        1.69954144167616     
   143.799995783011        1.69965564741932     
   143.899995777074        1.69975144120510     
   143.999995771137        1.69982955574258     
   144.099995765200        1.69989075094312     
   144.199995759263        1.69993580913437     
   144.299995753326        1.69996553047270     
   144.399995747390        1.69998072855856     
   144.499995741453        1.69998222626092     
   144.599995735516        1.69997085176228     
   144.699995729579        1.69994743482044     
   144.799995723642        1.69991280325345     
   144.899995717706        1.69986777965272     
   144.999995711769        1.69981317831478     
   145.099995705832        1.69974980240467     
   145.199995699895        1.69967844133557     
   145.299995693958        1.69959986837388     
   145.399995688021        1.69951483845741     
   145.499995682085        1.69942408622889     
   145.599995676148        1.69932832427385     
   145.699995670211        1.69922824156514     
   145.799995664274        1.69912450209815     
   145.899995658337        1.69901774372251     
   145.999995652401        1.69890857714819     
   146.099995646464        1.69879758513475     
   146.199995640527        1.69868532184262     
   146.299995634590        1.69857231234443     
   146.399995628653        1.69845905228998     
   146.499995622716        1.69834600771898     
   146.599995616780        1.69823361499047     
   146.699995610843        1.69812228086090     
   146.799995604906        1.69801238266750     
   146.899995598969        1.69790426862348     
   146.999995593032        1.69779825821495     
   147.099995587096        1.69769464269216     
   147.199995581159        1.69759368564440     
   147.299995575222        1.69749562365251     
   147.399995569285        1.69740066701106     
   147.499995563348        1.69730900051245     
   147.599995557411        1.69722078428631     
   147.699995551475        1.69713615468651     
   147.799995545538        1.69705522521926     
   147.899995539601        1.69697808750624     
   147.999995533664        1.69690481227566     
   148.099995527727        1.69683545037685     
   148.199995521791        1.69677003381105     
   148.299995515854        1.69670857677451     
   148.399995509917        1.69665107670796     
   148.499995503980        1.69659751534846     
   148.599995498043        1.69654785977882     
   148.699995492106        1.69650206347127     
   148.799995486170        1.69646006731980     
   148.899995480233        1.69642180065732     
   148.999995474296        1.69638718225818     
   149.099995468359        1.69635612132200     
   149.199995462422        1.69632851843595     
   149.299995456486        1.69630426649913     
   149.399995450549        1.69628325163809     
   149.499995444612        1.69626535408197     
   149.599995438675        1.69625044900416     
   149.699995432738        1.69623840734804     
   149.799995426802        1.69622909659429     
   149.899995420865        1.69622238151802     
   149.999995414928        1.69621812489376     
