   95.0999986742407        2.01012568670875     
   95.1999986683039        2.01012567587216     
   95.2999986623671        2.01012566503487     
   95.3999986564303        2.01012565419687     
   95.4999986504935        2.01012564335815     
   95.5999986445566        2.01012563251874     
   95.6999986386198        2.01012562167861     
   95.7999986326830        2.01012561083778     
   95.8999986267462        2.01012559999624     
   95.9999986208094        2.01012558915399     
   96.0999986148725        2.01012557831103     
   96.1999986089357        2.01012556746737     
   96.2999986029989        2.01012555662299     
   96.3999985970621        2.01012554577791     
   96.4999985911253        2.01012553493212     
   96.5999985851885        2.01012552408563     
   96.6999985792516        2.01012551323842     
   96.7999985733148        2.01012550239050     
   96.8999985673780        2.01012549154187     
   96.9999985614412        2.01012548069254     
   97.0999985555044        2.01012546984250     
   97.1999985495676        2.01012545899175     
   97.2999985436307        2.01012544814029     
   97.3999985376939        2.01012543728812     
   97.4999985317571        2.01012542643524     
   97.5999985258203        2.01012541558167     
   97.6999985198835        2.01012540472737     
   97.7999985139466        2.01012539387236     
   97.8999985080098        2.01012538301664     
   97.9999985020730        2.01012537216023     
   98.0999984961362        2.01012536130309     
   98.1999984901994        2.01012535044525     
   98.2999984842626        2.01012533958670     
   98.3999984783257        2.01012532872744     
   98.4999984723889        2.01012531786746     
   98.5999984664521        2.01012530700678     
   98.6999984605153        2.01012529614539     
   98.7999984545785        2.01012528528329     
   98.8999984486417        2.01012527442048     
   98.9999984427048        2.01012526355696     
   99.0999984367680        2.01012525269273     
   99.1999984308312        2.01012524182779     
   99.2999984248944        2.01012523096214     
   99.3999984189576        2.01012522009577     
   99.4999984130207        2.01012520922870     
   99.5999984070839        2.01012519836092     
   99.6999984011471        2.01012518749242     
   99.7999983952103        2.01012517662322     
   99.8999983892735        2.01012516575333     
   99.9999983833367        2.01012515488275     
   100.099998377400        2.15670458829074     
   100.199998371463        2.52752369349131     
   100.299998365526        3.13361229061688     
   100.399998359589        4.03196645800896     
   100.499998353653        5.29152206907604     
   100.599998347716        6.94210162054092     
   100.699998341779        8.89362946847806     
   100.799998335842        10.8954072598549     
   100.899998329905        12.6396733492340     
   100.999998323968        13.9394272819374     
   101.099998318032        14.7811441172563     
   101.199998312095        15.2447790393466     
   101.299998306158        15.4216861354512     
   101.399998300221        15.3822902661264     
   101.499998294284        15.1745396618057     
   101.599998288348        14.8312927735730     
   101.699998282411        14.3776061164652     
   101.799998276474        13.8357552926823     
   101.899998270537        13.2279067576170     
   101.999998264600        12.5768221591396     
   102.099998258663        11.9051451586800     
   102.199998252727        11.2339506107919     
   102.299998246790        10.5812463437623     
   102.399998240853        9.96094351190752     
   102.499998234916        9.38251637040275     
   102.599998228979        8.85129335182618     
   102.699998223043        8.36916029326170     
   102.799998217106        7.93542836811886     
   102.899998211169        7.54767610871558     
   102.999998205232        7.20245784598965     
   103.099998199295        6.89584141100648     
   103.199998193358        6.62378255976531     
   103.299998187422        6.38236456386285     
   103.399998181485        6.16793661005727     
   103.499998175548        5.97718158660055     
   103.599998169611        5.80713765091121     
   103.699998163674        5.65519150433190     
   103.799998157738        5.51905577906785     
   103.899998151801        5.39673870337226     
   103.999998145864        5.28651116694536     
   104.099998139927        5.18687422559952     
   104.199998133990        5.09652871370800     
   104.299998128054        5.01434776334086     
   104.399998122117        4.93935249821543     
   104.499998116180        4.87069086225801     
   104.599998110243        4.80761937608816     
   104.699998104306        4.74948753635494     
   104.799998098369        4.69572454720530     
   104.899998092433        4.64582807771872     
   104.999998086496        4.59935475978684     
   105.099998080559        4.55591216897007     
   105.199998074622        4.51515206122727     
   105.299998068685        4.47676466819912     
   105.399998062749        4.44047388143686     
   105.499998056812        4.40603318085947     
   105.599998050875        4.37322218470880     
   105.699998044938        4.34184371732211     
   105.799998039001        4.31172130748059     
   105.899998033064        4.28269704409438     
   105.999998027128        4.25462972795652     
   106.099998021191        4.22739326842949     
   106.199998015254        4.20087528251705     
   106.299998009317        4.17497586106532     
   106.399998003380        4.14960647297139     
   106.499997997444        4.12468898349190     
   106.599997991507        4.10015476711919     
   106.699997985570        4.07594389919337     
   106.799997979633        4.05200441350991     
   106.899997973696        4.02829161578287     
   106.999997967759        4.00476744497357     
   107.099997961823        3.98139987627194     
   107.199997955886        3.95816236098010     
   107.299997949949        3.93503329971053     
   107.399997944012        3.91199554625685     
   107.499997938075        3.88903594021722     
   107.599997932139        3.86614486700642     
   107.699997926202        3.84331584429953     
   107.799997920265        3.82054513423065     
   107.899997914328        3.79783138085195     
   107.999997908391        3.77517527246013     
   108.099997902454        3.75257922842780     
   108.199997896518        3.73004711016476     
   108.299997890581        3.70758395578375     
   108.399997884644        3.68519573796889     
   108.499997878707        3.66288914445463     
   108.599997872770        3.64067138042731     
   108.699997866834        3.61854999206256     
   108.799997860897        3.59653271032113     
   108.899997854960        3.57462731404174     
   108.999997849023        3.55284151129737     
   109.099997843086        3.53118283792649     
   109.199997837149        3.50965857210148     
   109.299997831213        3.48827566377477     
   109.399997825276        3.46704067782272     
   109.499997819339        3.44595974971420     
   109.599997813402        3.42503855253428     
   109.699997807465        3.40428227422704     
   109.799997801529        3.38369560394858     
   109.899997795592        3.36328272646710     
   109.999997789655        3.34304732359788     
   110.099997783718        3.32299258171150     
   110.199997777781        3.30312120441943     
   110.299997771844        3.28343542959759     
   110.399997765908        3.26393704997521     
   110.499997759971        3.24462743658028     
   110.599997754034        3.22550756439672     
   110.699997748097        3.20657803964955     
   110.799997742160        3.18783912819772     
   110.899997736224        3.16929078456992     
   110.999997730287        3.15093268123681     
   111.099997724350        3.13276423776301     
   111.199997718413        3.11478464953343     
   111.299997712476        3.09699291579270     
   111.399997706539        3.07938786677886     
   111.499997700603        3.06196818977132     
   111.599997694666        3.04473245390720     
   111.699997688729        3.02767913365383     
   111.799997682792        3.01080663085058     
   111.899997676855        2.99411329526165     
   111.999997670919        2.97759744360024     
   112.099997664982        2.96125737701085     
   112.199997659045        2.94509139700027     
   112.299997653108        2.92909781984251     
   112.399997647171        2.91327498947549     
   112.499997641234        2.89762128893194     
   112.599997635298        2.88213515034614     
   112.699997629361        2.86681506359273     
   112.799997623424        2.85165958361710     
   112.899997617487        2.83666733651863     
   112.999997611550        2.82183702445581     
   113.099997605614        2.80716742944097     
   113.199997599677        2.79265741609609     
   113.299997593740        2.77830593344035     
   113.399997587803        2.76411201578134     
   113.499997581866        2.75007478278031     
   113.599997575929        2.73619343875983     
   113.699997569993        2.72246727132556     
   113.799997564056        2.70889564936466     
   113.899997558119        2.69547802048659     
   113.999997552182        2.68221390796841     
   114.099997546245        2.66910290726403     
   114.199997540309        2.65614468213358     
   114.299997534372        2.64333896044712     
   114.399997528435        2.63068552971440     
   114.499997522498        2.61818423238862     
   114.599997516561        2.60583496098817     
   114.699997510624        2.59363765308384     
   114.799997504688        2.58159228618468     
   114.899997498751        2.56969887256457     
   114.999997492814        2.55795745406207     
   115.099997486877        2.54636809688471     
   115.199997480940        2.53493088644811     
   115.299997475004        2.52364592227501     
   115.399997469067        2.51251331297979     
   115.499997463130        2.50153317135896     
   115.599997457193        2.49070560960831     
   115.699997451256        2.48003073468329     
   115.799997445319        2.46950864381857     
   115.899997439383        2.45913942022011     
   115.999997433446        2.44892312894099     
   116.099997427509        2.43885981295172     
   116.199997421572        2.42894948941234     
   116.299997415635        2.41919214615380     
   116.399997409699        2.40958773837323     
   116.499997403762        2.40013618554777     
   116.599997397825        2.39083736856848     
   116.699997391888        2.38169112709792     
   116.799997385951        2.37269725714950     
   116.899997380014        2.36385550888926     
   116.999997374078        2.35516558465906     
   117.099997368141        2.34662713721773     
   117.199997362204        2.33823976819816     
   117.299997356267        2.33000302677638     
   117.399997350330        2.32191640854815     
   117.499997344394        2.31397935460832     
   117.599997338457        2.30619125082788     
   117.699997332520        2.29855142732269     
   117.799997326583        2.29105915810808     
   117.899997320646        2.28371366093280     
   117.999997314709        2.27651409728536     
   118.099997308773        2.26945957256693     
   118.199997302836        2.26254913642268     
   118.299997296899        2.25578178322511     
   118.399997290962        2.24915645270111     
   118.499997285025        2.24267203069866     
   118.599997279089        2.23632735007880     
   118.699997273152        2.23012119173679     
   118.799997267215        2.22405228573152     
   118.899997261278        2.21811931252847     
   118.999997255341        2.21232090434024     
   119.099997249404        2.20665564656497     
   119.199997243468        2.20112207930508     
   119.299997237531        2.19571869897244     
   119.399997231594        2.19044395996331     
   119.499997225657        2.18529627640079     
   119.599997219720        2.18027402393752     
   119.699997213784        2.17537554161208     
   119.799997207847        2.17059913375313     
   119.899997201910        2.16594307192531     
   119.999997195973        2.16140559691112     
   120.099997190036        2.15698492072295     
   120.199997184100        2.15267922864000     
   120.299997178163        2.14848668126454     
   120.399997172226        2.14440541659245     
   120.499997166289        2.14043355209288     
   120.599997160352        2.13656918679372     
   120.699997154415        2.13281040336433     
   120.799997148479        2.12915527019633     
   120.899997142542        2.12560184347417     
   120.999997136605        2.12214816923253     
   121.099997130668        2.11879228539720     
   121.199997124731        2.11553222380481     
   121.299997118795        2.11236601219825     
   121.399997112858        2.10929167619385     
   121.499997106921        2.10630724121704     
   121.599997100984        2.10341073440387     
   121.699997095047        2.10060018646469     
   121.799997089110        2.09787363350736     
   121.899997083174        2.09522911881748     
   121.999997077237        2.09266469459203     
   122.099997071300        2.09017842362643     
   122.199997065363        2.08776838094972     
   122.299997059426        2.08543265540801     
   122.399997053490        2.08316935119256     
   122.499997047553        2.08097658931364     
   122.599997041616        2.07885250901350     
   122.699997035679        2.07679526912264     
   122.799997029742        2.07480304935423     
   122.899997023805        2.07287405153629     
   122.999997017869        2.07100650078217     
   123.099997011932        2.06919864659623     
   123.199997005995        2.06744876391585     
   123.299997000058        2.06575515408775     
   123.399996994121        2.06411614578008     
   123.499996988185        2.06253009582765     
   123.599996982248        2.06099539001247     
   123.699996976311        2.05951044377822     
   123.799996970374        2.05807370287974     
   123.899996964437        2.05668364396683     
   123.999996958500        2.05533877510473     
   124.099996952564        2.05403763622918     
   124.199996946627        2.05277879953992     
   124.299996940690        2.05156086983128     
   124.399996934753        2.05038248476163     
   124.499996928816        2.04924231506309     
   124.599996922880        2.04813906469239     
   124.699996916943        2.04707147092521     
   124.799996911006        2.04603830439339     
   124.899996905069        2.04503836906930     
   124.999996899132        2.04407050219716     
   125.099996893195        2.04313357417355     
   125.199996887259        2.04222648837955     
   125.299996881322        2.04134818096582     
   125.399996875385        2.04049762059286     
   125.499996869448        2.03967380812822     
   125.599996863511        2.03887577630342     
   125.699996857575        2.03810258933218     
   125.799996851638        2.03735334249244     
   125.899996845701        2.03662716167400     
   125.999996839764        2.03592320289465     
   126.099996833827        2.03524065178623     
   126.199996827890        2.03457872305394     
   126.299996821954        2.03393665991008     
   126.399996816017        2.03331373348520     
   126.499996810080        2.03270924221838     
   126.599996804143        2.03212251122927     
   126.699996798206        2.03155289167392     
   126.799996792270        2.03099976008631     
   126.899996786333        2.03046251770833     
   126.999996780396        2.02994058980897     
   127.099996774459        2.02943342499646     
   127.199996768522        2.02894049452385     
   127.299996762585        2.02846129159059     
   127.399996756649        2.02799533064178     
   127.499996750712        2.02754214666693     
   127.599996744775        2.02710129449961     
   127.699996738838        2.02667234811981     
   127.799996732901        2.02625489996097     
   127.899996726965        2.02584856022176     
   127.999996721028        2.02545295618550     
   128.099996715091        2.02506773154794     
   128.199996709154        2.02469254575399     
   128.299996703217        2.02432707334528     
   128.399996697280        2.02397100331934     
   128.499996691344        2.02362403850139     
   128.599996685407        2.02328589492911     
   128.699996679470        2.02295630125193     
   128.799996673533        2.02263499814518     
   128.899996667596        2.02232173773930     
   128.999996661660        2.02201628306555     
   129.099996655723        2.02171840751772     
   129.199996649786        2.02142789433103     
   129.299996643849        2.02114453607785     
   129.399996637912        2.02086813418094     
   129.499996631975        2.02059849844450     
   129.599996626039        2.02033544660235     
   129.699996620102        2.02007880388435     
   129.799996614165        2.01982840260030     
   129.899996608228        2.01958408174155     
   129.999996602291        2.01934568660010     
   130.099996596355        2.01911306840520     
   130.199996590418        2.01888608397705     
   130.299996584481        2.01866459539759     
   130.399996578544        2.01844846969784     
   130.499996572607        2.01823757856154     
   130.599996566670        2.01803179804484     
   130.699996560734        2.01783100831177     
   130.799996554797        2.01763509338460     
   130.899996548860        2.01744394090928     
   130.999996542923        2.01725744193497     
   131.099996536986        2.01707549070769     
   131.199996531050        2.01689798447718     
   131.299996525113        2.01672482331661     
   131.399996519176        2.01655590995493     
   131.499996513239        2.01639114962083     
   131.599996507302        2.01623044989835     
   131.699996501365        2.01607372059308     
   131.799996495429        2.01592087360896     
   131.899996489492        2.01577182283470     
   131.999996483555        2.01562648403966     
   132.099996477618        2.01548477477841     
   132.199996471681        2.01534661430383     
   132.299996465745        2.01521192348784     
   132.399996459808        2.01508062474952     
   132.499996453871        2.01495264198999     
   132.599996447934        2.01482790053425     
   132.699996441997        2.01470632707805     
   132.799996436060        2.01458784964103     
   132.899996430124        2.01447239752496     
   132.999996424187        2.01435990127597     
   133.099996418250        2.01425029265202     
   133.199996412313        2.01414350459381     
   133.299996406376        2.01403947119894     
   133.399996400440        2.01393812770051     
   133.499996394503        2.01383941044669     
   133.599996388566        2.01374325688528     
   133.699996382629        2.01364960554812     
   133.799996376692        2.01355839603994     
   133.899996370756        2.01346956902634     
   133.999996364819        2.01338306622632     
   134.099996358882        2.01329883040275     
   134.199996352945        2.01321680535753     
   134.299996347008        2.01313693592389     
   134.399996341071        2.01305916796301     
   134.499996335135        2.01298344835806     
   134.599996329198        2.01290972501063     
   134.699996323261        2.01283794683705     
   134.799996317324        2.01276806376327     
   134.899996311387        2.01270002672284     
   134.999996305451        2.01263378765108     
   135.099996299514        2.01256929948188     
   135.199996293577        2.01250651614369     
   135.299996287640        2.01244539255292     
   135.399996281703        2.01238588461058     
   135.499996275766        2.01232794919612     
   135.599996269830        2.01227154415986     
   135.699996263893        2.01221662831804     
   135.799996257956        2.01216316144525     
   135.899996252019        2.01211110426508     
   135.999996246082        2.01206041844302     
   136.099996240146        2.01201106657775     
   136.199996234209        2.01196301219041     
   136.299996228272        2.01191621971390     
   136.399996222335        2.01187065448394     
   136.499996216398        2.01182628272692     
   136.599996210461        2.01178307154687     
   136.699996204525        2.01174098891356     
   136.799996198588        2.01170000365080     
   136.899996192651        2.01166008542204     
   136.999996186714        2.01162120471607     
   137.099996180777        2.01158333283250     
   137.199996174841        2.01154644186868     
   137.299996168904        2.01151050470407     
   137.399996162967        2.01147549498450     
   137.499996157030        2.01144138710601     
   137.599996151093        2.01140815619962     
   137.699996145156        2.01137577811638     
   137.799996139220        2.01134422941015     
   137.899996133283        2.01131348732123     
   137.999996127346        2.01128352975982     
   138.099996121409        2.01125433528884     
   138.199996115472        2.01122588310934     
   138.299996109536        2.01119815304308     
   138.399996103599        2.01117112551598     
   138.499996097662        2.01114478154136     
   138.599996091725        2.01111910270364     
   138.699996085788        2.01109407114156     
   138.799996079851        2.01106966953351     
   138.899996073915        2.01104588108150     
   138.999996067978        2.01102268949465     
   139.099996062041        2.01100007897399     
   139.199996056104        2.01097803419712     
   139.299996050167        2.01095654030299     
   139.399996044231        2.01093558287656     
   139.499996038294        2.01091514793534     
   139.599996032357        2.01089522191591     
   139.699996026420        2.01087579165875     
   139.799996020483        2.01085684439525     
   139.899996014546        2.01083836773407     
   139.999996008610        2.01082034964882     
   140.099996002673        2.01080277846447     
   140.199995996736        2.01078564284613     
   140.299995990799        2.01076893178629     
   140.399995984862        2.01075263459393     
   140.499995978926        2.01073674088446     
   140.599995972989        2.01072124056758     
   140.699995967052        2.01070612383718     
   140.799995961115        2.01069138116144     
   140.899995955178        2.01067700327256     
   140.999995949241        2.01066298115811     
   141.099995943305        2.01064930605110     
   141.199995937368        2.01063596942231     
   141.299995931431        2.01062296297108     
   141.399995925494        2.01061027861755     
   141.499995919557        2.01059790849463     
   141.599995913621        2.01058584494157     
   141.699995907684        2.01057408049695     
   141.799995901747        2.01056260789111     
   141.899995895810        2.01055142003988     
   141.999995889873        2.01054051003841     
   142.099995883936        2.01052987115478     
   142.199995878000        2.01051949682500     
   142.299995872063        2.01050938064714     
   142.399995866126        2.01049951637639     
   142.499995860189        2.01048989791985     
   142.599995854252        2.01048051933200     
   142.699995848316        2.01047137481014     
   142.799995842379        2.01046245869072     
   142.899995836442        2.01045376544359     
   142.999995830505        2.01044528966951     
   143.099995824568        2.01043702609606     
   143.199995818631        2.01042896957404     
   143.299995812695        2.01042111507464     
   143.399995806758        2.01041345768574     
   143.499995800821        2.01040599260959     
   143.599995794884        2.01039871515789     
   143.699995788947        2.01039162075087     
   143.799995783011        2.01038470491409     
   143.899995777074        2.01037796327485     
   143.999995771137        2.01037139156140     
   144.099995765200        2.01036498559949     
   144.199995759263        2.01035874130973     
   144.299995753326        2.01035265470733     
   144.399995747390        2.01034672189763     
   144.499995741453        2.01034093907521     
   144.599995735516        2.01033530252238     
   144.699995729579        2.01032980860689     
   144.799995723642        2.01032445377940     
   144.899995717706        2.01031923457328     
   144.999995711769        2.01031414760178     
   145.099995705832        2.01030918955587     
   145.199995699895        2.01030435720491     
   145.299995693958        2.01029964739179     
   145.399995688021        2.01029505703487     
   145.499995682085        2.01029058312386     
   145.599995676148        2.01028622272005     
   145.699995670211        2.01028197295268     
   145.799995664274        2.01027783102195     
   145.899995658337        2.01027379419081     
   145.999995652401        2.01026985979174     
   146.099995646464        2.01026602521779     
   146.199995640527        2.01026228792808     
   146.299995634590        2.01025864544248     
   146.399995628653        2.01025509533973     
   146.499995622716        2.01025163525999     
   146.599995616780        2.01024826290065     
   146.699995610843        2.01024497601461     
   146.799995604906        2.01024177241093     
   146.899995598969        2.01023864995364     
   146.999995593032        2.01023560656005     
   147.099995587096        2.01023264019847     
   147.199995581159        2.01022974889059     
   147.299995575222        2.01022693070484     
   147.399995569285        2.01022418376177     
   147.499995563348        2.01022150622701     
   147.599995557411        2.01021889631500     
   147.699995551475        2.01021635228428     
   147.799995545538        2.01021387243894     
   147.899995539601        2.01021145512682     
   147.999995533664        2.01020909873768     
   148.099995527727        2.01020680170286     
   148.199995521791        2.01020456249593     
   148.299995515854        2.01020237962881     
   148.399995509917        2.01020025165284     
   148.499995503980        2.01019817715715     
   148.599995498043        2.01019615476584     
   148.699995492106        2.01019418314171     
   148.799995486170        2.01019226098291     
   148.899995480233        2.01019038701849     
   148.999995474296        2.01018856001290     
   149.099995468359        2.01018677876556     
   149.199995462422        2.01018504210431     
   149.299995456486        2.01018334888630     
   149.399995450549        2.01018169800615     
   149.499995444612        2.01018008837692     
   149.599995438675        2.01017851895192     
   149.699995432738        2.01017698870169     
   149.799995426802        2.01017549663261     
   149.899995420865        2.01017404177005     
   149.999995414928        2.01017262317076     
