   95.0999986742407        2.01012568670875     
   95.1999986683039        2.01012567587216     
   95.2999986623671        2.01012566503487     
   95.3999986564303        2.01012565419687     
   95.4999986504935        2.01012564335815     
   95.5999986445566        2.01012563251874     
   95.6999986386198        2.01012562167861     
   95.7999986326830        2.01012561083778     
   95.8999986267462        2.01012559999624     
   95.9999986208094        2.01012558915399     
   96.0999986148725        2.01012557831103     
   96.1999986089357        2.01012556746737     
   96.2999986029989        2.01012555662299     
   96.3999985970621        2.01012554577791     
   96.4999985911253        2.01012553493212     
   96.5999985851885        2.01012552408563     
   96.6999985792516        2.01012551323842     
   96.7999985733148        2.01012550239050     
   96.8999985673780        2.01012549154187     
   96.9999985614412        2.01012548069254     
   97.0999985555044        2.01012546984250     
   97.1999985495676        2.01012545899175     
   97.2999985436307        2.01012544814029     
   97.3999985376939        2.01012543728812     
   97.4999985317571        2.01012542643524     
   97.5999985258203        2.01012541558167     
   97.6999985198835        2.01012540472737     
   97.7999985139466        2.01012539387236     
   97.8999985080098        2.01012538301664     
   97.9999985020730        2.01012537216023     
   98.0999984961362        2.01012536130309     
   98.1999984901994        2.01012535044525     
   98.2999984842626        2.01012533958670     
   98.3999984783257        2.01012532872744     
   98.4999984723889        2.01012531786746     
   98.5999984664521        2.01012530700678     
   98.6999984605153        2.01012529614539     
   98.7999984545785        2.01012528528329     
   98.8999984486417        2.01012527442048     
   98.9999984427048        2.01012526355696     
   99.0999984367680        2.01012525269273     
   99.1999984308312        2.01012524182779     
   99.2999984248944        2.01012523096214     
   99.3999984189576        2.01012522009577     
   99.4999984130207        2.01012520922870     
   99.5999984070839        2.01012519836092     
   99.6999984011471        2.01012518749242     
   99.7999983952103        2.01012517662322     
   99.8999983892735        2.01012516575333     
   99.9999983833367        2.01012515488275     
   100.099998377400        2.23520260668380     
   100.199998371463        2.90472936351044     
   100.299998365526        4.25324409568903     
   100.399998359589        6.59350446830561     
   100.499998353653        9.90132390489803     
   100.599998347716        13.3016876212049     
   100.699998341779        15.7687513536927     
   100.799998335842        17.1823047379725     
   100.899998329905        17.9313365816813     
   100.999998323968        18.3401888855455     
   101.099998318032        18.5846127584840     
   101.199998312095        18.7511317883821     
   101.299998306158        18.8816452474933     
   101.399998300221        18.9956029074346     
   101.499998294284        19.1008824762228     
   101.599998288348        19.1996238833478     
   101.699998282411        19.2915397481359     
   101.799998276474        19.3757194562804     
   101.899998270537        19.4514714883764     
   101.999998264600        19.5185910971467     
   102.099998258663        19.5773359996071     
   102.199998252727        19.6282923826984     
   102.299998246790        19.6722292149211     
   102.399998240853        19.7099815128727     
   102.499998234916        19.7423714680786     
   102.599998228979        19.7701624480624     
   102.699998223043        19.7940369430398     
   102.799998217106        19.8145900529586     
   102.899998211169        19.8323320747180     
   102.999998205232        19.8476957860517     
   103.099998199295        19.8610456542026     
   103.199998193358        19.8726873530783     
   103.299998187422        19.8828767289999     
   103.399998181485        19.8918278206508     
   103.499998175548        19.8997198088089     
   103.599998169611        19.9067029173302     
   103.699998163674        19.9129033576283     
   103.799998157738        19.9184274363230     
   103.899998151801        19.9233649494973     
   103.999998145864        19.9277919789098     
   104.099998139927        19.9317731923157     
   104.199998133990        19.9353637354938     
   104.299998128054        19.9386107895606     
   104.399998122117        19.9415548545557     
   104.499998116180        19.9442308093920     
   104.599998110243        19.9466687890948     
   104.699998104306        19.9488949126392     
   104.799998098369        19.9509318884562     
   104.899998092433        19.9527995195864     
   104.999998086496        19.9545151263387     
   105.099998080559        19.9560939009679     
   105.199998074622        19.9575492061906     
   105.299998068685        19.9588928271797     
   105.399998062749        19.9601351849151     
   105.499998056812        19.9612855173466     
   105.599998050875        19.9623520336671     
   105.699998044938        19.9633420460633     
   105.799998039001        19.9642620825426     
   105.899998033064        19.9651179838208     
   105.999998027128        19.9659149867433     
   106.099998021191        19.9666577962995     
   106.199998015254        19.9673506479499     
   106.299998009317        19.9679973617009     
   106.399998003380        19.9686013891371     
   106.499997997444        19.9691658544218     
   106.599997991507        19.9696935901241     
   106.699997985570        19.9701871685951     
   106.799997979633        19.9706489295052     
   106.899997973696        19.9710810040650     
   106.999997967759        19.9714853363734     
   107.099997961823        19.9718637022702     
   107.199997955886        19.9722177260197     
   107.299997949949        19.9725488951018     
   107.399997944012        19.9728585733495     
   107.499997938075        19.9731480126408     
   107.599997932139        19.9734183633201     
   107.699997926202        19.9736706835048     
   107.799997920265        19.9739059474101     
   107.899997914328        19.9741250528071     
   107.999997908391        19.9743288277164     
   108.099997902454        19.9745180364236     
   108.199997896518        19.9746933848947     
   108.299997890581        19.9748555256582     
   108.399997884644        19.9750050622126     
   108.499997878707        19.9751425530115     
   108.599997872770        19.9752685150718     
   108.699997866834        19.9753834272450     
   108.799997860897        19.9754877331871     
   108.899997854960        19.9755818440582     
   108.999997849023        19.9756661409803     
   109.099997843086        19.9757409772773     
   109.199997837149        19.9758066805187     
   109.299997831213        19.9758635543875     
   109.399997825276        19.9759118803891     
   109.499997819339        19.9759519194162     
   109.599997813402        19.9759839131845     
   109.699997807465        19.9760080855507     
   109.799997801529        19.9760246437240     
   109.899997795592        19.9760337793820     
   109.999997789655        19.9760356696983     
   110.099997783718        19.9760304782914     
   110.199997777781        19.9760183561008     
   110.299997771844        19.9759994421979     
   110.399997765908        19.9759738645370     
   110.499997759971        19.9759417406518     
   110.599997754034        19.9759031783022     
   110.699997748097        19.9758582760758     
   110.799997742160        19.9758071239485     
   110.899997736224        19.9757498038065     
   110.999997730287        19.9756863899349     
   111.099997724350        19.9756169494736     
   111.199997718413        19.9755415428458     
   111.299997712476        19.9754602241587     
   111.399997706539        19.9753730415813     
   111.499997700603        19.9752800376995     
   111.599997694666        19.9751812498511     
   111.699997688729        19.9750767104431     
   111.799997682792        19.9749664472508     
   111.899997676855        19.9748504837031     
   111.999997670919        19.9747288391520     
   112.099997664982        19.9746015291309     
   112.199997659045        19.9744685655998     
   112.299997653108        19.9743299571807     
   112.399997647171        19.9741857093821     
   112.499997641234        19.9740358248162     
   112.599997635298        19.9738803034061     
   112.699997629361        19.9737191425868     
   112.799997623424        19.9735523374991     
   112.899997617487        19.9733798811769     
   112.999997611550        19.9732017647296     
   113.099997605614        19.9730179775186     
   113.199997599677        19.9728285073300     
   113.299997593740        19.9726333405423     
   113.399997587803        19.9724324622903     
   113.499997581866        19.9722258566262     
   113.599997575929        19.9720135066766     
   113.699997569993        19.9717953947971     
   113.799997564056        19.9715715027237     
   113.899997558119        19.9713418117224     
   113.999997552182        19.9711063027360     
   114.099997546245        19.9708649565288     
   114.199997540309        19.9706177538290     
   114.299997534372        19.9703646754705     
   114.399997528435        19.9701057025307     
   114.499997522498        19.9698408164687     
   114.599997516561        19.9695699992606     
   114.699997510624        19.9692932335331     
   114.799997504688        19.9690105026961     
   114.899997498751        19.9687217910730     
   114.999997492814        19.9684270840298     
   115.099997486877        19.9681263681016     
   115.199997480940        19.9678196311187     
   115.299997475004        19.9675068623293     
   115.399997469067        19.9671880525210     
   115.499997463130        19.9668631941406     
   115.599997457193        19.9665322814109     
   115.699997451256        19.9661953104454     
   115.799997445319        19.9658522793612     
   115.899997439383        19.9655031883887     
   115.999997433446        19.9651480399784     
   116.099997427509        19.9647868389059     
   116.199997421572        19.9644195923723     
   116.299997415635        19.9640463101030     
   116.399997409699        19.9636670044420     
   116.499997403762        19.9632816904427     
   116.599997397825        19.9628903859561     
   116.699997391888        19.9624931117134     
   116.799997385951        19.9620898914062     
   116.899997380014        19.9616807517608     
   116.999997374078        19.9612657226097     
   117.099997368141        19.9608448369570     
   117.199997362204        19.9604181310402     
   117.299997356267        19.9599856443859     
   117.399997350330        19.9595474198617     
   117.499997344394        19.9591035037219     
   117.599997338457        19.9586539456477     
   117.699997332520        19.9581987987825     
   117.799997326583        19.9577381197612     
   117.899997320646        19.9572719687336     
   117.999997314709        19.9568004093820     
   118.099997308773        19.9563235089327     
   118.199997302836        19.9558413381619     
   118.299997296899        19.9553539713944     
   118.399997290962        19.9548614864972     
   118.499997285025        19.9543639648664     
   118.599997279089        19.9538614914076     
   118.699997273152        19.9533541545103     
   118.799997267215        19.9528420460161     
   118.899997261278        19.9523252611802     
   118.999997255341        19.9518038986273     
   119.099997249404        19.9512780603005     
   119.199997243468        19.9507478514051     
   119.299997237531        19.9502133803456     
   119.399997231594        19.9496747586571     
   119.499997225657        19.9491321009306     
   119.599997219720        19.9485855247335     
   119.699997213784        19.9480351505233     
   119.799997207847        19.9474811015570     
   119.899997201910        19.9469235037947     
   119.999997195973        19.9463624857989     
   120.099997190036        19.9428787922811     
   120.199997184100        19.9365539705138     
   120.299997178163        19.9273101200978     
   120.399997172226        19.9145618201040     
   120.499997166289        19.8973781773215     
   120.599997160352        19.8744059226630     
   120.699997154415        19.8437330853879     
   120.799997148479        19.8026830780806     
   120.899997142542        19.7475174801233     
   120.999997136605        19.6730164403972     
   121.099997130668        19.5718987046522     
   121.199997124731        19.4340455375225     
   121.299997118795        19.2455209187349     
   121.399997112858        18.9874601388458     
   121.499997106921        18.6350573054611     
   121.599997100984        18.1572251040823     
   121.699997095047        17.5181813344049     
   121.799997089110        16.6828881777526     
   121.899997083174        15.6279628236769     
   121.999997077237        14.3569189247012     
   122.099997071300        12.9128750217803     
   122.199997065363        11.3776734028380     
   122.299997059426        9.85208887540834     
   122.399997053490        8.42664975219509     
   122.499997047553        7.16053935339796     
   122.599997041616        6.07748572744183     
   122.699997035679        5.17418695589192     
   122.799997029742        4.43217607280034     
   122.899997023805        3.82731439609619     
   122.999997017869        3.33547165660177     
   123.099997011932        2.93517455083001     
   123.199997005995        2.60843105924147     
   123.299997000058        2.34065022148000     
   123.399996994121        2.12020156220603     
   123.499996988185        1.93788916220386     
   123.599996982248        1.78646006435508     
   123.699996976311        1.66018798627724     
   123.799996970374        1.55453760136451     
   123.899996964437        1.46590066539757     
   123.999996958500        1.39139135512799     
   124.099996952564        1.32868849608907     
   124.199996946627        1.27591414171641     
   124.299996940690        1.23154002673060     
   124.399996934753        1.19431528970291     
   124.499996928816        1.16321040563780     
   124.599996922880        1.13737348737052     
   124.699996916943        1.11609605027977     
   124.799996911006        1.09878604397851     
   124.899996905069        1.08494648845448     
   124.999996899132        1.07415845285875     
   125.099996893195        1.06606741594146     
   125.199996887259        1.06037227328604     
   125.299996881322        1.05681642696597     
   125.399996875385        1.05518052218884     
   125.499996869448        1.05527649337813     
   125.599996863511        1.05694265675600     
   125.699996857575        1.06003964360201     
   125.799996851638        1.06444701226207     
   125.899996845701        1.07006041088060     
   125.999996839764        1.07678918910999     
   126.099996833827        1.08455437753917     
   126.199996827890        1.09328696960489     
   126.299996821954        1.10292645336464     
   126.399996816017        1.11341955047186     
   126.499996810080        1.12471912761996     
   126.599996804143        1.13678325204645     
   126.699996798206        1.14957436778153     
   126.799996792270        1.16305857343272     
   126.899996786333        1.17720498565462     
   126.999996780396        1.19198517519225     
   127.099996774459        1.20737266465718     
   127.199996768522        1.22334247908334     
   127.299996762585        1.23987074189045     
   127.399996756649        1.25693431022724     
   127.499996750712        1.27451044480611     
   127.599996744775        1.29257651032781     
   127.699996738838        1.31110970344646     
   127.799996732901        1.33008680596703     
   127.899996726965        1.34948396162211     
   127.999996721028        1.36927647534073     
   128.099996715091        1.38943863442446     
   128.199996709154        1.40994355147994     
   128.299996703217        1.43076302932103     
   128.399996697280        1.45186744837023     
   128.499996691344        1.47322567732965     
   128.599996685407        1.49480500807502     
   128.699996679470        1.51657111584277     
   128.799996673533        1.53848804582447     
   128.899996667596        1.56051822725464     
   128.999996661660        1.58262251598580     
   129.099996655723        1.60476026635072     
   129.199996649786        1.62688943287503     
   129.299996643849        1.64896670207013     
   129.399996637912        1.67094765413830     
   129.499996631975        1.69278695396669     
   129.599996626039        1.71443857027754     
   129.699996620102        1.73585602124475     
   129.799996614165        1.75699264432029     
   129.899996608228        1.77780188741502     
   129.999996602291        1.79823761801739     
   130.099996596355        1.81825444629137     
   130.199996590418        1.83780805769952     
   130.299996584481        1.85685555029235     
   130.399996578544        1.87535577147496     
   130.499996572607        1.89326964886659     
   130.599996566670        1.91056050976248     
   130.699996560734        1.92719438377434     
   130.799996554797        1.94314028339943     
   130.899996548860        1.95837045759835     
   130.999996542923        1.97286061391369     
   131.099996536986        1.98659010524455     
   131.199996531050        1.99954207806707     
   131.299996525113        2.01170357966564     
   131.399996519176        2.02306562275986     
   131.499996513239        2.03362320678121     
   131.599996507302        2.04337529592054     
   131.699996501365        2.05232475492018     
   131.799996495429        2.06047824439169     
   131.899996489492        2.06784607818136     
   131.999996483555        2.07444204595422     
   132.099996477618        2.08028320471903     
   132.199996471681        2.08538964344912     
   132.299996465745        2.08978422526898     
   132.399996459808        2.09349231186156     
   132.499996453871        2.09654147482280     
   132.599996447934        2.09896119866472     
   132.699996441997        2.10078257996286     
   132.799996436060        2.10203802697552     
   132.899996430124        2.10276096369987     
   132.999996424187        2.10298554196221     
   133.099996418250        2.10274636471354     
   133.199996412313        2.10207822325548     
   133.299996406376        2.10101585064357     
   133.399996400440        2.09959369305338     
   133.499996394503        2.09784570043629     
   133.599996388566        2.09580513734938     
   133.699996382629        2.09350441444716     
   133.799996376692        2.09097494074928     
   133.899996370756        2.08824699646292     
   133.999996364819        2.08534962586446     
   134.099996358882        2.08231054949654     
   134.199996352945        2.07915609473808     
   134.299996347008        2.07591114365028     
   134.399996341071        2.07259909689136     
   134.499996335135        2.06924185241022     
   134.599996329198        2.06585979757942     
   134.699996323261        2.06247181341902     
   134.799996317324        2.05909528957266     
   134.899996311387        2.05574614871334     
   134.999996305451        2.05243887912753     
   135.099996299514        2.04918657426124     
   135.199996293577        2.04600097810229     
   135.299996287640        2.04289253534325     
   135.399996281703        2.03987044535385     
   135.499996275766        2.03694271907458     
   135.599996269830        2.03411623803314     
   135.699996263893        2.03139681476719     
   135.799996257956        2.02878925402098     
   135.899996252019        2.02629741415240     
   135.999996246082        2.02392426827234     
   136.099996240146        2.02167196469995     
   136.199996234209        2.01954188638333     
   136.299996228272        2.01753470898892     
   136.399996222335        2.01565045741867     
   136.499996216398        2.01388856056082     
   136.599996210461        2.01224790412383     
   136.699996204525        2.01072688143389     
   136.799996198588        2.00932344211204     
   136.899996192651        2.00803513857762     
   136.999996186714        2.00685917034522     
   137.099996180777        2.00579242610490     
   137.199996174841        2.00483152358659     
   137.299996168904        2.00397284723421     
   137.399996162967        2.00321258371417     
   137.499996157030        2.00254675530941     
   137.599996151093        2.00197125123560     
   137.699996145156        2.00148185693783     
   137.799996139220        2.00107428142812     
   137.899996133283        2.00074418272040     
   137.999996127346        2.00048719143123     
   138.099996121409        2.00029893260471     
   138.199996115472        2.00017504582913     
   138.299996109536        2.00011120370972     
   138.399996103599        2.00010312876299     
   138.499996097662        2.00014660879636     
   138.599996091725        2.00023751083339     
   138.699996085788        2.00037179364804     
   138.799996079851        2.00054551896866     
   138.899996073915        2.00075486141083     
   138.999996067978        2.00099611719811     
   139.099996062041        2.00126571172854     
   139.199996056104        2.00156020603883     
   139.299996050167        2.00187630222529     
   139.399996044231        2.00221084787416     
   139.499996038294        2.00256083955392     
   139.599996032357        2.00292342542154     
   139.699996026420        2.00329590699631     
   139.799996020483        2.00367574014777     
   139.899996014546        2.00406053534852     
   139.999996008610        2.00444805724150     
   140.099996002673        2.00483622356301     
   140.199995996736        2.00522310350577     
   140.299995990799        2.00560691547284     
   140.399995984862        2.00598602439655     
   140.499995978926        2.00635893857051     
   140.599995972989        2.00672430607480     
   140.699995967052        2.00708091083084     
   140.799995961115        2.00742766832840     
   140.899995955178        2.00776362106359     
   140.999995949241        2.00808793372749     
   141.099995943305        2.00839988818202     
   141.199995937368        2.00869887825938     
   141.299995931431        2.00898440442004     
   141.399995925494        2.00925606830195     
   141.499995919557        2.00951356719427     
   141.599995913621        2.00975668846301     
   141.699995907684        2.00998530395786     
   141.799995901747        2.01019936442779     
   141.899995895810        2.01039889396863     
   141.999995889873        2.01058398452907     
   142.099995883936        2.01075479049243     
   142.199995878000        2.01091152335693     
   142.299995872063        2.01105444653172     
   142.399995866126        2.01118387026412     
   142.499995860189        2.01130014671400     
   142.599995854252        2.01140366518653     
   142.699995848316        2.01149484753683     
   142.799995842379        2.01157414375392     
   142.899995836442        2.01164202773339     
   142.999995830505        2.01169899324790     
   143.099995824568        2.01174555011308     
   143.199995818631        2.01178222055978     
   143.299995812695        2.01180953581832     
   143.399995806758        2.01182803290574     
   143.499995800821        2.01183825162268     
   143.599995794884        2.01184073176077     
   143.699995788947        2.01183601051379     
   143.799995783011        2.01182462009488     
   143.899995777074        2.01180708555341     
   143.999995771137        2.01178392278707     
   144.099995765200        2.01175563674704     
   144.199995759263        2.01172271982852     
   144.299995753326        2.01168565044066     
   144.399995747390        2.01164489175064     
   144.499995741453        2.01160089059437     
   144.599995735516        2.01155407654675     
   144.699995729579        2.01150486114457     
   144.799995723642        2.01145363725337     
   144.899995717706        2.01140077857178     
   144.999995711769        2.01134663926473     
   145.099995705832        2.01129155371769     
   145.199995699895        2.01123583640440     
   145.299995693958        2.01117978185977     
   145.399995688021        2.01112366474701     
   145.499995682085        2.01106774003604     
   145.599995676148        2.01101224321838     
   145.699995670211        2.01095739064471     
   145.799995664274        2.01090337990748     
   145.899995658337        2.01085039028500     
   145.999995652401        2.01079858324725     
   146.099995646464        2.01074810300099     
   146.199995640527        2.01069907708457     
   146.299995634590        2.01065161698928     
   146.399995628653        2.01060581882009     
   146.499995622716        2.01056176397172     
   146.599995616780        2.01051951983248     
   146.699995610843        2.01047914049794     
   146.799995604906        2.01044066749362     
   146.899995598969        2.01040413050754     
   146.999995593032        2.01036954812283     
   147.099995587096        2.01033692854781     
   147.199995581159        2.01030627034180     
   147.299995575222        2.01027756313256     
   147.399995569285        2.01025078832361     
   147.499995563348        2.01022591978740     
   147.599995557411        2.01020292454257     
   147.699995551475        2.01018176341377     
   147.799995545538        2.01016239167354     
   147.899995539601        2.01014475965960     
   147.999995533664        2.01012881336429     
   148.099995527727        2.01011449501860     
   148.199995521791        2.01010174363577     
   148.299995515854        2.01009049553409     
   148.399995509917        2.01008068483292     
   148.499995503980        2.01007224392309     
   148.599995498043        2.01006510391089     
   148.699995492106        2.01005919503562     
   148.799995486170        2.01005444706068     
   148.899995480233        2.01005078963285     
   148.999995474296        2.01004815262211     
   149.099995468359        2.01004646643606     
   149.199995462422        2.01004566230107     
   149.299995456486        2.01004567252137     
   149.399995450549        2.01004643072452     
   149.499995444612        2.01004787206334     
   149.599995438675        2.01004993341029     
   149.699995432738        2.01005255353060     
   149.799995426802        2.01005567321436     
   149.899995420865        2.01005923542176     
   149.999995414928        2.01006318536838     
