   95.0999986742407        14368.6327684573     
   95.1999986683039        14368.6327684283     
   95.2999986623671        14368.6327683992     
   95.3999986564303        14368.6327683702     
   95.4999986504935        14368.6327683411     
   95.5999986445566        14368.6327683121     
   95.6999986386198        14368.6327682830     
   95.7999986326830        14368.6327682540     
   95.8999986267462        14368.6327682249     
   95.9999986208094        14368.6327681959     
   96.0999986148725        14368.6327681668     
   96.1999986089357        14368.6327681378     
   96.2999986029989        14368.6327681087     
   96.3999985970621        14368.6327680796     
   96.4999985911253        14368.6327680505     
   96.5999985851885        14368.6327680215     
   96.6999985792516        14368.6327679924     
   96.7999985733148        14368.6327679633     
   96.8999985673780        14368.6327679343     
   96.9999985614412        14368.6327679052     
   97.0999985555044        14368.6327678761     
   97.1999985495676        14368.6327678470     
   97.2999985436307        14368.6327678180     
   97.3999985376939        14368.6327677889     
   97.4999985317571        14368.6327677598     
   97.5999985258203        14368.6327677307     
   97.6999985198835        14368.6327677016     
   97.7999985139466        14368.6327676725     
   97.8999985080098        14368.6327676434     
   97.9999985020730        14368.6327676143     
   98.0999984961362        14368.6327675852     
   98.1999984901994        14368.6327675561     
   98.2999984842626        14368.6327675270     
   98.3999984783257        14368.6327674979     
   98.4999984723889        14368.6327674688     
   98.5999984664521        14368.6327674397     
   98.6999984605153        14368.6327674106     
   98.7999984545785        14368.6327673815     
   98.8999984486417        14368.6327673524     
   98.9999984427048        14368.6327673233     
   99.0999984367680        14368.6327672942     
   99.1999984308312        14368.6327672650     
   99.2999984248944        14368.6327672359     
   99.3999984189576        14368.6327672068     
   99.4999984130207        14368.6327671777     
   99.5999984070839        14368.6327671486     
   99.6999984011471        14368.6327671194     
   99.7999983952103        14368.6327670903     
   99.8999983892735        14368.6327670612     
   99.9999983833367        14368.6327670320     
   100.099998377400        17114.4935676246     
   100.199998371463        19545.2455305439     
   100.299998365526        21758.7617917921     
   100.399998359589        23794.3791332130     
   100.499998353653        25674.2595607388     
   100.599998347716        27418.5895681034     
   100.699998341779        29044.9286621882     
   100.799998335842        30567.5089808796     
   100.899998329905        31997.4611026709     
   100.999998323968        33343.5627956590     
   101.099998318032        34613.0111984053     
   101.199998312095        35811.9500088361     
   101.299998306158        36945.7607634236     
   101.399998300221        38019.2210831062     
   101.499998294284        39036.6045230769     
   101.599998288348        40001.7532161671     
   101.699998282411        40918.1336214694     
   101.799998276474        41788.8807125539     
   101.899998270537        42616.8354561470     
   101.999998264600        43404.5793769484     
   102.099998258663        44154.4676552985     
   102.199998252727        44868.6599175363     
   102.299998246790        45549.1470722852     
   102.399998240853        46197.7732388861     
   102.499998234916        46816.2529646133     
   102.599998228979        47406.1846664646     
   102.699998223043        47969.0613853678     
   102.799998217106        48506.2797403619     
   102.899998211169        49019.1476783083     
   102.999998205232        49508.8913713720     
   103.099998199295        49976.6614548318     
   103.199998193358        50423.5387091215     
   103.299998187422        50850.5392470754     
   103.399998181485        51258.6192491750     
   103.499998175548        51648.6792835717     
   103.599998169611        52021.5682456006     
   103.699998163674        52378.0869506808     
   103.799998157738        52718.9914133103     
   103.899998151801        53044.9958430774     
   103.999998145864        53356.7753864100     
   104.099998139927        53654.9686401452     
   104.199998133990        53940.1799605922     
   104.299998128054        54212.9815890414     
   104.399998122117        54473.9156124194     
   104.499998116180        54723.4957755683     
   104.599998110243        54962.2091596674     
   104.699998104306        55190.5177397031     
   104.799998098369        55408.8598321750     
   104.899998092433        55617.6514431235     
   104.999998086496        55817.2875252458     
   105.099998080559        56008.1431519636     
   105.199998074622        56190.5746154069     
   105.299998068685        56364.9204545042     
   105.399998062749        56531.5024187497     
   105.499998056812        56690.6263726265     
   105.599998050875        56842.5831452032     
   105.699998044938        56987.6493288603     
   105.799998039001        57126.0880309498     
   105.899998033064        57258.1495816208     
   105.999998027128        57384.0722008851     
   106.099998021191        57504.0826276940     
   106.199998015254        57618.3967135648     
   106.299998009317        57727.2199830934     
   106.399998003380        57830.7481634963     
   106.499997997444        57929.1676851664     
   106.599997991507        58022.6561550649     
   106.699997985570        58111.3828046583     
   106.799997979633        58195.5089139510     
   106.899997973696        58275.1882130924     
   106.999997967759        58350.5672628972     
   107.099997961823        58421.7858155629     
   107.199997955886        58488.9771567383     
   107.299997949949        58552.2684300658     
   107.399997944012        58611.7809452086     
   107.499997938075        58667.6304703252     
   107.599997932139        58719.9275099111     
   107.699997926202        58768.7775687907     
   107.799997920265        58814.2814031231     
   107.899997914328        58856.5352591033     
   107.999997908391        58895.6311000698     
   108.099997902454        58931.6568226706     
   108.199997896518        58964.6964626860     
   108.299997890581        58994.8303910762     
   108.399997884644        59022.1355008189     
   108.499997878707        59046.6853849891     
   108.599997872770        59068.5505065975     
   108.699997866834        59087.7983605978     
   108.799997860897        59104.4936284957     
   108.899997854960        59118.6983259499     
   108.999997849023        59130.4719437068     
   109.099997843086        59139.8715822471     
   109.199997837149        59146.9520804191     
   109.299997831213        59151.7661384042     
   109.399997825276        59154.3644352753     
   109.499997819339        59154.7957413901     
   109.599997813402        59153.1070259207     
   109.699997807465        59149.3435596834     
   109.799997801529        59143.5490135444     
   109.899997795592        59135.7655525574     
   109.999997789655        59126.0339260553     
   110.099997783718        59114.3935538412     
   110.199997777781        59100.8826086707     
   110.299997771844        59085.5380951608     
   110.399997765908        59068.3959252853     
   110.499997759971        59049.4909905490     
   110.599997754034        59028.8572310293     
   110.699997748097        59006.5277013447     
   110.799997742160        58982.5346336864     
   110.899997736224        58956.9094980038     
   110.999997730287        58929.6830594417     
   111.099997724350        58900.8854331158     
   111.199997718413        58870.5461363040     
   111.299997712476        58838.6941381387     
   111.399997706539        58805.3579068595     
   111.499997700603        58770.5654547029     
   111.599997694666        58734.3443804989     
   111.699997688729        58696.7219099973     
   111.799997682792        58657.7249340292     
   111.899997676855        58617.3800445277     
   111.999997670919        58575.7135684532     
   112.099997664982        58532.7515996982     
   112.199997659045        58488.5200289863     
   112.299997653108        58443.0445718334     
   112.399997647171        58396.3507946021     
   112.499997641234        58348.4641386876     
   112.599997635298        58299.4099429040     
   112.699997629361        58249.2134640691     
   112.799997623424        58197.8998958604     
   112.899997617487        58145.4943859675     
   112.999997611550        58092.0220515846     
   113.099997605614        58037.5079932830     
   113.199997599677        57981.9773073128     
   113.299997593740        57925.4550963422     
   113.399997587803        57867.9664787219     
   113.499997581866        57809.5365962801     
   113.599997575929        57750.1906207091     
   113.699997569993        57689.9537585672     
   113.799997564056        57628.8512549812     
   113.899997558119        57566.9083960345     
   113.999997552182        57504.1505099360     
   114.099997546245        57440.6029669972     
   114.199997540309        57376.2911784577     
   114.299997534372        57311.2405942226     
   114.399997528435        57245.4766995505     
   114.499997522498        57179.0250107440     
   114.599997516561        57111.9110698962     
   114.699997510624        57044.1604387323     
   114.799997504688        56975.7986916212     
   114.899997498751        56906.8514077752     
   114.999997492814        56837.3441627254     
   115.099997486877        56767.3025191001     
   115.199997480940        56696.7520167646     
   115.299997475004        56625.7181623833     
   115.399997469067        56554.2264184473     
   115.499997463130        56482.3021918217     
   115.599997457193        56409.9708218674     
   115.699997451256        56337.2575681800     
   115.799997445319        56264.1875980168     
   115.899997439383        56190.7859734349     
   115.999997433446        56117.0776382071     
   116.099997427509        56043.0874045667     
   116.199997421572        55968.8399398092     
   116.299997415635        55894.3597528223     
   116.399997409699        55819.6711805711     
   116.499997403762        55744.7983745858     
   116.599997397825        55669.7652875008     
   116.699997391888        55594.5956596767     
   116.799997385951        55519.3130059534     
   116.899997380014        55443.9406025642     
   116.999997374078        55368.5014742505     
   117.099997368141        55293.0183816113     
   117.199997362204        55217.5138087037     
   117.299997356267        55142.0099510178     
   117.399997350330        55066.5287036147     
   117.499997344394        54991.0916497893     
   117.599997338457        54915.7200500107     
   117.699997332520        54840.4348312930     
   117.799997326583        54765.2565769779     
   117.899997320646        54690.2055169591     
   117.999997314709        54615.3015183626     
   118.099997308773        54540.5640767002     
   118.199997302836        54466.0123075029     
   118.299997296899        54391.6649384546     
   118.399997290962        54317.5403020270     
   118.499997285025        54243.6563286318     
   118.599997279089        54170.0305402872     
   118.699997273152        54096.6800448165     
   118.799997267215        54023.6215305583     
   118.899997261278        53950.8712616233     
   118.999997255341        53878.4450736654     
   119.099997249404        53806.3583701795     
   119.199997243468        53734.6261193293     
   119.299997237531        53663.2628512880     
   119.399997231594        53592.2826560930     
   119.499997225657        53521.6991820085     
   119.599997219720        53451.5256343829     
   119.699997213784        53381.7747750015     
   119.799997207847        53312.4589219163     
   119.899997201910        53243.5899497430     
   119.999997195973        53175.1792904170     
   120.099997190036        50688.1952480953     
   120.199997184100        48310.0945905156     
   120.299997178163        46013.1141858764     
   120.399997172226        43796.0991601233     
   120.499997166289        41658.9082889137     
   120.599997160352        39602.1236451240     
   120.699997154415        37626.8983309506     
   120.799997148479        35734.8146493141     
   120.899997142542        33927.7468049135     
   120.999997136605        32207.7230515392     
   121.099997130668        30576.7808732239     
   121.199997124731        29036.8037077467     
   121.299997118795        27589.3243036228     
   121.399997112858        26235.3264858422     
   121.499997106921        24975.2049226591     
   121.599997100984        23808.9111709446     
   121.699997095047        22735.9376556741     
   121.799997089110        21755.0757862204     
   121.899997083174        20864.2221411668     
   121.999997077237        20060.3376715635     
   122.099997071300        19339.5212567129     
   122.199997065363        18697.1472536121     
   122.299997059426        18128.0319967981     
   122.399997053490        17626.6090933556     
   122.499997047553        17187.1025632938     
   122.599997041616        16803.6894282080     
   122.699997035679        16470.6438030690     
   122.799997029742        16182.4562410603     
   122.899997023805        15933.9250695398     
   122.999997017869        15720.2195902440     
   123.099997011932        15536.9174712057     
   123.199997005995        15380.0201663525     
   123.299997000058        15245.9508422340     
   123.399996994121        15131.5392868982     
   123.499996988185        15033.9978581181     
   123.599996982248        14950.8918962237     
   123.699996976311        14880.1073274177     
   123.799996970374        14819.8175119073     
   123.899996964437        14768.4508003684     
   123.999996958500        14724.6597742364     
   124.099996952564        14687.2927621493     
   124.199996946627        14655.3679374808     
   124.299996940690        14628.0500954705     
   124.399996934753        14604.6300674124     
   124.499996928816        14584.5066385736     
   124.599996922880        14567.1707831550     
   124.699996916943        14552.1920030169     
   124.799996911006        14539.2065488397     
   124.899996905069        14527.9073065539     
   124.999996899132        14518.0351435839     
   125.099996893195        14509.3715255324     
   125.199996887259        14501.7322319453     
   125.299996881322        14494.9620183333     
   125.399996875385        14488.9300896294     
   125.499996869448        14483.5262672138     
   125.599996863511        14478.6577471088     
   125.699996857575        14474.2463609573     
   125.799996851638        14470.2262637782     
   125.899996845701        14466.5419834259     
   125.999996839764        14463.1467761841     
   126.099996833827        14460.0012411810     
   126.199996827890        14457.0721534125     
   126.299996821954        14454.3314812586     
   126.399996816017        14451.7555596090     
   126.499996810080        14449.3243941456     
   126.599996804143        14447.0210761276     
   126.699996798206        14444.8312902334     
   126.799996792270        14442.7429007474     
   126.899996786333        14440.7456036702     
   126.999996780396        14438.8306342967     
   127.099996774459        14436.9905214605     
   127.199996768522        14435.2188810086     
   127.299996762585        14433.5102422724     
   127.399996756649        14431.8599022731     
   127.499996750712        14430.2638032428     
   127.599996744775        14428.7184297400     
   127.699996738838        14427.2207222323     
   127.799996732901        14425.7680045179     
   127.899996726965        14424.3579227728     
   127.999996721028        14422.9883943708     
   128.099996715091        14421.6575649095     
   128.199996709154        14420.3637721362     
   128.299996703217        14419.1055156707     
   128.399996697280        14417.8814315986     
   128.499996691344        14416.6902711613     
   128.599996685407        14415.5308828919     
   128.699996679470        14414.4021976441     
   128.799996673533        14413.3032160663     
   128.899996667596        14412.2329981259     
   128.999996661660        14411.1906543662     
   129.099996655723        14410.1753386254     
   129.199996649786        14409.1862419906     
   129.299996643849        14408.2225877935     
   129.399996637912        14407.2836274946     
   129.499996631975        14406.3686373147     
   129.599996626039        14405.4769154989     
   129.699996620102        14404.6077801341     
   129.799996614165        14403.7605674089     
   129.899996608228        14402.9346302798     
   129.999996602291        14402.1293374605     
   130.099996596355        14401.3440727000     
   130.199996590418        14400.5782342821     
   130.299996584481        14399.8312347442     
   130.399996578544        14399.1025007382     
   130.499996572607        14398.3914730346     
   130.599996566670        14397.6976066336     
   130.699996560734        14397.0203709508     
   130.799996554797        14396.3592500582     
   130.899996548860        14395.7137429662     
   130.999996542923        14395.0833639216     
   131.099996536986        14394.4676427041     
   131.199996531050        14393.8661249080     
   131.299996525113        14393.2783721943     
   131.399996519176        14392.7039625016     
   131.499996513239        14392.1424902055     
   131.599996507302        14391.5935662168     
   131.699996501365        14391.0568180154     
   131.799996495429        14390.5318896096     
   131.899996489492        14390.0184414208     
   131.999996483555        14389.5161500873     
   132.099996477618        14389.0247082099     
   132.199996471681        14388.5438240063     
   132.299996465745        14388.0732208811     
   132.399996459808        14387.6126369798     
   132.499996453871        14387.1618246464     
   132.599996447934        14386.7205497829     
   132.699996441997        14386.2885912600     
   132.799996436060        14385.8657402139     
   132.899996430124        14385.4517993647     
   132.999996424187        14385.0465822520     
   133.099996418250        14384.6499125003     
   133.199996412313        14384.2616230867     
   133.299996406376        14383.8815555382     
   133.399996400440        14383.5095592526     
   133.499996394503        14383.1454907311     
   133.599996388566        14382.7892128575     
   133.699996382629        14382.4405942693     
   133.799996376692        14382.0995086727     
   133.899996370756        14381.7658342182     
   133.999996364819        14381.4394529365     
   134.099996358882        14381.1202502291     
   134.199996352945        14380.8081143242     
   134.299996347008        14380.5029358312     
   134.399996341071        14380.2046073466     
   134.499996335135        14379.9130230949     
   134.599996329198        14379.6280785646     
   134.699996323261        14379.3496702295     
   134.799996317324        14379.0776953048     
   134.899996311387        14378.8120515643     
   134.999996305451        14378.5526371165     
   135.099996299514        14378.2993502743     
   135.199996293577        14378.0520894342     
   135.299996287640        14377.8107530331     
   135.399996281703        14377.5752394415     
   135.499996275766        14377.3454469352     
   135.599996269830        14377.1212736707     
   135.699996263893        14376.9026177234     
   135.799996257956        14376.6893770823     
   135.899996252019        14376.4814496713     
   135.999996246082        14376.2787333942     
   136.099996240146        14376.0811262045     
   136.199996234209        14375.8885261807     
   136.299996228272        14375.7008315591     
   136.399996222335        14375.5179408196     
   136.499996216398        14375.3397527613     
   136.599996210461        14375.1661666220     
   136.699996204525        14374.9970821120     
   136.799996198588        14374.8323995094     
   136.899996192651        14374.6720197343     
   136.999996186714        14374.5158444685     
   137.099996180777        14374.3637762056     
   137.199996174841        14374.2157183230     
   137.299996168904        14374.0715751588     
   137.399996162967        14373.9312520879     
   137.499996157030        14373.7946556197     
   137.599996151093        14373.6616934158     
   137.699996145156        14373.5322743687     
   137.799996139220        14373.4063086477     
   137.899996133283        14373.2837077763     
   137.999996127346        14373.1643846787     
   138.099996121409        14373.0482536975     
   138.199996115472        14372.9352306480     
   138.299996109536        14372.8252328447     
   138.399996103599        14372.7181791493     
   138.499996097662        14372.6139900102     
   138.599996091725        14372.5125874512     
   138.699996085788        14372.4138951068     
   138.799996079851        14372.3178382386     
   138.899996073915        14372.2243437362     
   138.999996067978        14372.1333401630     
   139.099996062041        14372.0447577357     
   139.199996056104        14371.9585283201     
   139.299996050167        14371.8745854400     
   139.399996044231        14371.7928642737     
   139.499996038294        14371.7133016400     
   139.599996032357        14371.6358359988     
   139.699996026420        14371.5604074619     
   139.799996020483        14371.4869577399     
   139.899996014546        14371.4154301414     
   139.999996008610        14371.3457695572     
   140.099996002673        14371.2779224391     
   140.199995996736        14371.2118367795     
   140.299995990799        14371.1474620790     
   140.399995984862        14371.0847493392     
   140.499995978926        14371.0236510449     
   140.599995972989        14370.9641211048     
   140.699995967052        14370.9061148384     
   140.799995961115        14370.8495889480     
   140.899995955178        14370.7945014860     
   140.999995949241        14370.7408118265     
   141.099995943305        14370.6884806323     
   141.199995937368        14370.6374698212     
   141.299995931431        14370.5877425302     
   141.399995925494        14370.5392630878     
   141.499995919557        14370.4919969994     
   141.599995913621        14370.4459108840     
   141.699995907684        14370.4009724478     
   141.799995901747        14370.3571504548     
   141.899995895810        14370.3144146942     
   141.999995889873        14370.2727359450     
   142.099995883936        14370.2320859462     
   142.199995878000        14370.1924373626     
   142.299995872063        14370.1537637528     
   142.399995866126        14370.1160395373     
   142.499995860189        14370.0792399688     
   142.599995854252        14370.0433411000     
   142.699995848316        14370.0083197554     
   142.799995842379        14369.9741534962     
   142.899995836442        14369.9408205968     
   142.999995830505        14369.9083000279     
   143.099995824568        14369.8765714195     
   143.199995818631        14369.8456150275     
   143.299995812695        14369.8154117139     
   143.399995806758        14369.7859429209     
   143.499995800821        14369.7571906521     
   143.599995794884        14369.7291374427     
   143.699995788947        14369.7017663448     
   143.799995783011        14369.6750608993     
   143.899995777074        14369.6490051192     
   143.999995771137        14369.6235834700     
   144.099995765200        14369.5987808495     
   144.199995759263        14369.5745825691     
   144.299995753326        14369.5509743395     
   144.399995747390        14369.5279422510     
   144.499995741453        14369.5054727602     
   144.599995735516        14369.4835526767     
   144.699995729579        14369.4621691420     
   144.799995723642        14369.4413096258     
   144.899995717706        14369.4209619038     
   144.999995711769        14369.4011140529     
   145.099995705832        14369.3817544365     
   145.199995699895        14369.3628716945     
   145.299995693958        14369.3444547340     
   145.399995688021        14369.3264927179     
   145.499995682085        14369.3089750551     
   145.599995676148        14369.2918913954     
   145.699995670211        14369.2752316213     
   145.799995664274        14369.2589858294     
   145.899995658337        14369.2431443462     
   145.999995652401        14369.2276977063     
   146.099995646464        14369.2126366538     
   146.199995640527        14369.1979521201     
   146.299995634590        14369.1836352346     
   146.399995628653        14369.1696773092     
   146.499995622716        14369.1560698494     
   146.599995616780        14369.1428045304     
   146.699995610843        14369.1298732001     
   146.799995604906        14369.1172678839     
   146.899995598969        14369.1049807725     
   146.999995593032        14369.0930042147     
   147.099995587096        14369.0813307207     
   147.199995581159        14369.0699529606     
   147.299995575222        14369.0588637549     
   147.399995569285        14369.0480560782     
   147.499995563348        14369.0375230525     
   147.599995557411        14369.0272579429     
   147.699995551475        14369.0172541585     
   147.799995545538        14369.0075052491     
   147.899995539601        14368.9980049062     
   147.999995533664        14368.9887469542     
   148.099995527727        14368.9797253519     
   148.199995521791        14368.9709341898     
   148.299995515854        14368.9623676885     
   148.399995509917        14368.9540201974     
   148.499995503980        14368.9458861936     
   148.599995498043        14368.9379602793     
   148.699995492106        14368.9302371758     
   148.799995486170        14368.9227117166     
   148.899995480233        14368.9153788696     
   148.999995474296        14368.9082337174     
   149.099995468359        14368.9012714453     
   149.199995462422        14368.8944873531     
   149.299995456486        14368.8878768772     
   149.399995450549        14368.8814355205     
   149.499995444612        14368.8751589317     
   149.599995438675        14368.8690428513     
   149.699995432738        14368.8630831046     
   149.799995426802        14368.8572756620     
   149.899995420865        14368.8516165463     
   149.999995414928        14368.8461019229     
