   95.0999986742407       8.022482599406093E-002
   95.1999986683039       8.022482575365232E-002
   95.2999986623671       8.022482551322804E-002
   95.3999986564303       8.022482527278813E-002
   95.4999986504935       8.022482503233233E-002
   95.5999986445566       8.022482479186097E-002
   95.6999986386198       8.022482455137395E-002
   95.7999986326830       8.022482431087113E-002
   95.8999986267462       8.022482407035270E-002
   95.9999986208094       8.022482382981849E-002
   96.0999986148725       8.022482358926854E-002
   96.1999986089357       8.022482334870300E-002
   96.2999986029989       8.022482310812162E-002
   96.3999985970621       8.022482286752464E-002
   96.4999985911253       8.022482262691176E-002
   96.5999985851885       8.022482238628341E-002
   96.6999985792516       8.022482214563918E-002
   96.7999985733148       8.022482190497933E-002
   96.8999985673780       8.022482166430360E-002
   96.9999985614412       8.022482142361227E-002
   97.0999985555044       8.022482118290518E-002
   97.1999985495676       8.022482094218239E-002
   97.2999985436307       8.022482070144388E-002
   97.3999985376939       8.022482046068960E-002
   97.4999985317571       8.022482021991958E-002
   97.5999985258203       8.022481997913403E-002
   97.6999985198835       8.022481973833247E-002
   97.7999985139466       8.022481949751534E-002
   97.8999985080098       8.022481925668229E-002
   97.9999985020730       8.022481901583374E-002
   98.0999984961362       8.022481877496927E-002
   98.1999984901994       8.022481853408914E-002
   98.2999984842626       8.022481829319326E-002
   98.3999984783257       8.022481805228170E-002
   98.4999984723889       8.022481781135421E-002
   98.5999984664521       8.022481757041108E-002
   98.6999984605153       8.022481732945232E-002
   98.7999984545785       8.022481708847769E-002
   98.8999984486417       8.022481684748738E-002
   98.9999984427048       8.022481660648112E-002
   99.0999984367680       8.022481636545936E-002
   99.1999984308312       8.022481612442164E-002
   99.2999984248944       8.022481588336831E-002
   99.3999984189576       8.022481564229912E-002
   99.4999984130207       8.022481540121418E-002
   99.5999984070839       8.022481516011358E-002
   99.6999984011471       8.022481491899709E-002
   99.7999983952103       8.022481467786492E-002
   99.8999983892735       8.022481443671751E-002
   99.9999983833367       8.022481419555470E-002
   100.099998377400       8.476293495390001E-002
   100.199998371463       9.655718389383770E-002
   100.299998365526       0.117229550145073     
   100.399998359589       0.150310971282058     
   100.499998353653       0.200950366469933     
   100.599998347716       0.273942991169398     
   100.699998341779       0.368294303619695     
   100.799998335842       0.472594792727953     
   100.899998329905       0.569915476282237     
   100.999998323968       0.648461014651673     
   101.099998318032       0.705956446307748     
   101.199998312095       0.746682755693521     
   101.299998306158       0.777039354641173     
   101.399998300221       0.802848854349055     
   101.499998294284       0.828436759315471     
   101.599998288348       0.856645368374611     
   101.699998282411       0.889159299246979     
   101.799998276474       0.926853113949197     
   101.899998270537       0.970068151464109     
   101.999998264600        1.01880877962498     
   102.099998258663        1.07287402095397     
   102.199998252727        1.13194360886647     
   102.299998246790        1.19563374997789     
   102.399998240853        1.26353313866533     
   102.499998234916        1.33522593933568     
   102.599998228979        1.41030590291841     
   102.699998223043        1.48838436081542     
   102.799998217106        1.56909413108427     
   102.899998211169        1.65209093323867     
   102.999998205232        1.73705348141835     
   103.099998199295        1.82368298734756     
   103.199998193358        1.91170243876910     
   103.299998187422        2.00085578393186     
   103.399998181485        2.09090704161680     
   103.499998175548        2.18163932638695     
   103.599998169611        2.27285378656999     
   103.699998163674        2.36436846932377     
   103.799998157738        2.45601713979634     
   103.899998151801        2.54764808647431     
   103.999998145864        2.63912294354240     
   104.099998139927        2.73031555596142     
   104.199998133990        2.82111090626002     
   104.299998128054        2.91140411531345     
   104.399998122117        3.00109952348903     
   104.499998116180        3.09010985387933     
   104.599998110243        3.17835545589305     
   104.699998104306        3.26576362516012     
   104.799998098369        3.35226799428796     
   104.899998092433        3.43780798828322     
   104.999998086496        3.52232833823657     
   105.099998080559        3.60577864698409     
   105.199998074622        3.68811300079764     
   105.299998068685        3.76928962162307     
   105.399998062749        3.84927055489950     
   105.499998056812        3.92802138853152     
   105.599998050875        4.00551099910518     
   105.699998044938        4.08171132192464     
   105.799998039001        4.15659714189627     
   105.899998033064        4.23014590267875     
   105.999998027128        4.30233753189144     
   106.099998021191        4.37315428045697     
   106.199998015254        4.44258057445256     
   106.299998009317        4.51060287806144     
   106.399998003380        4.57720956642209     
   106.499997997444        4.64239080734707     
   106.599997991507        4.70613845102601     
   106.699997985570        4.76844592695577     
   106.799997979633        4.82930814744298     
   106.899997973696        4.88872141711869     
   106.999997967759        4.94668334797416     
   107.099997961823        5.00319277949643     
   107.199997955886        5.05824970353210     
   107.299997949949        5.11185519355507     
   107.399997944012        5.16401133805154     
   107.499997938075        5.21472117776676     
   107.599997932139        5.26398864658505     
   107.699997926202        5.31181851584097     
   107.799997920265        5.35821634186960     
   107.899997914328        5.40318841663094     
   107.999997908391        5.44674172124664     
   108.099997902454        5.48888388230990     
   108.199997896518        5.52962313082526     
   108.299997890581        5.56896826365602     
   108.399997884644        5.60692860735617     
   108.499997878707        5.64351398427385     
   108.599997872770        5.67873468081563     
   108.699997866834        5.71260141776704     
   108.799997860897        5.74512532256772     
   108.899997854960        5.77631790344937     
   108.999997849023        5.80619102532996     
   109.099997843086        5.83475688738759     
   109.199997837149        5.86202800221526     
   109.299997831213        5.88801717647393     
   109.399997825276        5.91273749295916     
   109.499997819339        5.93620229400026     
   109.599997813402        5.95842516611079     
   109.699997807465        5.97941992581372     
   109.799997801529        5.99920060656571     
   109.899997795592        6.01778144670502     
   109.999997789655        6.03517687835288     
   110.099997783718        6.05140151719690     
   110.199997777781        6.06647015308916     
   110.299997771844        6.08039774139168     
   110.399997765908        6.09319939500621     
   110.499997759971        6.10489037702453     
   110.599997754034        6.11548609393976     
   110.699997748097        6.12500208935964     
   110.799997742160        6.13345403816458     
   110.899997736224        6.14085774105926     
   110.999997730287        6.14722911946126     
   111.099997724350        6.15258421067776     
   111.199997718413        6.15693916332518     
   111.299997712476        6.16031023294207     
   111.399997706539        6.16271377775381     
   111.499997700603        6.16416625454726     
   111.599997694666        6.16468421461671     
   111.699997688729        6.16428429974358     
   111.799997682792        6.16298323817778     
   111.899997676855        6.16079784058139     
   111.999997670919        6.15774499592257     
   112.099997664982        6.15384166726854     
   112.199997659045        6.14910488747271     
   112.299997653108        6.14355175472402     
   112.399997647171        6.13719942794083     
   112.499997641234        6.13006512199411     
   112.599997635298        6.12216610274107     
   112.699997629361        6.11351968185836     
   112.799997623424        6.10414321146770     
   112.899997617487        6.09405407853931     
   112.999997611550        6.08326969907526     
   113.099997605614        6.07180751206206     
   113.199997599677        6.05968497319655     
   113.299997593740        6.04691954838489     
   113.399997587803        6.03352870701508     
   113.499997581866        6.01952991501079     
   113.599997575929        6.00494062767299     
   113.699997569993        5.98977828231527     
   113.799997564056        5.97406029070747     
   113.899997558119        5.95780403133591     
   113.999997552182        5.94102684149509     
   114.099997546245        5.92374600922650     
   114.199997540309        5.90597876511804     
   114.299997534372        5.88774227398339     
   114.399997528435        5.86905362643926     
   114.499997522498        5.84992983039962     
   114.599997516561        5.83038780250360     
   114.699997510624        5.81044435950335     
   114.799997504688        5.79011620962791     
   114.899997498751        5.76941994394648     
   114.999997492814        5.74837202775231     
   115.099997486877        5.72698879198912     
   115.199997480940        5.70528642474149     
   115.299997475004        5.68328096281054     
   115.399997469067        5.66098828339683     
   115.499997463130        5.63842409591145     
   115.599997457193        5.61560393393573     
   115.699997451256        5.59254314734844     
   115.799997445319        5.56925689464233     
   115.899997439383        5.54576013544648     
   115.999997433446        5.52206762327255     
   116.099997427509        5.49819389850368     
   116.199997421572        5.47415328163837     
   116.299997415635        5.44995986680947     
   116.399997409699        5.42562751558706     
   116.499997403762        5.40116985108069     
   116.599997397825        5.37660025235250     
   116.699997391888        5.35193184915042     
   116.799997385951        5.32717751697281     
   116.899997380014        5.30234987246999     
   116.999997374078        5.27746126919143     
   117.099997368141        5.25252379368362     
   117.199997362204        5.22754926194167     
   117.299997356267        5.20254921622079     
   117.399997350330        5.17753492220644     
   117.499997344394        5.15251736654898     
   117.599997338457        5.12750725474225     
   117.699997332520        5.10251500939578     
   117.799997326583        5.07755076882784     
   117.899997320646        5.05262438602916     
   117.999997314709        5.02774542797396     
   118.099997308773        5.00292317527171     
   118.199997302836        4.97816662215714     
   118.299997296899        4.95348447681054     
   118.399997290962        4.92888516199964     
   118.499997285025        4.90437681603476     
   118.599997279089        4.87996729403026     
   118.699997273152        4.85566416945802     
   118.799997267215        4.83147473598781     
   118.899997261278        4.80740600960068     
   118.999997255341        4.78346473096353     
   119.099997249404        4.75965736805849     
   119.199997243468        4.73599011904740     
   119.299997237531        4.71246891536639     
   119.399997231594        4.68909942503364     
   119.499997225657        4.66588705616376     
   119.599997219720        4.64283696066824     
   119.699997213784        4.61995403813583     
   119.799997207847        4.59724293987892     
   119.899997201910        4.57470807313226     
   119.999997195973        4.55235360539362     
   120.099997190036        4.41214263267488     
   120.199997184100        4.18645660005829     
   120.299997178163        3.91064717722891     
   120.399997172226        3.60606874032237     
   120.499997166289        3.28887147299600     
   120.599997160352        2.97104874101931     
   120.699997154415        2.66127905461844     
   120.799997148479        2.36562139451532     
   120.899997142542        2.08808690129461     
   120.999997136605        1.83110680668814     
   121.099997130668        1.59591398327795     
   121.199997124731        1.38285335199536     
   121.299997118795        1.19163295819840     
   121.399997112858        1.02151843683261     
   121.499997106921       0.871468620275267     
   121.599997100984       0.740239372483039     
   121.699997095047       0.626485855133198     
   121.799997089110       0.528837542471891     
   121.899997083174       0.445922685556930     
   121.999997077237       0.376352986853608     
   122.099997071300       0.318692790480875     
   122.199997065363       0.271443465238870     
   122.299997059426       0.233069468632499     
   122.399997053490       0.202067782270271     
   122.499997047553       0.177052482891220     
   122.599997041616       0.156818869339913     
   122.699997035679       0.140369670601597     
   122.799997029742       0.126907786307399     
   122.899997023805       0.115809879486353     
   122.999997017869       0.106593849273777     
   123.099997011932       9.888796374989493E-002
   123.199997005995       9.240488904567341E-002
   123.299997000058       8.692119108630748E-002
   123.399996994121       8.226170835834515E-002
   123.499996988185       7.828784813990904E-002
   123.599996982248       7.488888633759289E-002
   123.699996976311       7.197550656170568E-002
   123.799996970374       6.947498717393207E-002
   123.899996964437       6.732759536098200E-002
   123.999996958500       6.548386546664403E-002
   124.099996952564       6.390252732097169E-002
   124.199996946627       6.254891495510907E-002
   124.299996940690       6.139373273546987E-002
   124.399996934753       6.041208944024359E-002
   124.499996928816       5.958273483362817E-002
   124.599996922880       5.888745057826666E-002
   124.699996916943       5.831055980900871E-002
   124.799996911006       5.783852875040976E-002
   124.899996905069       5.745964037266890E-002
   124.999996899132       5.716372493589617E-002
   125.099996893195       5.694193585949703E-002
   125.199996887259       5.678656202026525E-002
   125.299996881322       5.669086957810830E-002
   125.399996875385       5.664896793116476E-002
   125.499996869448       5.665569554156095E-002
   125.599996863511       5.670652224292490E-002
   125.699996857575       5.679746531000963E-002
   125.799996851638       5.692501708912050E-002
   125.899996845701       5.708608239315738E-002
   125.999996839764       5.727792418398771E-002
   126.099996833827       5.749811631819001E-002
   126.199996827890       5.774450233535335E-002
   126.299996821954       5.801515943210232E-002
   126.399996816017       5.830836689903166E-002
   126.499996810080       5.862257840776688E-002
   126.599996804143       5.895639762679365E-002
   126.699996798206       5.930855672121177E-002
   126.799996792270       5.967789735584675E-002
   126.899996786333       6.006335387604780E-002
   126.999996780396       6.046393838714961E-002
   127.099996774459       6.087872749385533E-002
   127.199996768522       6.130685049555003E-002
   127.299996762585       6.174747886395359E-002
   127.399996756649       6.219981685573665E-002
   127.499996750712       6.266309313613598E-002
   127.599996744775       6.313655330984905E-002
   127.699996738838       6.361945327353333E-002
   127.799996732901       6.411105332003519E-002
   127.899996726965       6.461061293851465E-002
   127.999996721028       6.511738626682545E-002
   128.099996715091       6.563061816317786E-002
   128.199996709154       6.614954087344403E-002
   128.299996703217       6.667337127807942E-002
   128.399996697280       6.720130870926863E-002
   128.499996691344       6.773253333383608E-002
   128.599996685407       6.826620510128829E-002
   128.699996679470       6.880146325873894E-002
   128.799996673533       6.933742643543964E-002
   128.899996667596       6.987319329933710E-002
   128.999996661660       7.040784378656588E-002
   129.099996655723       7.094044090137122E-002
   129.199996649786       7.147003308009434E-002
   129.299996643849       7.199565710712910E-002
   129.399996637912       7.251634156421786E-002
   129.499996631975       7.303111078695607E-002
   129.599996626039       7.353898929414851E-002
   129.699996620102       7.403900664682837E-002
   129.799996614165       7.453020268461921E-002
   129.899996608228       7.501163307877527E-002
   129.999996602291       7.548237513158003E-002
   130.099996596355       7.594153374490467E-002
   130.199996590418       7.638824747332605E-002
   130.299996584481       7.682169457198297E-002
   130.399996578544       7.724109894539055E-002
   130.499996572607       7.764573590178540E-002
   130.599996566670       7.803493761738517E-002
   130.699996560734       7.840809821779056E-002
   130.799996554797       7.876467838820964E-002
   130.899996548860       7.910420943120396E-002
   130.999996542923       7.942629669970097E-002
   131.099996536986       7.973062234386621E-002
   131.199996531050       8.001694732311548E-002
   131.299996525113       8.028511264820580E-002
   131.399996519176       8.053503983303706E-002
   131.499996513239       8.076673055090360E-002
   131.599996507302       8.098026550491176E-002
   131.699996501365       8.117580253691255E-002
   131.799996495429       8.135357401295221E-002
   131.899996489492       8.151388353569748E-002
   131.999996483555       8.165710204512650E-002
   132.099996477618       8.178366337784759E-002
   132.199996471681       8.189405936242150E-002
   132.299996465745       8.198883453300501E-002
   132.399996459808       8.206858054640562E-002
   132.499996453871       8.213393038887215E-002
   132.599996447934       8.218555245671674E-002
   132.699996441997       8.222414459302169E-002
   132.799996436060       8.225042815793839E-002
   132.899996430124       8.226514220379658E-002
   132.999996424187       8.226903781994158E-002
   133.099996418250       8.226287270437027E-002
   133.199996412313       8.224740601132977E-002
   133.299996406376       8.222339351542052E-002
   133.399996400440       8.219158312477316E-002
   133.499996394503       8.215271076735732E-002
   133.599996388566       8.210749666691013E-002
   133.699996382629       8.205664201755079E-002
   133.799996376692       8.200082605971606E-002
   133.899996370756       8.194070355371601E-002
   133.999996364819       8.187690264235409E-002
   134.099996358882       8.181002308942084E-002
   134.199996352945       8.174063487716557E-002
   134.299996347008       8.166927714294772E-002
   134.399996341071       8.159645743300842E-002
   134.499996335135       8.152265124979398E-002
   134.599996329198       8.144830186802379E-002
   134.699996323261       8.137382039442628E-002
   134.799996317324       8.129958604603767E-002
   134.899996311387       8.122594662216490E-002
   134.999996305451       8.115321914606015E-002
   135.099996299514       8.108169065308678E-002
   135.199996293577       8.101161910344749E-002
   135.299996287640       8.094323439895322E-002
   135.399996281703       8.087673948456445E-002
   135.499996275766       8.081231151700104E-002
   135.599996269830       8.075010308431556E-002
   135.699996263893       8.069024346177468E-002
   135.799996257956       8.063283989090472E-002
   135.899996252019       8.057797886993023E-002
   135.999996246082       8.052572744533709E-002
   136.099996240146       8.047613449549910E-002
   136.199996234209       8.042923199863800E-002
   136.299996228272       8.038503627832067E-002
   136.399996222335       8.034354922092189E-002
   136.499996216398       8.030475946033304E-002
   136.599996210461       8.026864352614839E-002
   136.699996204525       8.023516695218712E-002
   136.799996198588       8.020428534293789E-002
   136.899996192651       8.017594539621914E-002
   136.999996186714       8.015008588078627E-002
   137.099996180777       8.012663856807857E-002
   137.199996174841       8.010552911768529E-002
   137.299996168904       8.008667791650152E-002
   137.399996162967       8.007000087183651E-002
   137.499996157030       8.005541015889157E-002
   137.599996151093       8.004281492339314E-002
   137.699996145156       8.003212194007162E-002
   137.799996139220       8.002323622807896E-002
   137.899996133283       8.001606162440339E-002
   137.999996127346       8.001050131646581E-002
   138.099996121409       8.000645833508752E-002
   138.199996115472       8.000383600912274E-002
   138.299996109536       8.000253838309039E-002
   138.399996103599       8.000247059911184E-002
   138.499996097662       8.000353924455839E-002
   138.599996091725       8.000565266667291E-002
   138.699996085788       8.000872125554533E-002
   138.799996079851       8.001265769679661E-002
   138.899996073915       8.001737719530151E-002
   138.999996067978       8.002279767125192E-002
   139.099996062041       8.002883992993026E-002
   139.199996056104       8.003542780634884E-002
   139.299996050167       8.004248828613621E-002
   139.399996044231       8.004995160388952E-002
   139.499996038294       8.005775132023221E-002
   139.599996032357       8.006582437877957E-002
   139.699996026420       8.007411114425454E-002
   139.799996020483       8.008255542287897E-002
   139.899996014546       8.009110446619447E-002
   139.999996008610       8.009970895948709E-002
   140.099996002673       8.010832299590483E-002
   140.199995996736       8.011690403742507E-002
   140.299995990799       8.012541286356673E-002
   140.399995984862       8.013381350913071E-002
   140.499995978926       8.014207319184130E-002
   140.599995972989       8.015016223088883E-002
   140.699995967052       8.015805395736086E-002
   140.799995961115       8.016572461750859E-002
   140.899995955178       8.017315326973695E-002
   140.999995949241       8.018032167621367E-002
   141.099995943305       8.018721418992063E-002
   141.199995937368       8.019381763795382E-002
   141.299995931431       8.020012120186128E-002
   141.399995925494       8.020611629572418E-002
   141.499995919557       8.021179644274991E-002
   141.599995913621       8.021715715095429E-002
   141.699995907684       8.022219578858272E-002
   141.799995901747       8.022691145988620E-002
   141.899995895810       8.023130488173429E-002
   141.999995889873       8.023537826166813E-002
   142.099995883936       8.023913517775329E-002
   142.199995878000       8.024258046072207E-002
   142.299995872063       8.024572007878882E-002
   142.399995866126       8.024856102545852E-002
   142.499995860189       8.025111121067789E-002
   142.599995854252       8.025337935556746E-002
   142.699995848316       8.025537489100926E-002
   142.799995842379       8.025710786026821E-002
   142.899995836442       8.025858882582645E-002
   142.999995830505       8.025982878057232E-002
   143.099995824568       8.026083906354931E-002
   143.199995818631       8.026163128011346E-002
   143.299995812695       8.026221722671660E-002
   143.399995806758       8.026260882035688E-002
   143.499995800821       8.026281803262746E-002
   143.599995794884       8.026285682840227E-002
   143.699995788947       8.026273710903449E-002
   143.799995783011       8.026247066009794E-002
   143.899995777074       8.026206910354511E-002
   143.999995771137       8.026154385416157E-002
   144.099995765200       8.026090608028058E-002
   144.199995759263       8.026016666857680E-002
   144.299995753326       8.025933619281973E-002
   144.399995747390       8.025842488644931E-002
   144.499995741453       8.025744261882736E-002
   144.599995735516       8.025639887500036E-002
   144.699995729579       8.025530273880840E-002
   144.799995723642       8.025416287917499E-002
   144.899995717706       8.025298753940714E-002
   144.999995711769       8.025178452933500E-002
   145.099995705832       8.025056122011040E-002
   145.199995699895       8.024932454149802E-002
   145.299995693958       8.024808098146602E-002
   145.399995688021       8.024683658784726E-002
   145.499995682085       8.024559697259018E-002
   145.599995676148       8.024436731642749E-002
   145.699995670211       8.024315237666250E-002
   145.799995664274       8.024195649572181E-002
   145.899995658337       8.024078361109635E-002
   145.999995652401       8.023963726664127E-002
   146.099995646464       8.023852062473669E-002
   146.199995640527       8.023743647952385E-002
   146.299995634590       8.023638727074692E-002
   146.399995628653       8.023537509842706E-002
   146.499995622716       8.023440173789638E-002
   146.599995616780       8.023346865540458E-002
   146.699995610843       8.023257702396143E-002
   146.799995604906       8.023172773937064E-002
   146.899995598969       8.023092143646854E-002
   146.999995593032       8.023015850535894E-002
   147.099995587096       8.022943910758681E-002
   147.199995581159       8.022876319221177E-002
   147.299995575222       8.022813051169152E-002
   147.399995569285       8.022754063754005E-002
   147.499995563348       8.022699297566167E-002
   147.599995557411       8.022648678133627E-002
   147.699995551475       8.022602117380835E-002
   147.799995545538       8.022559515048577E-002
   147.899995539601       8.022520760053892E-002
   147.999995533664       8.022485731801658E-002
   148.099995527727       8.022454301466939E-002
   148.199995521791       8.022426333198263E-002
   148.299995515854       8.022401685271352E-002
   148.399995509917       8.022380211184144E-002
   148.499995503980       8.022361760694505E-002
   148.599995498043       8.022346180799743E-002
   148.699995492106       8.022333316657006E-002
   148.799995486170       8.022323012445581E-002
   148.899995480233       8.022315112157935E-002
   148.999995474296       8.022309460348115E-002
   149.099995468359       8.022305902824609E-002
   149.199995462422       8.022304287267691E-002
   149.299995456486       8.022304463799697E-002
   149.399995450549       8.022306285524274E-002
   149.499995444612       8.022309608969694E-002
   149.599995438675       8.022314294514644E-002
   149.699995432738       8.022320206769028E-002
   149.799995426802       8.022327214861465E-002
   149.899995420865       8.022335192757322E-002
   149.999995414928       8.022344019444946E-002
