   95.0999986742407       8.022482599406093E-002
   95.1999986683039       8.022482575365232E-002
   95.2999986623671       8.022482551322804E-002
   95.3999986564303       8.022482527278813E-002
   95.4999986504935       8.022482503233233E-002
   95.5999986445566       8.022482479186097E-002
   95.6999986386198       8.022482455137395E-002
   95.7999986326830       8.022482431087113E-002
   95.8999986267462       8.022482407035270E-002
   95.9999986208094       8.022482382981849E-002
   96.0999986148725       8.022482358926854E-002
   96.1999986089357       8.022482334870300E-002
   96.2999986029989       8.022482310812162E-002
   96.3999985970621       8.022482286752464E-002
   96.4999985911253       8.022482262691176E-002
   96.5999985851885       8.022482238628341E-002
   96.6999985792516       8.022482214563918E-002
   96.7999985733148       8.022482190497933E-002
   96.8999985673780       8.022482166430360E-002
   96.9999985614412       8.022482142361227E-002
   97.0999985555044       8.022482118290518E-002
   97.1999985495676       8.022482094218239E-002
   97.2999985436307       8.022482070144388E-002
   97.3999985376939       8.022482046068960E-002
   97.4999985317571       8.022482021991958E-002
   97.5999985258203       8.022481997913403E-002
   97.6999985198835       8.022481973833247E-002
   97.7999985139466       8.022481949751534E-002
   97.8999985080098       8.022481925668229E-002
   97.9999985020730       8.022481901583374E-002
   98.0999984961362       8.022481877496927E-002
   98.1999984901994       8.022481853408914E-002
   98.2999984842626       8.022481829319326E-002
   98.3999984783257       8.022481805228170E-002
   98.4999984723889       8.022481781135421E-002
   98.5999984664521       8.022481757041108E-002
   98.6999984605153       8.022481732945232E-002
   98.7999984545785       8.022481708847769E-002
   98.8999984486417       8.022481684748738E-002
   98.9999984427048       8.022481660648112E-002
   99.0999984367680       8.022481636545936E-002
   99.1999984308312       8.022481612442164E-002
   99.2999984248944       8.022481588336831E-002
   99.3999984189576       8.022481564229912E-002
   99.4999984130207       8.022481540121418E-002
   99.5999984070839       8.022481516011358E-002
   99.6999984011471       8.022481491899709E-002
   99.7999983952103       8.022481467786492E-002
   99.8999983892735       8.022481443671751E-002
   99.9999983833367       8.022481419555470E-002
   100.099998377400       8.562199176472662E-002
   100.199998371463       0.100420828877444     
   100.299998365526       0.127344107060880     
   100.399998359589       0.172088044705648     
   100.499998353653       0.242437293213775     
   100.599998347716       0.343263582431430     
   100.699998341779       0.467221609777091     
   100.799998335842       0.594211747923921     
   100.899998329905       0.705521575480221     
   100.999998323968       0.794525046687758     
   101.099998318032       0.864882317779704     
   101.199998312095       0.924220517031549     
   101.299998306158       0.979824955276432     
   101.399998300221        1.03707510675485     
   101.499998294284        1.09938020621728     
   101.599998288348        1.16861185753165     
   101.699998282411        1.24557627037620     
   101.799998276474        1.33038805726626     
   101.899998270537        1.42273411201235     
   101.999998264600        1.52205080159975     
   102.099998258663        1.62764000716976     
   102.199998252727        1.73874395187878     
   102.299998246790        1.85459285076988     
   102.399998240853        1.97443477354918     
   102.499998234916        2.09755379775319     
   102.599998228979        2.22328034878584     
   102.699998223043        2.35099627987157     
   102.799998217106        2.48013643227588     
   102.899998211169        2.61018790120205     
   102.999998205232        2.74068787896185     
   103.099998199295        2.87122068821016     
   103.199998193358        3.00141442463604     
   103.299998187422        3.13093748552400     
   103.399998181485        3.25949515760480     
   103.499998175548        3.38682636575702     
   103.599998169611        3.51270063568380     
   103.699998163674        3.63691529223760     
   103.799998157738        3.75929289554091     
   103.899998151801        3.87967890566977     
   103.999998145864        3.99793956062855     
   104.099998139927        4.11395994974147     
   104.199998133990        4.22764226406334     
   104.299998128054        4.33890420608948     
   104.399998122117        4.44767754235210     
   104.499998116180        4.55390678406265     
   104.599998110243        4.65754798259052     
   104.699998104306        4.75856762812408     
   104.799998098369        4.85694164129870     
   104.899998092433        4.95265444885150     
   104.999998086496        5.04569813547183     
   105.099998080559        5.13607166501381     
   105.199998074622        5.22378016501826     
   105.299998068685        5.30883426925401     
   105.399998062749        5.39124951353488     
   105.499998056812        5.47104578063467     
   105.599998050875        5.54824679050765     
   105.699998044938        5.62287963241731     
   105.799998039001        5.69497433589234     
   105.899998033064        5.76456347768610     
   105.999998027128        5.83168182216009     
   106.099998021191        5.89636599271561     
   106.199998015254        5.95865417207046     
   106.299998009317        6.01858582934476     
   106.399998003380        6.07620147205016     
   106.499997997444        6.13154242121622     
   106.599997991507        6.18465060799330     
   106.699997985570        6.23556839018113     
   106.799997979633        6.28433838723237     
   106.899997973696        6.33100333236509     
   106.999997967759        6.37560594050798     
   107.099997961823        6.41818879087735     
   107.199997955886        6.45879422306288     
   107.299997949949        6.49746424556498     
   107.399997944012        6.53424045579766     
   107.499997938075        6.56916397063023     
   107.599997932139        6.60227536660280     
   107.699997926202        6.63361462899802     
   107.799997920265        6.66322110903414     
   107.899997914328        6.69113348844113     
   107.999997908391        6.71738975078969     
   108.099997902454        6.74202715894511     
   108.199997896518        6.76508223808008     
   108.299997890581        6.78659076371682     
   108.399997884644        6.80658775430351     
   108.499997878707        6.82510746787167     
   108.599997872770        6.84218340234814     
   108.699997866834        6.85784829913482     
   108.799997860897        6.87213414958795     
   108.899997854960        6.88507220406900     
   108.999997849023        6.89669298325208     
   109.099997843086        6.90702629141171     
   109.199997837149        6.91610123141903     
   109.299997831213        6.92394622121378     
   109.399997825276        6.93058901152595     
   109.499997819339        6.93605670464509     
   109.599997813402        6.94037577405027     
   109.699997807465        6.94357208472960     
   109.799997801529        6.94567091403331     
   109.899997795592        6.94669697291483     
   109.999997789655        6.94667442743250     
   110.099997783718        6.94562692038824     
   110.199997777781        6.94357759299841     
   110.299997771844        6.94054910649379     
   110.399997765908        6.93656366356156     
   110.499997759971        6.93164302954588     
   110.599997754034        6.92580855333325     
   110.699997748097        6.91908118785624     
   110.799997742160        6.91148151015636     
   110.899997736224        6.90302974094735     
   110.999997730287        6.89374576363781     
   111.099997724350        6.88364914276399     
   111.199997718413        6.87275914179748     
   111.299997712476        6.86109474029356     
   111.399997706539        6.84867465035179     
   111.499997700603        6.83551733236274     
   111.599997694666        6.82164101001877     
   111.699997688729        6.80706368457511     
   111.799997682792        6.79180314834230     
   111.899997676855        6.77587699740151     
   111.999997670919        6.75930264353278     
   112.099997664982        6.74209732535271     
   112.199997659045        6.72427811866015     
   112.299997653108        6.70586194598544     
   112.399997647171        6.68686558535077     
   112.499997641234        6.66730567824459     
   112.599997635298        6.64719873681692     
   112.699997629361        6.62656115030512     
   112.799997623424        6.60540919070398     
   112.899997617487        6.58375901768996     
   112.999997611550        6.56162668281801     
   113.099997605614        6.53902813300640     
   113.199997599677        6.51597921332991     
   113.299997593740        6.49249566913917     
   113.399997587803        6.46859314753338     
   113.499997581866        6.44428719820363     
   113.599997575929        6.41959327367532     
   113.699997569993        6.39452672897460     
   113.799997564056        6.36910282074709     
   113.899997558119        6.34333670585453     
   113.999997552182        6.31724343947959     
   114.099997546245        6.29083797276982     
   114.199997540309        6.26413515004787     
   114.299997534372        6.23714970562320     
   114.399997528435        6.20989626023172     
   114.499997522498        6.18238931713903     
   114.599997516561        6.15464325793747     
   114.699997510624        6.12667233806945     
   114.799997504688        6.09849068210685     
   114.899997498751        6.07011227882298     
   114.999997492814        6.04155097608302     
   115.099997486877        6.01282047558860     
   115.199997480940        5.98393432750503     
   115.299997475004        5.95490592500090     
   115.399997469067        5.92574849873250     
   115.499997463130        5.89647511129806     
   115.599997457193        5.86709865169211     
   115.699997451256        5.83763182978586     
   115.799997445319        5.80808717086027     
   115.899997439383        5.77847701021653     
   115.999997433446        5.74881348788747     
   116.099997427509        5.71910854347248     
   116.199997421572        5.68937391111704     
   116.299997415635        5.65962111465763     
   116.399997409699        5.62986146295045     
   116.499997403762        5.60010604539902     
   116.599997397825        5.57036572770290     
   116.699997391888        5.54065114783297     
   116.799997385951        5.51097271225462     
   116.899997380014        5.48134059240563     
   116.999997374078        5.45176472144080     
   117.099997368141        5.42225479125360     
   117.199997362204        5.39282024977862     
   117.299997356267        5.36347029858455     
   117.399997350330        5.33421389076252     
   117.499997344394        5.30505972910963     
   117.599997338457        5.27601626461495     
   117.699997332520        5.24709169524477     
   117.799997326583        5.21829396503175     
   117.899997320646        5.18963076346227     
   117.999997314709        5.16110952516225     
   118.099997308773        5.13273742987661     
   118.199997302836        5.10452140274247     
   118.299997296899        5.07646811484487     
   118.399997290962        5.04858398405301     
   118.499997285025        5.02087517613000     
   118.599997279089        4.99334760610901     
   118.699997273152        4.96600693992515     
   118.799997267215        4.93885859629878     
   118.899997261278        4.91190774885816     
   118.999997255341        4.88515932849263     
   119.099997249404        4.85861802592631     
   119.199997243468        4.83228829450349     
   119.299997237531        4.80617435317299     
   119.399997231594        4.78028018966150     
   119.499997225657        4.75460956382763     
   119.599997219720        4.72916601117828     
   119.699997213784        4.70395284654625     
   119.799997207847        4.67897316791049     
   119.899997201910        4.65422986035018     
   119.999997195973        4.62972560012174     
   120.099997190036        4.48591045847288     
   120.199997184100        4.25575665452181     
   120.299997178163        3.97503153855418     
   120.399997172226        3.66532374591412     
   120.499997166289        3.34295980553506     
   120.599997160352        3.02006327905042     
   120.699997154415        2.70540597874341     
   120.799997148479        2.40511087367763     
   120.899997142542        2.12322996735894     
   120.999997136605        1.86221724073535     
   121.099997130668        1.62331419186012     
   121.199997124731        1.40686337058522     
   121.299997118795        1.21256224514234     
   121.399997112858        1.03966136679869     
   121.499997106921       0.887103469545662     
   121.599997100984       0.753626229562762     
   121.699997095047       0.637863317713489     
   121.799997089110       0.538422877855316     
   121.899997083174       0.453916137025203     
   121.999997077237       0.382944163995740     
   122.099997071300       0.324066373227880     
   122.199997065363       0.275781174468083     
   122.299997059426       0.236546732060100     
   122.399997053490       0.204846753466070     
   122.499997047553       0.179275262542065     
   122.599997041616       0.158603932804856     
   122.699997035679       0.141812026610821     
   122.799997029742       0.128081661798643     
   122.899997023805       0.116772422258307     
   122.999997017869       0.107388806886429     
   123.099997011932       9.954884703782357E-002
   123.199997005995       9.295749257161001E-002
   123.299997000058       8.738551896440280E-002
   123.399996994121       8.265341358625786E-002
   123.499996988185       7.861929752709121E-002
   123.599996982248       7.516994636878080E-002
   123.699996976311       7.221412456175305E-002
   123.799996970374       6.967762330792532E-002
   123.899996964437       6.749954602394066E-002
   123.999996958500       6.562950736742375E-002
   124.099996952564       6.402550336132933E-002
   124.199996946627       6.265227710896233E-002
   124.299996940690       6.148005292277355E-002
   124.399996934753       6.048354638599067E-002
   124.499996928816       5.964118275499716E-002
   124.599996922880       5.893447400195893E-002
   124.699996916943       5.834751770897553E-002
   124.799996911006       5.786659038941878E-002
   124.899996905069       5.747981464216927E-002
   124.999996899132       5.717688455568985E-002
   125.099996893195       5.694883747849833E-002
   125.199996887259       5.678786302116138E-002
   125.299996881322       5.668714220998087E-002
   125.399996875385       5.664071125922946E-002
   125.499996869448       5.664334560055904E-002
   125.599996863511       5.669046070229199E-002
   125.699996857575       5.677802689832200E-002
   125.799996851638       5.690249597836753E-002
   125.899996845701       5.706073770645882E-002
   125.999996839764       5.724998476131382E-002
   126.099996833827       5.746778485153747E-002
   126.199996827890       5.771195896604590E-002
   126.299996821954       5.798056488803750E-002
   126.399996816017       5.827186523724980E-002
   126.499996810080       5.858429941760044E-002
   126.599996804143       5.891645894053011E-002
   126.699996798206       5.926706567206063E-002
   126.799996792270       5.963495261718420E-002
   126.899996786333       6.001904691077971E-002
   126.999996780396       6.041835473185340E-002
   127.099996774459       6.083194789861440E-002
   127.199996768522       6.125895193723302E-002
   127.299996762585       6.169853544792149E-002
   127.399996756649       6.214990061858882E-002
   127.499996750712       6.261227475995125E-002
   127.599996744775       6.308490275659015E-002
   127.699996738838       6.356704034660518E-002
   127.799996732901       6.405794815866701E-002
   127.899996726965       6.455688644921254E-002
   127.999996721028       6.506311049528211E-002
   128.099996715091       6.557586660890403E-002
   128.199996709154       6.609438874870449E-002
   128.299996703217       6.661789571202539E-002
   128.399996697280       6.714558889761081E-002
   128.499996691344       6.767665063407503E-002
   128.599996685407       6.821024307321670E-002
   128.699996679470       6.874550764977398E-002
   128.799996673533       6.928156511043242E-002
   128.899996667596       6.981751611473748E-002
   128.999996661660       7.035244240864376E-002
   129.099996655723       7.088540856927894E-002
   129.199996649786       7.141546431455041E-002
   129.299996643849       7.194164736636134E-002
   129.399996637912       7.246298684948109E-002
   129.499996631975       7.297850720079357E-002
   129.599996626039       7.348723255536842E-002
   129.699996620102       7.398819156712054E-002
   129.799996614165       7.448042261281919E-002
   129.899996608228       7.496297931909791E-002
   129.999996602291       7.543493634365978E-002
   130.099996596355       7.589539533377289E-002
   130.199996590418       7.634349097818707E-002
   130.299996584481       7.677839706305120E-002
   130.399996578544       7.719933243842937E-002
   130.499996572607       7.760556679970010E-002
   130.599996566670       7.799642618851783E-002
   130.699996560734       7.837129811980988E-002
   130.799996554797       7.872963624599701E-002
   130.899996548860       7.907096447626015E-002
   130.999996542923       7.939488047758614E-002
   131.099996536986       7.970105849493080E-002
   131.199996531050       7.998925144044135E-002
   131.299996525113       8.025929221520688E-002
   131.399996519176       8.051109424167369E-002
   131.499996513239       8.074465119991332E-002
   131.599996507302       8.096003597598694E-002
   131.699996501365       8.115739884533274E-002
   131.799996495429       8.133696492785038E-002
   131.899996489492       8.149903096402929E-002
   131.999996483555       8.164396147238603E-002
   132.099996477618       8.177218435787517E-002
   132.199996471681       8.188418604798550E-002
   132.299996465745       8.198050623855835E-002
   132.399996459808       8.206173233433492E-002
   132.499996453871       8.212849367022786E-002
   132.599996447934       8.218145559842926E-002
   132.699996441997       8.222131352341722E-002
   132.799996436060       8.224878696285551E-002
   132.899996430124       8.226461370673806E-002
   132.999996424187       8.226954414017461E-002
   133.099996418250       8.226433578771089E-002
   133.199996412313       8.224974812926429E-002
   133.299996406376       8.222653772907514E-002
   133.399996400440       8.219545371097013E-002
   133.499996394503       8.215723360500519E-002
   133.599996388566       8.211259958254037E-002
   133.699996382629       8.206225508968007E-002
   133.799996376692       8.200688188219349E-002
   133.899996370756       8.194713745894458E-002
   133.999996364819       8.188365288554392E-002
   134.099996358882       8.181703099563717E-002
   134.199996352945       8.174784495310848E-002
   134.299996347008       8.167663715572630E-002
   134.399996341071       8.160391845832758E-002
   134.499996335135       8.153016769207519E-002
   134.599996329198       8.145583145507020E-002
   134.699996323261       8.138132414922235E-002
   134.799996317324       8.130702823830560E-002
   134.899996311387       8.123329470209543E-002
   134.999996305451       8.116044366273076E-002
   135.099996299514       8.108876515979092E-002
   135.199996293577       8.101852005212720E-002
   135.299996287640       8.094994102574148E-002
   135.399996281703       8.088323368828737E-002
   135.499996275766       8.081857773234589E-002
   135.599996269830       8.075612815119261E-002
   135.699996263893       8.069601649226224E-002
   135.799996257956       8.063835213502091E-002
   135.899996252019       8.058322358129788E-002
   135.999996246082       8.053069974770824E-002
   136.099996240146       8.048083125095261E-002
   136.199996234209       8.043365167815049E-002
   136.299996228272       8.038917883531183E-002
   136.399996222335       8.034741596825337E-002
   136.499996216398       8.030835295117598E-002
   136.599996210461       8.027196743903511E-002
   136.699996204525       8.023822598048276E-002
   136.799996198588       8.020708508894273E-002
   136.899996192651       8.017849227000950E-002
   136.999996186714       8.015238700386419E-002
   137.099996180777       8.012870168190303E-002
   137.199996174841       8.010736249705171E-002
   137.299996168904       8.008829028775483E-002
   137.399996162967       8.007140133586162E-002
   137.499996157030       8.005660811881120E-002
   137.599996151093       8.004382001686740E-002
   137.699996145156       8.003294397609807E-002
   137.799996139220       8.002388512818030E-002
   137.899996133283       8.001654736805286E-002
   137.999996127346       8.001083389066764E-002
   138.099996121409       8.000664768791156E-002
   138.199996115472       8.000389200710127E-002
   138.299996109536       8.000247077229809E-002
   138.399996103599       8.000228896982044E-002
   138.499996097662       8.000325299929464E-002
   138.599996091725       8.000527099154195E-002
   138.699996085788       8.000825309468444E-002
   138.799996079851       8.001211172982207E-002
   138.899996073915       8.001676181758470E-002
   138.999996067978       8.002212097692682E-002
   139.099996062041       8.002810969744749E-002
   139.199996056104       8.003465148648783E-002
   139.299996050167       8.004167299231926E-002
   139.399996044231       8.004910410467796E-002
   139.499996038294       8.005687803386977E-002
   139.599996032357       8.006493136966229E-002
   139.699996026420       8.007320412121247E-002
   139.799996020483       8.008163973913823E-002
   139.899996014546       8.009018512090592E-002
   139.999996008610       8.009879060071155E-002
   140.099996002673       8.010740992498259E-002
   140.199995996736       8.011600021437289E-002
   140.299995990799       8.012452191390784E-002
   140.399995984862       8.013293873152642E-002
   140.499995978926       8.014121756669697E-002
   140.599995972989       8.014932842977250E-002
   140.699995967052       8.015724435313992E-002
   140.799995961115       8.016494129511247E-002
   140.899995955178       8.017239803746765E-002
   140.999995949241       8.017959607749207E-002
   141.099995943305       8.018651951541156E-002
   141.199995937368       8.019315493798085E-002
   141.299995931431       8.019949129902695E-002
   141.399995925494       8.020551979769501E-002
   141.499995919557       8.021123375509534E-002
   141.599995913621       8.021662849001415E-002
   141.699995907684       8.022170119427745E-002
   141.799995901747       8.022645080843578E-002
   141.899995895810       8.023087789822170E-002
   141.999995889873       8.023498453239805E-002
   142.099995883936       8.023877416237070E-002
   142.199995878000       8.024225150404901E-002
   142.299995872063       8.024542242234704E-002
   142.399995866126       8.024829381863872E-002
   142.499995860189       8.025087352152803E-002
   142.599995854252       8.025317018119030E-002
   142.699995848316       8.025519316753334E-002
   142.799995842379       8.025695247237646E-002
   142.899995836442       8.025845861584392E-002
   142.999995830505       8.025972255715655E-002
   143.099995824568       8.026075560974216E-002
   143.199995818631       8.026156936095097E-002
   143.299995812695       8.026217559649973E-002
   143.399995806758       8.026258622936949E-002
   143.499995800821       8.026281323337062E-002
   143.599995794884       8.026286858136787E-002
   143.699995788947       8.026276418801036E-002
   143.799995783011       8.026251185701810E-002
   143.899995777074       8.026212323289895E-002
   143.999995771137       8.026160975696042E-002
   144.099995765200       8.026098262761112E-002
   144.199995759263       8.026025276474606E-002
   144.299995753326       8.025943077810570E-002
   144.399995747390       8.025852693947699E-002
   144.499995741453       8.025755115858522E-002
   144.599995735516       8.025651296251329E-002
   144.699995729579       8.025542147848487E-002
   144.799995723642       8.025428541984619E-002
   144.899995717706       8.025311307508110E-002
   144.999995711769       8.025191229967053E-002
   145.099995705832       8.025069051064260E-002
   145.199995699895       8.024945468362808E-002
   145.299995693958       8.024821135223938E-002
   145.399995688021       8.024696660980690E-002
   145.499995682085       8.024572611225426E-002
   145.599995676148       8.024449508443690E-002
   145.699995670211       8.024327832653913E-002
   145.799995664274       8.024208022279923E-002
   145.899995658337       8.024090475133340E-002
   145.999995652401       8.023975549532779E-002
   146.099995646464       8.023863565510987E-002
   146.199995640527       8.023754806131288E-002
   146.299995634590       8.023649518864313E-002
   146.399995628653       8.023547917050639E-002
   146.499995622716       8.023450181399235E-002
   146.599995616780       8.023356461546506E-002
   146.699995610843       8.023266877638487E-002
   146.799995604906       8.023181521932146E-002
   146.899995598969       8.023100460419269E-002
   146.999995593032       8.023023734450849E-002
   147.099995587096       8.022951362355499E-002
   147.199995581159       8.022883341049364E-002
   147.299995575222       8.022819647626803E-002
   147.399995569285       8.022760240929519E-002
   147.499995563348       8.022705063083645E-002
   147.599995557411       8.022654041002637E-002
   147.699995551475       8.022607087850639E-002
   147.799995545538       8.022564104456821E-002
   147.899995539601       8.022524980692859E-002
   147.999995533664       8.022489596819690E-002
   148.099995527727       8.022457824721889E-002
   148.199995521791       8.022429529139097E-002
   148.299995515854       8.022404568825671E-002
   148.399995509917       8.022382797651946E-002
   148.499995503980       8.022364065648284E-002
   148.599995498043       8.022348219990265E-002
   148.699995492106       8.022335105925517E-002
   148.799995486170       8.022324567641918E-002
   148.899995480233       8.022316449064994E-002
   148.999995474296       8.022310594612188E-002
   149.099995468359       8.022306849891060E-002
   149.199995462422       8.022305062322931E-002
   149.299995456486       8.022305081718446E-002
   149.399995450549       8.022306760822462E-002
   149.499995444612       8.022309955761700E-002
   149.599995438675       8.022314526477294E-002
   149.699995432738       8.022320337108446E-002
   149.799995426802       8.022327256284996E-002
   149.899995420865       8.022335157452204E-002
   149.999995414928       8.022343919057277E-002
