   95.0999986742407       8.022482599406093E-002
   95.1999986683039       8.022482575365232E-002
   95.2999986623671       8.022482551322804E-002
   95.3999986564303       8.022482527278813E-002
   95.4999986504935       8.022482503233233E-002
   95.5999986445566       8.022482479186097E-002
   95.6999986386198       8.022482455137395E-002
   95.7999986326830       8.022482431087113E-002
   95.8999986267462       8.022482407035270E-002
   95.9999986208094       8.022482382981849E-002
   96.0999986148725       8.022482358926854E-002
   96.1999986089357       8.022482334870300E-002
   96.2999986029989       8.022482310812162E-002
   96.3999985970621       8.022482286752464E-002
   96.4999985911253       8.022482262691176E-002
   96.5999985851885       8.022482238628341E-002
   96.6999985792516       8.022482214563918E-002
   96.7999985733148       8.022482190497933E-002
   96.8999985673780       8.022482166430360E-002
   96.9999985614412       8.022482142361227E-002
   97.0999985555044       8.022482118290518E-002
   97.1999985495676       8.022482094218239E-002
   97.2999985436307       8.022482070144388E-002
   97.3999985376939       8.022482046068960E-002
   97.4999985317571       8.022482021991958E-002
   97.5999985258203       8.022481997913403E-002
   97.6999985198835       8.022481973833247E-002
   97.7999985139466       8.022481949751534E-002
   97.8999985080098       8.022481925668229E-002
   97.9999985020730       8.022481901583374E-002
   98.0999984961362       8.022481877496927E-002
   98.1999984901994       8.022481853408914E-002
   98.2999984842626       8.022481829319326E-002
   98.3999984783257       8.022481805228170E-002
   98.4999984723889       8.022481781135421E-002
   98.5999984664521       8.022481757041108E-002
   98.6999984605153       8.022481732945232E-002
   98.7999984545785       8.022481708847769E-002
   98.8999984486417       8.022481684748738E-002
   98.9999984427048       8.022481660648112E-002
   99.0999984367680       8.022481636545936E-002
   99.1999984308312       8.022481612442164E-002
   99.2999984248944       8.022481588336831E-002
   99.3999984189576       8.022481564229912E-002
   99.4999984130207       8.022481540121418E-002
   99.5999984070839       8.022481516011358E-002
   99.6999984011471       8.022481491899709E-002
   99.7999983952103       8.022481467786492E-002
   99.8999983892735       8.022481443671751E-002
   99.9999983833367       8.022481419555470E-002
   100.099998377400       8.253171648447748E-002
   100.199998371463       8.761436427586369E-002
   100.299998365526       9.514497747465984E-002
   100.399998359589       0.105361972268751     
   100.499998353653       0.118783796772550     
   100.599998347716       0.136149193186438     
   100.699998341779       0.158302077779951     
   100.799998335842       0.185898724425420     
   100.899998329905       0.218851692776008     
   100.999998323968       0.255635732969935     
   101.099998318032       0.292960780142212     
   101.199998312095       0.326396101688275     
   101.299998306158       0.351831320653961     
   101.399998300221       0.366829278045110     
   101.499998294284       0.371062999556134     
   101.599998288348       0.365868757396220     
   101.699998282411       0.353451371246549     
   101.799998276474       0.336191620917661     
   101.899998270537       0.316220299164910     
   101.999998264600       0.295233040202431     
   102.099998258663       0.274460707096834     
   102.199998252727       0.254719559674144     
   102.299998246790       0.236492115509817     
   102.399998240853       0.220011881042771     
   102.499998234916       0.205339065431013     
   102.599998228979       0.192422160565363     
   102.699998223043       0.181144503162281     
   102.799998217106       0.171357214181669     
   102.899998211169       0.162900982679535     
   102.999998205232       0.155619422364405     
   103.099998199295       0.149366489092326     
   103.199998193358       0.144009970882611     
   103.299998187422       0.139432540188398     
   103.399998181485       0.135531398342919     
   103.499998175548       0.132217184286862     
   103.599998169611       0.129412563561844     
   103.699998163674       0.127050741167775     
   103.799998157738       0.125074031414311     
   103.899998151801       0.123432550108795     
   103.999998145864       0.122083054598196     
   104.099998139927       0.120987934967891     
   104.199998133990       0.120114348194734     
   104.299998128054       0.119433481837802     
   104.399998122117       0.118919932182425     
   104.499998116180       0.118551181973763     
   104.599998110243       0.118307164008917     
   104.699998104306       0.118169898344359     
   104.799998098369       0.118123192416220     
   104.899998092433       0.118152394808762     
   104.999998086496       0.118244194675324     
   105.099998080559       0.118386459895178     
   105.199998074622       0.118568107948978     
   105.299998068685       0.118779004233530     
   105.399998062749       0.119009883143185     
   105.499998056812       0.119252287745990     
   105.599998050875       0.119498524307931     
   105.699998044938       0.119741628291305     
   105.799998039001       0.119975338795253     
   105.899998033064       0.120194078733891     
   105.999998027128       0.120392938372567     
   106.099998021191       0.120567660172648     
   106.199998015254       0.120714623231711     
   106.299998009317       0.120830825948060     
   106.399998003380       0.120913865881336     
   106.499997997444       0.120961916115986     
   106.599997991507       0.120973697754034     
   106.699997985570       0.120948448458246     
   106.799997979633       0.120885887227260     
   106.899997973696       0.120786175804701     
   106.999997967759       0.120649877298754     
   107.099997961823       0.120477912714716     
   107.199997955886       0.120271516181547     
   107.299997949949       0.120032189685256     
   107.399997944012       0.119761658112893     
   107.499997938075       0.119461825366116     
   107.599997932139       0.119134732230229     
   107.699997926202       0.118782516590303     
   107.799997920265       0.118407376478662     
   107.899997914328       0.118011536323638     
   107.999997908391       0.117597216655299     
   108.099997902454       0.117166607414156     
   108.199997896518       0.116721844908167     
   108.299997890581       0.116264992374273     
   108.399997884644       0.115798024025391     
   108.499997878707       0.115322812402005     
   108.599997872770       0.114841118801028     
   108.699997866834       0.114354586520673     
   108.799997860897       0.113864736639264     
   108.899997854960       0.113372966035662     
   108.999997849023       0.112880547358240     
   109.099997843086       0.112388630656230     
   109.199997837149       0.111898246399920     
   109.299997831213       0.111410309633772     
   109.399997825276       0.110925625026615     
   109.499997819339       0.110444892605466     
   109.599997813402       0.109968713982678     
   109.699997807465       0.109497598909092     
   109.799997801529       0.109031972008629     
   109.899997795592       0.108572179571114     
   109.999997789655       0.108118496300159     
   110.099997783718       0.107671131931181     
   110.199997777781       0.107230237651983     
   110.299997771844       0.106795912271882     
   110.399997765908       0.106368208099537     
   110.499997759971       0.105947136500429     
   110.599997754034       0.105532673114749     
   110.699997748097       0.105124762724678     
   110.799997742160       0.104723323766816     
   110.899997736224       0.104328252491258     
   110.999997730287       0.103939426773285     
   111.099997724350       0.103556709587249     
   111.199997718413       0.103179952155026     
   111.299997712476       0.102808996783419     
   111.399997706539       0.102443679406439     
   111.499997700603       0.102083831849297     
   111.599997694666       0.101729283831477     
   111.699997688729       0.101379864726531     
   111.799997682792       0.101035405096124     
   111.899997676855       0.100695738015502     
   111.999997670919       0.100360700207237     
   112.099997664982       0.100030132999351     
   112.199997659045       9.970388312338534E-002
   112.299997653108       9.938180336706752E-002
   112.399997647171       9.906375309554287E-002
   112.499997641234       9.874959865430698E-002
   112.599997635298       9.843921366606059E-002
   112.699997629361       9.813247923297898E-002
   112.799997623424       9.782928405500091E-002
   112.899997617487       9.752952447406300E-002
   112.999997611550       9.723310445317089E-002
   113.099997605614       9.693993549892300E-002
   113.199997599677       9.664993653498045E-002
   113.299997593740       9.636303373339911E-002
   113.399997587803       9.607916031037329E-002
   113.499997581866       9.579825629209086E-002
   113.599997575929       9.552026825588977E-002
   113.699997569993       9.524514905149747E-002
   113.799997564056       9.497285750656662E-002
   113.899997558119       9.470335812030259E-002
   113.999997552182       9.443662074855992E-002
   114.099997546245       9.417262028349771E-002
   114.199997540309       9.391133633033968E-002
   114.299997534372       9.365275288366852E-002
   114.399997528435       9.339685800529574E-002
   114.499997522498       9.314364350547411E-002
   114.599997516561       9.289310462901941E-002
   114.699997510624       9.264523974765851E-002
   114.799997504688       9.240005005973227E-002
   114.899997498751       9.215753929820071E-002
   114.999997492814       9.191771344773908E-002
   115.099997486877       9.168058047154454E-002
   115.199997480940       9.144615004839875E-002
   115.299997475004       9.121443332033959E-002
   115.399997469067       9.098544265124918E-002
   115.499997463130       9.075919139656358E-002
   115.599997457193       9.053569368419975E-002
   115.699997451256       9.031496420676320E-002
   115.799997445319       9.009701802500299E-002
   115.899997439383       8.988187038246528E-002
   115.999997433446       8.966953653119987E-002
   116.099997427509       8.946003156839354E-002
   116.199997421572       8.925337028371209E-002
   116.299997415635       8.904956701714332E-002
   116.399997409699       8.884863552710345E-002
   116.499997403762       8.865058886852520E-002
   116.599997397825       8.845543928066596E-002
   116.699997391888       8.826319808433265E-002
   116.799997385951       8.807387558823329E-002
   116.899997380014       8.788748100411933E-002
   116.999997374078       8.770402237045574E-002
   117.099997368141       8.752350648424441E-002
   117.199997362204       8.734593884072218E-002
   117.299997356267       8.717132358060783E-002
   117.399997350330       8.699966344457008E-002
   117.499997344394       8.683095973463026E-002
   117.599997338457       8.666521228216073E-002
   117.699997332520       8.650241942219898E-002
   117.799997326583       8.634257797376023E-002
   117.899997320646       8.618568322587045E-002
   117.999997314709       8.603172892901693E-002
   118.099997308773       8.588070729175130E-002
   118.199997302836       8.573260898214642E-002
   118.299997296899       8.558742313386716E-002
   118.399997290962       8.544513735657733E-002
   118.499997285025       8.530573775041778E-002
   118.599997279089       8.516920892434832E-002
   118.699997273152       8.503553401801082E-002
   118.799997267215       8.490469472709691E-002
   118.899997261278       8.477667133170615E-002
   118.999997255341       8.465144272765285E-002
   119.099997249404       8.452898646052713E-002
   119.199997243468       8.440927876221217E-002
   119.299997237531       8.429229458968522E-002
   119.399997231594       8.417800766592670E-002
   119.499997225657       8.406639052274328E-002
   119.599997219720       8.395741454530259E-002
   119.699997213784       8.385105001822689E-002
   119.799997207847       8.374726617306802E-002
   119.899997201910       8.364603123699117E-002
   119.999997195973       8.354731248250367E-002
   120.099997190036       8.345107627810730E-002
   120.199997184100       8.335728813968475E-002
   120.299997178163       8.326591278248514E-002
   120.399997172226       8.317691417359925E-002
   120.499997166289       8.309025558475304E-002
   120.599997160352       8.300589964530063E-002
   120.699997154415       8.292380839532401E-002
   120.799997148479       8.284394333866342E-002
   120.899997142542       8.276626549581266E-002
   120.999997136605       8.269073545653723E-002
   121.099997130668       8.261731343212433E-002
   121.199997124731       8.254595930716936E-002
   121.299997118795       8.247663269078297E-002
   121.399997112858       8.240929296712889E-002
   121.499997106921       8.234389934524633E-002
   121.599997100984       8.228041090797462E-002
   121.699997095047       8.221878666001012E-002
   121.799997089110       8.215898557497117E-002
   121.899997083174       8.210096664137176E-002
   121.999997077237       8.204468890749206E-002
   122.099997071300       8.199011152503881E-002
   122.199997065363       8.193719379157156E-002
   122.299997059426       8.188589519160405E-002
   122.399997053490       8.183617543637124E-002
   122.499997047553       8.178799450216989E-002
   122.599997041616       8.174131266728088E-002
   122.699997035679       8.169609054739324E-002
   122.799997029742       8.165228912952656E-002
   122.899997023805       8.160986980439727E-002
   122.999997017869       8.156879439722996E-002
   123.099997011932       8.152902519697466E-002
   123.199997005995       8.149052498391651E-002
   123.299997000058       8.145325705567458E-002
   123.399996994121       8.141718525156896E-002
   123.499996988185       8.138227397535584E-002
   123.599996982248       8.134848821634001E-002
   123.699996976311       8.131579356884898E-002
   123.799996970374       8.128415625009805E-002
   123.899996964437       8.125354311642556E-002
   123.999996958500       8.122392167795432E-002
   124.099996952564       8.119526011165561E-002
   124.199996946627       8.116752727286962E-002
   124.299996940690       8.114069270528278E-002
   124.399996934753       8.111472664940485E-002
   124.499996928816       8.108960004956553E-002
   124.599996922880       8.106528455947178E-002
   124.699996916943       8.104175254635872E-002
   124.799996911006       8.101897709376991E-002
   124.899996905069       8.099693200300397E-002
   124.999996899132       8.097559179329029E-002
   125.099996893195       8.095493170071394E-002
   125.199996887259       8.093492767594472E-002
   125.299996881322       8.091555638083144E-002
   125.399996875385       8.089679518388748E-002
   125.499996869448       8.087862215473797E-002
   125.599996863511       8.086101605757844E-002
   125.699996857575       8.084395634368394E-002
   125.799996851638       8.082742314303296E-002
   125.899996845701       8.081139725510621E-002
   125.999996839764       8.079586013889992E-002
   126.099996833827       8.078079390222107E-002
   126.199996827890       8.076618129030315E-002
   126.299996821954       8.075200567382285E-002
   126.399996816017       8.073825103633807E-002
   126.499996810080       8.072490196123332E-002
   126.599996804143       8.071194361820258E-002
   126.699996798206       8.069936174932983E-002
   126.799996792270       8.068714265482191E-002
   126.899996786333       8.067527317843055E-002
   126.999996780396       8.066374069262704E-002
   127.099996774459       8.065253308357455E-002
   127.199996768522       8.064163873592899E-002
   127.299996762585       8.063104651753152E-002
   127.399996756649       8.062074576402795E-002
   127.499996750712       8.061072626344938E-002
   127.599996744775       8.060097824080432E-002
   127.699996738838       8.059149234271652E-002
   127.799996732901       8.058225962213400E-002
   127.899996726965       8.057327152316161E-002
   127.999996721028       8.056451986603282E-002
   128.099996715091       8.055599683225502E-002
   128.199996709154       8.054769494996088E-002
   128.299996703217       8.053960707948248E-002
   128.399996697280       8.053172639918461E-002
   128.499996691344       8.052404639156496E-002
   128.599996685407       8.051656082965181E-002
   128.699996679470       8.050926376371037E-002
   128.799996673533       8.050214950827599E-002
   128.899996667596       8.049521262953531E-002
   128.999996661660       8.048844793305356E-002
   129.099996655723       8.048185045187012E-002
   129.199996649786       8.047541543496931E-002
   129.299996643849       8.046913833612733E-002
   129.399996637912       8.046301480315189E-002
   129.499996631975       8.045704066750420E-002
   129.599996626039       8.045121193432661E-002
   129.699996620102       8.044552477285051E-002
   129.799996614165       8.043997550720944E-002
   129.899996608228       8.043456060764310E-002
   129.999996602291       8.042927668208984E-002
   130.099996596355       8.042412046816790E-002
   130.199996590418       8.041908882554293E-002
   130.299996584481       8.041417872866946E-002
   130.399996578544       8.040938725990282E-002
   130.499996572607       8.040471160297798E-002
   130.599996566670       8.040014903684316E-002
   130.699996560734       8.039569692984100E-002
   130.799996554797       8.039135273422746E-002
   130.899996548860       8.038711398102126E-002
   130.999996542923       8.038297827517100E-002
   131.099996536986       8.037894329103137E-002
   131.199996531050       8.037500676813403E-002
   131.299996525113       8.037116650725154E-002
   131.399996519176       8.036742036672773E-002
   131.499996513239       8.036376625907668E-002
   131.599996507302       8.036020214783612E-002
   131.699996501365       8.035672604465739E-002
   131.799996495429       8.035333600662685E-002
   131.899996489492       8.035003013380305E-002
   131.999996483555       8.034680656696239E-002
   132.099996477618       8.034366348553500E-002
   132.199996471681       8.034059910573028E-002
   132.299996465745       8.033761167883578E-002
   132.399996459808       8.033469948966683E-002
   132.499996453871       8.033186085517664E-002
   132.599996447934       8.032909412321351E-002
   132.699996441997       8.032639767139228E-002
   132.799996436060       8.032376990609656E-002
   132.899996430124       8.032120926160276E-002
   132.999996424187       8.031871419927963E-002
   133.099996418250       8.031628320691275E-002
   133.199996412313       8.031391479809671E-002
   133.299996406376       8.031160751170188E-002
   133.399996400440       8.030935991143492E-002
   133.499996394503       8.030717058542321E-002
   133.599996388566       8.030503814590474E-002
   133.699996382629       8.030296122890991E-002
   133.799996376692       8.030093849405075E-002
   133.899996370756       8.029896862427924E-002
   133.999996364819       8.029705032574896E-002
   134.099996358882       8.029518232763033E-002
   134.199996352945       8.029336338202295E-002
   134.299996347008       8.029159226380990E-002
   134.399996341071       8.028986777060385E-002
   134.499996335135       8.028818872263024E-002
   134.599996329198       8.028655396267059E-002
   134.699996323261       8.028496235599136E-002
   134.799996317324       8.028341279024905E-002
   134.899996311387       8.028190417545668E-002
   134.999996305451       8.028043544386870E-002
   135.099996299514       8.027900554991883E-002
   135.199996293577       8.027761347013908E-002
   135.299996287640       8.027625820302700E-002
   135.399996281703       8.027493876897449E-002
   135.499996275766       8.027365421013853E-002
   135.599996269830       8.027240359027876E-002
   135.699996263893       8.027118599465452E-002
   135.799996257956       8.027000052985606E-002
   135.899996252019       8.026884632360369E-002
   135.999996246082       8.026772252459201E-002
   136.099996240146       8.026662830229672E-002
   136.199996234209       8.026556284673622E-002
   136.299996228272       8.026452536824041E-002
   136.399996222335       8.026351509724668E-002
   136.499996216398       8.026253128402941E-002
   136.599996210461       8.026157319841398E-002
   136.699996204525       8.026064012950700E-002
   136.799996198588       8.025973138543571E-002
   136.899996192651       8.025884629302885E-002
   136.999996186714       8.025798419749414E-002
   137.099996180777       8.025714446209377E-002
   137.199996174841       8.025632646785251E-002
   137.299996168904       8.025552961320456E-002
   137.399996162967       8.025475331364447E-002
   137.499996157030       8.025399700136800E-002
   137.599996151093       8.025326012492015E-002
   137.699996145156       8.025254214887004E-002
   137.799996139220       8.025184255342220E-002
   137.899996133283       8.025116083405004E-002
   137.999996127346       8.025049650112086E-002
   138.099996121409       8.024984907951964E-002
   138.199996115472       8.024921810831605E-002
   138.299996109536       8.024860314037606E-002
   138.399996103599       8.024800374198565E-002
   138.499996097662       8.024741949249131E-002
   138.599996091725       8.024684998391778E-002
   138.699996085788       8.024629482060169E-002
   138.799996079851       8.024575361886280E-002
   138.899996073915       8.024522600664281E-002
   138.999996067978       8.024471162314285E-002
   139.099996062041       8.024421011847174E-002
   139.199996056104       8.024372115331706E-002
   139.299996050167       8.024324439859082E-002
   139.399996044231       8.024277953510729E-002
   139.499996038294       8.024232625325649E-002
   139.599996032357       8.024188425272659E-002
   139.699996026420       8.024145324215071E-002
   139.799996020483       8.024103293882971E-002
   139.899996014546       8.024062306841288E-002
   139.999996008610       8.024022336463041E-002
   140.099996002673       8.023983356900508E-002
   140.199995996736       8.023945343057737E-002
   140.299995990799       8.023908270563584E-002
   140.399995984862       8.023872115747577E-002
   140.499995978926       8.023836855616753E-002
   140.599995972989       8.023802467829948E-002
   140.699995967052       8.023768930673586E-002
   140.799995961115       8.023736223041132E-002
   140.899995955178       8.023704324410195E-002
   140.999995949241       8.023673214821722E-002
   141.099995943305       8.023642874860547E-002
   141.199995937368       8.023613285636688E-002
   141.299995931431       8.023584428764785E-002
   141.399995925494       8.023556286347229E-002
   141.499995919557       8.023528840957671E-002
   141.599995913621       8.023502075624869E-002
   141.699995907684       8.023475973818153E-002
   141.799995901747       8.023450519430081E-002
   141.899995895810       8.023425696763831E-002
   141.999995889873       8.023401490517805E-002
   142.099995883936       8.023377885773182E-002
   142.199995878000       8.023354867982019E-002
   142.299995872063       8.023332422953940E-002
   142.399995866126       8.023310536845704E-002
   142.499995860189       8.023289196151345E-002
   142.599995854252       8.023268387687726E-002
   142.699995848316       8.023248098590506E-002
   142.799995842379       8.023228316299381E-002
   142.899995836442       8.023209028551841E-002
   142.999995830505       8.023190223373418E-002
   143.099995824568       8.023171889070752E-002
   143.199995818631       8.023154014221673E-002
   143.299995812695       8.023136587671692E-002
   143.399995806758       8.023119598523995E-002
   143.499995800821       8.023103036133190E-002
   143.599995794884       8.023086890099423E-002
   143.699995788947       8.023071150259668E-002
   143.799995783011       8.023055806685823E-002
   143.899995777074       8.023040849674687E-002
   143.999995771137       8.023026269747047E-002
   144.099995765200       8.023012057637474E-002
   144.199995759263       8.022998204294748E-002
   144.299995753326       8.022984700872557E-002
   144.399995747390       8.022971538726904E-002
   144.499995741453       8.022958709412194E-002
   144.599995735516       8.022946204675968E-002
   144.699995729579       8.022934016454766E-002
   144.799995723642       8.022922136871379E-002
   144.899995717706       8.022910558228319E-002
   144.999995711769       8.022899273007930E-002
   145.099995705832       8.022888273864852E-002
   145.199995699895       8.022877553627382E-002
   145.299995693958       8.022867105286266E-002
   145.399995688021       8.022856922000811E-002
   145.499995682085       8.022846997087971E-002
   145.599995676148       8.022837324023466E-002
   145.699995670211       8.022827896435027E-002
   145.799995664274       8.022818708106504E-002
   145.899995658337       8.022809752962151E-002
   145.999995652401       8.022801025078619E-002
   146.099995646464       8.022792518672457E-002
   146.199995640527       8.022784228098673E-002
   146.299995634590       8.022776147856417E-002
   146.399995628653       8.022768272568336E-002
   146.499995622716       8.022760596995741E-002
   146.599995616780       8.022753116027188E-002
   146.699995610843       8.022745824677738E-002
   146.799995604906       8.022738718081840E-002
   146.899995598969       8.022731791500276E-002
   146.999995593032       8.022725040309316E-002
   147.099995587096       8.022718460002282E-002
   147.199995581159       8.022712046183747E-002
   147.299995575222       8.022705794572289E-002
   147.399995569285       8.022699700993950E-002
   147.499995563348       8.022693761378057E-002
   147.599995557411       8.022687971764168E-002
   147.699995551475       8.022682328287048E-002
   147.799995545538       8.022676827182534E-002
   147.899995539601       8.022671464787738E-002
   147.999995533664       8.022666237526570E-002
   148.099995527727       8.022661141921408E-002
   148.199995521791       8.022656174582687E-002
   148.299995515854       8.022651332211628E-002
   148.399995509917       8.022646611592407E-002
   148.499995503980       8.022642009597739E-002
   148.599995498043       8.022637523172611E-002
   148.699995492106       8.022633149352269E-002
   148.799995486170       8.022628885248745E-002
   148.899995480233       8.022624728042792E-002
   148.999995474296       8.022620674993758E-002
   149.099995468359       8.022616723439452E-002
   149.199995462422       8.022612870778573E-002
   149.299995456486       8.022609114476860E-002
   149.399995450549       8.022605452083502E-002
   149.499995444612       8.022601881187152E-002
   149.599995438675       8.022598399466577E-002
   149.699995432738       8.022595004638572E-002
   149.799995426802       8.022591694499817E-002
   149.899995420865       8.022588466888600E-002
   149.999995414928       8.022585319713298E-002
