   95.0999986742407       8.022482599406093E-002
   95.1999986683039       8.022482575365232E-002
   95.2999986623671       8.022482551322804E-002
   95.3999986564303       8.022482527278813E-002
   95.4999986504935       8.022482503233233E-002
   95.5999986445566       8.022482479186097E-002
   95.6999986386198       8.022482455137395E-002
   95.7999986326830       8.022482431087113E-002
   95.8999986267462       8.022482407035270E-002
   95.9999986208094       8.022482382981849E-002
   96.0999986148725       8.022482358926854E-002
   96.1999986089357       8.022482334870300E-002
   96.2999986029989       8.022482310812162E-002
   96.3999985970621       8.022482286752464E-002
   96.4999985911253       8.022482262691176E-002
   96.5999985851885       8.022482238628341E-002
   96.6999985792516       8.022482214563918E-002
   96.7999985733148       8.022482190497933E-002
   96.8999985673780       8.022482166430360E-002
   96.9999985614412       8.022482142361227E-002
   97.0999985555044       8.022482118290518E-002
   97.1999985495676       8.022482094218239E-002
   97.2999985436307       8.022482070144388E-002
   97.3999985376939       8.022482046068960E-002
   97.4999985317571       8.022482021991958E-002
   97.5999985258203       8.022481997913403E-002
   97.6999985198835       8.022481973833247E-002
   97.7999985139466       8.022481949751534E-002
   97.8999985080098       8.022481925668229E-002
   97.9999985020730       8.022481901583374E-002
   98.0999984961362       8.022481877496927E-002
   98.1999984901994       8.022481853408914E-002
   98.2999984842626       8.022481829319326E-002
   98.3999984783257       8.022481805228170E-002
   98.4999984723889       8.022481781135421E-002
   98.5999984664521       8.022481757041108E-002
   98.6999984605153       8.022481732945232E-002
   98.7999984545785       8.022481708847769E-002
   98.8999984486417       8.022481684748738E-002
   98.9999984427048       8.022481660648112E-002
   99.0999984367680       8.022481636545936E-002
   99.1999984308312       8.022481612442164E-002
   99.2999984248944       8.022481588336831E-002
   99.3999984189576       8.022481564229912E-002
   99.4999984130207       8.022481540121418E-002
   99.5999984070839       8.022481516011358E-002
   99.6999984011471       8.022481491899709E-002
   99.7999983952103       8.022481467786492E-002
   99.8999983892735       8.022481443671751E-002
   99.9999983833367       8.022481419555470E-002
   100.099998377400       8.333935876409712E-002
   100.199998371463       9.083868932527669E-002
   100.299998365526       0.102438417012520     
   100.399998359589       0.118796875034847     
   100.499998353653       0.141103941191135     
   100.599998347716       0.170835815984149     
   100.699998341779       0.209136895303926     
   100.799998335842       0.255589609631745     
   100.899998329905       0.306848695288801     
   100.999998323968       0.356605538389449     
   101.099998318032       0.397775744939855     
   101.199998312095       0.425418887581506     
   101.299998306158       0.438117364684407     
   101.399998300221       0.437397564864015     
   101.499998294284       0.426314795672926     
   101.599998288348       0.408226982222674     
   101.699998282411       0.386095040979618     
   101.799998276474       0.362222473220463     
   101.899998270537       0.338247216189157     
   101.999998264600       0.315241886052253     
   102.099998258663       0.293841985665558     
   102.199998252727       0.274365974780977     
   102.299998246790       0.256914777703347     
   102.399998240853       0.241448895108400     
   102.499998234916       0.227845315871473     
   102.599998228979       0.215937652873364     
   102.699998223043       0.205543073342201     
   102.799998217106       0.196479312181709     
   102.899998211169       0.188574580961444     
   102.999998205232       0.181672631738526     
   103.099998199295       0.175634687378680     
   103.199998193358       0.170339466781611     
   103.299998187422       0.165682143224426     
   103.399998181485       0.161572780696267     
   103.499998175548       0.157934585008257     
   103.599998169611       0.154702165849403     
   103.699998163674       0.151819914931253     
   103.799998157738       0.149240548817521     
   103.899998151801       0.146923831455650     
   103.999998145864       0.144835472599791     
   104.099998139927       0.142946188653371     
   104.199998133990       0.141230908297515     
   104.299998128054       0.139668104275398     
   104.399998122117       0.138239233422989     
   104.499998116180       0.136928268598039     
   104.599998110243       0.135721308050690     
   104.699998104306       0.134606249713014     
   104.799998098369       0.133572519709009     
   104.899998092433       0.132610846033299     
   104.999998086496       0.131713069789728     
   105.099998080559       0.130871987623549     
   105.199998074622       0.130081220036998     
   105.299998068685       0.129335101167986     
   105.399998062749       0.128628586357258     
   105.499998056812       0.127957174451725     
   105.599998050875       0.127316842309455     
   105.699998044938       0.126703989402945     
   105.799998039001       0.126115390775152     
   105.899998033064       0.125548156900134     
   105.999998027128       0.124999699248123     
   106.099998021191       0.124467700560861     
   106.199998015254       0.123950089014849     
   106.299998009317       0.123445015593737     
   106.399998003380       0.122950834111040     
   106.499997997444       0.122466083424384     
   106.599997991507       0.121989471466582     
   106.699997985570       0.121519860788647     
   106.799997979633       0.121056255368517     
   106.899997973696       0.120597788487829     
   106.999997967759       0.120143711519449     
   107.099997961823       0.119693383501766     
   107.199997955886       0.119246261403100     
   107.299997949949       0.118801891001607     
   107.399997944012       0.118359898323917     
   107.499997938075       0.117919981599742     
   107.599997932139       0.117481903700561     
   107.699997926202       0.117045485038818     
   107.799997920265       0.116610596910002     
   107.899997914328       0.116177155264183     
   107.999997908391       0.115745114896367     
   108.099997902454       0.115314464046466     
   108.199997896518       0.114885219400330     
   108.299997890581       0.114457421483147     
   108.399997884644       0.114031130435939     
   108.499997878707       0.113606422164905     
   108.599997872770       0.113183384852259     
   108.699997866834       0.112762115815900     
   108.799997860897       0.112342718704111     
   108.899997854960       0.111925301010227     
   108.999997849023       0.111509971891269     
   109.099997843086       0.111096840273608     
   109.199997837149       0.110686013228082     
   109.299997831213       0.110277594596467     
   109.399997825276       0.109871683851005     
   109.499997819339       0.109468375168482     
   109.599997813402       0.109067756700579     
   109.699997807465       0.108669910022433     
   109.799997801529       0.108274909741771     
   109.899997795592       0.107882823251598     
   109.999997789655       0.107493710610021     
   110.099997783718       0.107107624531645     
   110.199997777781       0.106724610475768     
   110.299997771844       0.106344706817517     
   110.399997765908       0.105967945089040     
   110.499997759971       0.105594350278746     
   110.599997754034       0.105223941177618     
   110.699997748097       0.104856730762561     
   110.799997742160       0.104492726607634     
   110.899997736224       0.104131931315046     
   110.999997730287       0.103774342958500     
   111.099997724350       0.103419955532437     
   111.199997718413       0.103068759401518     
   111.299997712476       0.102720741745300     
   111.399997706539       0.102375886993929     
   111.499997700603       0.102034177251162     
   111.599997694666       0.101695592701743     
   111.699997688729       0.101360112000603     
   111.799997682792       0.101027712641906     
   111.899997676855       0.100698371306399     
   111.999997670919       0.100372064185910     
   112.099997664982       0.100048767284185     
   112.199997659045       9.972845669364520E-002
   112.299997653108       9.941110884772035E-002
   112.399997647171       9.909670074911331E-002
   112.499997641234       9.878521017387318E-002
   112.599997635298       9.847661585195483E-002
   112.699997629361       9.817089762480366E-002
   112.799997623424       9.786803658067467E-002
   112.899997617487       9.756801516851324E-002
   112.999997611550       9.727081729130976E-002
   113.099997605614       9.697642837991288E-002
   113.199997599677       9.668483544830937E-002
   113.299997593740       9.639602713146977E-002
   113.399997587803       9.610999370676759E-002
   113.499997581866       9.582672710023146E-002
   113.599997575929       9.554622087853101E-002
   113.699997569993       9.526847022794334E-002
   113.799997564056       9.499347192131831E-002
   113.899997558119       9.472122427413049E-002
   113.999997552182       9.445172709064105E-002
   114.099997546245       9.418498160119451E-002
   114.199997540309       9.392099039161948E-002
   114.299997534372       9.365975732568765E-002
   114.399997528435       9.340128746152754E-002
   114.499997522498       9.314558696285638E-002
   114.599997516561       9.289266300592772E-002
   114.699997510624       9.264252368278886E-002
   114.799997504688       9.239517790186254E-002
   114.899997498751       9.215063528634146E-002
   114.999997492814       9.190890607115074E-002
   115.099997486877       9.167000099907718E-002
   115.199997480940       9.143393121664919E-002
   115.299997475004       9.120070817030003E-002
   115.399997469067       9.097034350332370E-002
   115.499997463130       9.074284895407199E-002
   115.599997457193       9.051823625582979E-002
   115.699997451256       9.029651703874658E-002
   115.799997445319       9.007770273418357E-002
   115.899997439383       8.986180448178629E-002
   115.999997433446       8.964883303958937E-002
   116.099997427509       8.943879869738001E-002
   116.199997421572       8.923171119357325E-002
   116.299997415635       8.902757963578188E-002
   116.399997409699       8.882641242525136E-002
   116.499997403762       8.862821718531569E-002
   116.599997397825       8.843300069395867E-002
   116.699997391888       8.824076882065619E-002
   116.799997385951       8.805152646746740E-002
   116.899997380014       8.786527751451814E-002
   116.999997374078       8.768202476985805E-002
   117.099997368141       8.750176992374233E-002
   117.199997362204       8.732451350731110E-002
   117.299997356267       8.715025485566691E-002
   117.399997350330       8.697899207531294E-002
   117.499997344394       8.681072201590893E-002
   117.599997338457       8.664544024628808E-002
   117.699997332520       8.648314103466496E-002
   117.799997326583       8.632381733295232E-002
   117.899997320646       8.616746076512338E-002
   117.999997314709       8.601406161945889E-002
   118.099997308773       8.586360884465745E-002
   118.199997302836       8.571609004963424E-002
   118.299997296899       8.557149150691318E-002
   118.399997290962       8.542979815948920E-002
   118.499997285025       8.529099363104099E-002
   118.599997279089       8.515506023926428E-002
   118.699997273152       8.502197901249711E-002
   118.799997267215       8.489172970894276E-002
   118.899997261278       8.476429083895315E-002
   118.999997255341       8.463963968985598E-002
   119.099997249404       8.451775235329599E-002
   119.199997243468       8.439860375490142E-002
   119.299997237531       8.428216768619866E-002
   119.399997231594       8.416841683856557E-002
   119.499997225657       8.405732283911710E-002
   119.599997219720       8.394885628834893E-002
   119.699997213784       8.384298679941679E-002
   119.799997207847       8.373968303890436E-002
   119.899997201910       8.363891276893284E-002
   119.999997195973       8.354064289046691E-002
   120.099997190036       8.344483948770756E-002
   120.199997184100       8.335146787340431E-002
   120.299997178163       8.326049263496964E-002
   120.399997172226       8.317187768126658E-002
   120.499997166289       8.308558628993226E-002
   120.599997160352       8.300158115515445E-002
   120.699997154415       8.291982443567771E-002
   120.799997148479       8.284027780305200E-002
   120.899997142542       8.276290248992897E-002
   120.999997136605       8.268765933828791E-002
   121.099997130668       8.261450884754283E-002
   121.199997124731       8.254341122235848E-002
   121.299997118795       8.247432642013212E-002
   121.399997112858       8.240721419800622E-002
   121.499997106921       8.234203415932041E-002
   121.599997100984       8.227874579944755E-002
   121.699997095047       8.221730855088978E-002
   121.799997089110       8.215768182757285E-002
   121.899997083174       8.209982506825819E-002
   121.999997077237       8.204369777899742E-002
   122.099997071300       8.198925957455960E-002
   122.199997065363       8.193647021877322E-002
   122.299997059426       8.188528966371453E-002
   122.399997053490       8.183567808768823E-002
   122.499997047553       8.178759593194920E-002
   122.599997041616       8.174100393612291E-002
   122.699997035679       8.169586317225765E-002
   122.799997029742       8.165213507752003E-002
   122.899997023805       8.160978148542905E-002
   122.999997017869       8.156876465566153E-002
   123.099997011932       8.152904730236310E-002
   123.199997005995       8.149059262096223E-002
   123.299997000058       8.145336431345616E-002
   123.399996994121       8.141732661217492E-002
   123.499996988185       8.138244430197872E-002
   123.599996982248       8.134868274093607E-002
   123.699996976311       8.131600787941783E-002
   123.799996970374       8.128438627766395E-002
   123.899996964437       8.125378512180356E-002
   123.999996958500       8.122417223832912E-002
   124.099996952564       8.119551610707355E-002
   124.199996946627       8.116778587266346E-002
   124.299996940690       8.114095135450054E-002
   124.399996934753       8.111498305528515E-002
   124.499996928816       8.108985216810022E-002
   124.599996922880       8.106553058210816E-002
   124.699996916943       8.104199088685583E-002
   124.799996911006       8.101920637526558E-002
   124.899996905069       8.099715104531485E-002
   124.999996899132       8.097579960047396E-002
   125.099996893195       8.095512744890812E-002
   125.199996887259       8.093511070152187E-002
   125.299996881322       8.091572616887882E-002
   125.399996875385       8.089695135703392E-002
   125.499996869448       8.087876446234364E-002
   125.599996863511       8.086114436528663E-002
   125.699996857575       8.084407062336540E-002
   125.799996851638       8.082752346312097E-002
   125.899996845701       8.081148377132724E-002
   125.999996839764       8.079593308541048E-002
   126.099996833827       8.078085358314331E-002
   126.199996827890       8.076622807167554E-002
   126.299996821954       8.075203997595654E-002
   126.399996816017       8.073827332657565E-002
   126.499996810080       8.072491274711303E-002
   126.599996804143       8.071194344102051E-002
   126.699996798206       8.069935117809596E-002
   126.799996792270       8.068712228059557E-002
   126.899996786333       8.067524360904900E-002
   126.999996780396       8.066370254779458E-002
   127.099996774459       8.065248699031943E-002
   127.199996768522       8.064158532441076E-002
   127.299996762585       8.063098641718931E-002
   127.399996756649       8.062067960006546E-002
   127.499996750712       8.061065465363232E-002
   127.599996744775       8.060090179257728E-002
   127.699996738838       8.059141165060434E-002
   127.799996732901       8.058217526543388E-002
   127.899996726965       8.057318406390707E-002
   127.999996721028       8.056442984721492E-002
   128.099996715091       8.055590477628663E-002
   128.199996709154       8.054760135737583E-002
   128.299996703217       8.053951242786068E-002
   128.399996697280       8.053163114227699E-002
   128.499996691344       8.052395095861635E-002
   128.599996685407       8.051646562490317E-002
   128.699996679470       8.050916916607470E-002
   128.799996673533       8.050205587117194E-002
   128.899996667596       8.049512028086279E-002
   128.999996661660       8.048835717530746E-002
   129.099996655723       8.048176156237496E-002
   129.199996649786       8.047532866622446E-002
   129.299996643849       8.046905391625847E-002
   129.399996637912       8.046293293644723E-002
   129.499996631975       8.045696153503748E-002
   129.599996626039       8.045113569464732E-002
   129.699996620102       8.044545156274036E-002
   129.799996614165       8.043990544249094E-002
   129.899996608228       8.043449378403279E-002
   129.999996602291       8.042921317609468E-002
   130.099996596355       8.042406033800631E-002
   130.199996590418       8.041903211209185E-002
   130.299996584481       8.041412545643034E-002
   130.399996578544       8.040933743797608E-002
   130.499996572607       8.040466522604371E-002
   130.599996566670       8.040010608614165E-002
   130.699996560734       8.039565737414928E-002
   130.799996554797       8.039131653082901E-002
   130.899996548860       8.038708107665773E-002
   130.999996542923       8.038294860697871E-002
   131.099996536986       8.037891678745988E-002
   131.199996531050       8.037498334984187E-002
   131.299996525113       8.037114608796829E-002
   131.399996519176       8.036740285409767E-002
   131.499996513239       8.036375155546946E-002
   131.599996507302       8.036019015112233E-002
   131.699996501365       8.035671664895293E-002
   131.799996495429       8.035332910300222E-002
   131.899996489492       8.035002561096033E-002
   131.999996483555       8.034680431187056E-002
   132.099996477618       8.034366338403386E-002
   132.199996471681       8.034060104309655E-002
   132.299996465745       8.033761554031010E-002
   132.399996459808       8.033470516094550E-002
   132.499996453871       8.033186822286803E-002
   132.599996447934       8.032910307525847E-002
   132.699996441997       8.032640809744815E-002
   132.799996436060       8.032378169788588E-002
   132.899996430124       8.032122231323030E-002
   132.999996424187       8.031872840751687E-002
   133.099996418250       8.031629847144736E-002
   133.199996412313       8.031393102175687E-002
   133.299996406376       8.031162460064568E-002
   133.399996400440       8.030937777531376E-002
   133.499996394503       8.030718913751921E-002
   133.599996388566       8.030505730323771E-002
   133.699996382629       8.030298091232738E-002
   133.799996376692       8.030095862828958E-002
   133.899996370756       8.029898913800723E-002
   133.999996364819       8.029707115158456E-002
   134.099996358882       8.029520340214646E-002
   134.199996352945       8.029338464573042E-002
   134.299996347008       8.029161366112543E-002
   134.399996341071       8.028988924980278E-002
   134.499996335135       8.028821023578538E-002
   134.599996329198       8.028657546557942E-002
   134.699996323261       8.028498380809176E-002
   134.799996317324       8.028343415452535E-002
   134.899996311387       8.028192541833477E-002
   134.999996305451       8.028045653510553E-002
   135.099996299514       8.027902646248541E-002
   135.199996293577       8.027763418009508E-002
   135.299996287640       8.027627868939283E-002
   135.399996281703       8.027495901360082E-002
   135.499996275766       8.027367419756838E-002
   135.599996269830       8.027242330761293E-002
   135.699996263893       8.027120543141063E-002
   135.799996257956       8.027001967783035E-002
   135.899996252019       8.026886517673278E-002
   135.999996246082       8.026774107881168E-002
   136.099996240146       8.026664655540795E-002
   136.199996234209       8.026558079826784E-002
   136.299996228272       8.026454301931686E-002
   136.399996222335       8.026353245045746E-002
   136.499996216398       8.026254834329949E-002
   136.599996210461       8.026158996888406E-002
   136.699996204525       8.026065661740897E-002
   136.799996198588       8.025974759798118E-002
   136.899996192651       8.025886223829536E-002
   136.999996186714       8.025799988431634E-002
   137.099996180777       8.025715989996222E-002
   137.199996174841       8.025634166681601E-002
   137.299996168904       8.025554458377752E-002
   137.399996162967       8.025476806671791E-002
   137.499996157030       8.025401154812470E-002
   137.599996151093       8.025327447676080E-002
   137.699996145156       8.025255631733617E-002
   137.799996139220       8.025185655012898E-002
   137.899996133283       8.025117467062413E-002
   137.999996127346       8.025051018914013E-002
   138.099996121409       8.024986263046238E-002
   138.199996115472       8.024923153350558E-002
   138.299996109536       8.024861645094103E-002
   138.399996103599       8.024801694881978E-002
   138.499996097662       8.024743260621617E-002
   138.599996091725       8.024686301484631E-002
   138.699996085788       8.024630777872105E-002
   138.799996079851       8.024576651379788E-002
   138.899996073915       8.024523884764176E-002
   138.999996067978       8.024472441905781E-002
   139.099996062041       8.024422287774825E-002
   139.199996056104       8.024373388397603E-002
   139.299996050167       8.024325710823059E-002
   139.399996044231       8.024279223088482E-002
   139.499996038294       8.024233894189814E-002
   139.599996032357       8.024189694051682E-002
   139.699996026420       8.024146593494179E-002
   139.799996020483       8.024104564203560E-002
   139.899996014546       8.024063578702434E-002
   139.999996008610       8.024023610322190E-002
   140.099996002673       8.023984633173270E-002
   140.199995996736       8.023946622119849E-002
   140.299995990799       8.023909552751915E-002
   140.399995984862       8.023873401361035E-002
   140.499995978926       8.023838144917989E-002
   140.599995972989       8.023803761046003E-002
   140.699995967052       8.023770227998266E-002
   140.799995961115       8.023737524636197E-002
   140.899995955178       8.023705630406255E-002
   140.999995949241       8.023674525321357E-002
   141.099995943305       8.023644189938341E-002
   141.199995937368       8.023614605341263E-002
   141.299995931431       8.023585753120895E-002
   141.399995925494       8.023557615357775E-002
   141.499995919557       8.023530174603791E-002
   141.599995913621       8.023503413868623E-002
   141.699995907684       8.023477316603804E-002
   141.799995901747       8.023451866686222E-002
   141.899995895810       8.023427048403632E-002
   141.999995889873       8.023402846442046E-002
   142.099995883936       8.023379245870343E-002
   142.199995878000       8.023356232130191E-002
   142.299995872063       8.023333791022103E-002
   142.399995866126       8.023311908695700E-002
   142.499995860189       8.023290571636829E-002
   142.599995854252       8.023269766658575E-002
   142.699995848316       8.023249480890535E-002
   142.799995842379       8.023229701770609E-002
   142.899995836442       8.023210417033259E-002
   142.999995830505       8.023191614702556E-002
   143.099995824568       8.023173283084298E-002
   143.199995818631       8.023155410757191E-002
   143.299995812695       8.023137986567110E-002
   143.399995806758       8.023120999618862E-002
   143.499995800821       8.023104439270166E-002
   143.599995794884       8.023088295122471E-002
   143.699995788947       8.023072557017384E-002
   143.799995783011       8.023057215030163E-002
   143.899995777074       8.023042259461682E-002
   143.999995771137       8.023027680836946E-002
   144.099995765200       8.023013469896555E-002
   144.199995759263       8.022999617592302E-002
   144.299995753326       8.022986115085376E-002
   144.399995747390       8.022972953736908E-002
   144.499995741453       8.022960125105931E-002
   144.599995735516       8.022947620946042E-002
   144.699995729579       8.022935433200346E-002
   144.799995723642       8.022923553995856E-002
   144.899995717706       8.022911975643143E-002
   144.999995711769       8.022900690629788E-002
   145.099995705832       8.022889691615802E-002
   145.199995699895       8.022878971434906E-002
   145.299995693958       8.022868523084192E-002
   145.399995688021       8.022858339728045E-002
   145.499995682085       8.022848414688964E-002
   145.599995676148       8.022838741448288E-002
   145.699995670211       8.022829313638132E-002
   145.799995664274       8.022820125048023E-002
   145.899995658337       8.022811169606453E-002
   145.999995652401       8.022802441396396E-002
   146.099995646464       8.022793934634963E-002
   146.199995640527       8.022785643685933E-002
   146.299995634590       8.022777563047766E-002
   146.399995628653       8.022769687349576E-002
   146.499995622716       8.022762011356613E-002
   146.599995616780       8.022754529961147E-002
   146.699995610843       8.022747238178451E-002
   146.799995604906       8.022740131148554E-002
   146.899995598969       8.022733204133199E-002
   146.999995593032       8.022726452512476E-002
   147.099995587096       8.022719871779480E-002
   147.199995581159       8.022713457545852E-002
   147.299995575222       8.022707205526761E-002
   147.399995569285       8.022701111552927E-002
   147.499995563348       8.022695171555386E-002
   147.599995557411       8.022689381572999E-002
   147.699995551475       8.022683737742811E-002
   147.799995545538       8.022678236302742E-002
   147.899995539601       8.022672873587688E-002
   147.999995533664       8.022667646025727E-002
   148.099995527727       8.022662550136911E-002
   148.199995521791       8.022657582535286E-002
   148.299995515854       8.022652739919631E-002
   148.399995509917       8.022648019076474E-002
   148.499995503980       8.022643416875749E-002
   148.599995498043       8.022638930265508E-002
   148.699995492106       8.022634556279210E-002
   148.799995486170       8.022630292028901E-002
   148.899995480233       8.022626134695164E-002
   148.999995474296       8.022622081537063E-002
   149.099995468359       8.022618129891269E-002
   149.199995462422       8.022614277157412E-002
   149.299995456486       8.022610520800355E-002
   149.399995450549       8.022606858367808E-002
   149.499995444612       8.022603287448564E-002
   149.599995438675       8.022599805720566E-002
   149.699995432738       8.022596410900174E-002
   149.799995426802       8.022593100783100E-002
   149.899995420865       8.022589873207153E-002
   149.999995414928       8.022586726079881E-002
