   95.0999986742407        7641.69512328353     
   95.1999986683039        7641.69512322777     
   95.2999986623671        7641.69512317204     
   95.3999986564303        7641.69512311620     
   95.4999986504935        7641.69512306041     
   95.5999986445566        7641.69512300470     
   95.6999986386198        7641.69512294880     
   95.7999986326830        7641.69512289306     
   95.8999986267462        7641.69512283729     
   95.9999986208094        7641.69512278144     
   96.0999986148725        7641.69512272571     
   96.1999986089357        7641.69512266980     
   96.2999986029989        7641.69512261406     
   96.3999985970621        7641.69512255816     
   96.4999985911253        7641.69512250241     
   96.5999985851885        7641.69512244651     
   96.6999985792516        7641.69512239077     
   96.7999985733148        7641.69512233485     
   96.8999985673780        7641.69512227905     
   96.9999985614412        7641.69512222320     
   97.0999985555044        7641.69512216729     
   97.1999985495676        7641.69512211155     
   97.2999985436307        7641.69512205562     
   97.3999985376939        7641.69512199983     
   97.4999985317571        7641.69512194396     
   97.5999985258203        7641.69512188803     
   97.6999985198835        7641.69512183222     
   97.7999985139466        7641.69512177637     
   97.8999985080098        7641.69512172042     
   97.9999985020730        7641.69512166452     
   98.0999984961362        7641.69512160876     
   98.1999984901994        7641.69512155281     
   98.2999984842626        7641.69512149689     
   98.3999984783257        7641.69512144096     
   98.4999984723889        7641.69512138520     
   98.5999984664521        7641.69512132927     
   98.6999984605153        7641.69512127334     
   98.7999984545785        7641.69512121740     
   98.8999984486417        7641.69512116146     
   98.9999984427048        7641.69512110554     
   99.0999984367680        7641.69512104966     
   99.1999984308312        7641.69512099382     
   99.2999984248944        7641.69512093787     
   99.3999984189576        7641.69512088194     
   99.4999984130207        7641.69512082599     
   99.5999984070839        7641.69512077004     
   99.6999984011471        7641.69512071410     
   99.7999983952103        7641.69512065814     
   99.8999983892735        7641.69512060220     
   99.9999983833367        7641.69512054626     
   100.099998377400        7689.46392581049     
   100.199998371463        7726.84128675086     
   100.299998365526        7758.47755965775     
   100.399998359589        7788.13460597848     
   100.499998353653        7817.11335828711     
   100.599998347716        7846.15536645219     
   100.699998341779        7875.79983791080     
   100.799998335842        7906.35494392299     
   100.899998329905        7937.82605839581     
   100.999998323968        7969.97266762064     
   101.099998318032        8002.46191380730     
   101.199998312095        8034.99855848073     
   101.299998306158        8067.38139550773     
   101.399998300221        8099.50425895319     
   101.499998294284        8131.33296818465     
   101.599998288348        8162.87856382939     
   101.699998282411        8194.17550188052     
   101.799998276474        8225.26669371703     
   101.899998270537        8256.19449209398     
   101.999998264600        8286.99609546046     
   102.099998258663        8317.70204363802     
   102.199998252727        8348.33679257270     
   102.299998246790        8378.92050510383     
   102.399998240853        8409.47118441705     
   102.499998234916        8440.00629788734     
   102.599998228979        8470.54330043334     
   102.699998223043        8501.09897415848     
   102.799998217106        8531.68800545295     
   102.899998211169        8562.32144200209     
   102.999998205232        8593.00555483761     
   103.099998199295        8623.74133978394     
   103.199998193358        8654.52462756145     
   103.299998187422        8685.34662878072     
   103.399998181485        8716.19471194482     
   103.499998175548        8747.05324958636     
   103.599998169611        8777.90442440142     
   103.699998163674        8808.72893825959     
   103.799998157738        8839.50660317203     
   103.899998151801        8870.21681530561     
   103.999998145864        8900.83892416382     
   104.099998139927        8931.35251323142     
   104.199998133990        8961.73760861146     
   104.299998128054        8991.97483055097     
   104.399998122117        9022.04550040362     
   104.499998116180        9051.93171321707     
   104.599998110243        9081.61638399081     
   104.699998104306        9111.08327388403     
   104.799998098369        9140.31700121536     
   104.899998092433        9169.30304098409     
   104.999998086496        9198.02771577944     
   105.099998080559        9226.47818028429     
   105.199998074622        9254.64240107235     
   105.299998068685        9282.50913301805     
   105.399998062749        9310.06789333807     
   105.499998056812        9337.30893406479     
   105.599998050875        9364.22321356058     
   105.699998044938        9390.80236756536     
   105.799998039001        9417.03868013927     
   105.899998033064        9442.92505480101     
   105.999998027128        9468.45498607272     
   106.099998021191        9493.62253160682     
   106.199998015254        9518.42228501758     
   106.299998009317        9542.84934950713     
   106.399998003380        9566.89931235350     
   106.499997997444        9590.56822030105     
   106.599997991507        9613.85255587882     
   106.699997985570        9636.74921466007     
   106.799997979633        9659.25548346171     
   106.899997973696        9681.36901947974     
   106.999997967759        9703.08783034328     
   107.099997961823        9724.41025507149     
   107.199997955886        9745.33494591050     
   107.299997949949        9765.86085102549     
   107.399997944012        9785.98719802033     
   107.499997938075        9805.71347825944     
   107.599997932139        9825.03943196179     
   107.699997926202        9843.96503403947     
   107.799997920265        9862.49048065192     
   107.899997914328        9880.61617644777     
   107.999997908391        9898.34272246688     
   108.099997902454        9915.67090467647     
   108.199997896518        9932.60168311339     
   108.299997890581        9949.13618160999     
   108.399997884644        9965.27567807492     
   108.499997878707        9981.02159531159     
   108.599997872770        9996.37549234444     
   108.699997866834        10011.3390562361     
   108.799997860897        10025.9140943741     
   108.899997854960        10040.1025272028     
   108.999997849023        10053.9063813879     
   109.099997843086        10067.3277833885     
   109.199997837149        10080.3689534234     
   109.299997831213        10093.0321998117     
   109.399997825276        10105.3199136716     
   109.499997819339        10117.2345639631     
   109.599997813402        10128.7786928563     
   109.699997807465        10139.9549114145     
   109.799997801529        10150.7658955730     
   109.899997795592        10161.2143824003     
   109.999997789655        10171.3031666371     
   110.099997783718        10181.0350974848     
   110.199997777781        10190.4130756422     
   110.299997771844        10199.4400505740     
   110.399997765908        10208.1190180013     
   110.499997759971        10216.4530175971     
   110.599997754034        10224.4451308826     
   110.699997748097        10232.0984793071     
   110.799997742160        10239.4162225032     
   110.899997736224        10246.4015567069     
   110.999997730287        10253.0577133308     
   111.099997724350        10259.3879576819     
   111.199997718413        10265.3955878105     
   111.299997712476        10271.0839334856     
   111.399997706539        10276.4563552821     
   111.499997700603        10281.5162437734     
   111.599997694666        10286.2670188184     
   111.699997688729        10290.7121289374     
   111.799997682792        10294.8550507595     
   111.899997676855        10298.6992885470     
   111.999997670919        10302.2483737727     
   112.099997664982        10305.5058647526     
   112.199997659045        10308.4753463223     
   112.299997653108        10311.1604295489     
   112.399997647171        10313.5647514723     
   112.499997641234        10315.6919748659     
   112.599997635298        10317.5457880149     
   112.699997629361        10319.1299044984     
   112.799997623424        10320.4480629745     
   112.899997617487        10321.5040269591     
   112.999997611550        10322.3015845912     
   113.099997605614        10322.8445483857     
   113.199997599677        10323.1367549589     
   113.299997593740        10323.1820647276     
   113.399997587803        10322.9843615761     
   113.499997581866        10322.5475524850     
   113.599997575929        10321.8755671192     
   113.699997569993        10320.9723573713     
   113.799997564056        10319.8418968557     
   113.899997558119        10318.4881803495     
   113.999997552182        10316.9152231816     
   114.099997546245        10315.1270605622     
   114.199997540309        10313.1277468559     
   114.299997534372        10310.9213547901     
   114.399997528435        10308.5119746059     
   114.499997522498        10305.9037131422     
   114.599997516561        10303.1006928568     
   114.699997510624        10300.1070507843     
   114.799997504688        10296.9269374295     
   114.899997498751        10293.5645155963     
   114.999997492814        10290.0239591533     
   115.099997486877        10286.3094517406     
   115.199997480940        10282.4251854105     
   115.299997475004        10278.3753592144     
   115.399997469067        10274.1641777297     
   115.499997463130        10269.7958495312     
   115.599997457193        10265.2745856128     
   115.699997451256        10260.6045977575     
   115.799997445319        10255.7900968606     
   115.899997439383        10250.8352912093     
   115.999997433446        10245.7443847237     
   116.099997427509        10240.5215751589     
   116.199997421572        10235.1710522744     
   116.299997415635        10229.6969959753     
   116.399997409699        10224.1035744277     
   116.499997403762        10218.3949421523     
   116.599997397825        10212.5752381024     
   116.699997391888        10206.6485837273     
   116.799997385951        10200.6190810279     
   116.899997380014        10194.4908106084     
   116.999997374078        10188.2678297278     
   117.099997368141        10181.9541703557     
   117.199997362204        10175.5538372363     
   117.299997356267        10169.0708059647     
   117.399997350330        10162.5090210833     
   117.499997344394        10155.8723941947     
   117.599997338457        10149.1648021030     
   117.699997332520        10142.3900849835     
   117.799997326583        10135.5520445834     
   117.899997320646        10128.6544424611     
   117.999997314709        10121.7009982647     
   118.099997308773        10114.6953880530     
   118.199997302836        10107.6412426643     
   118.299997296899        10100.5421461338     
   118.399997290962        10093.4016341630     
   118.499997285025        10086.2231926460     
   118.599997279089        10079.0102562507     
   118.699997273152        10071.7662070614     
   118.799997267215        10064.4943732834     
   118.899997261278        10057.1980280105     
   118.999997255341        10049.8803880575     
   119.099997249404        10042.5446128617     
   119.199997243468        10035.1938034499     
   119.299997237531        10027.8310014758     
   119.399997231594        10020.4591883280     
   119.499997225657        10013.0812843080     
   119.599997219720        10005.7001478789     
   119.699997213784        9998.31857500963     
   119.799997207847        9990.93929847634     
   119.899997201910        9983.56498746307     
   119.999997195973        9976.19824700489     
   120.099997190036        9934.98068441175     
   120.199997184100        9885.96681180320     
   120.299997178163        9832.31682252787     
   120.399997172226        9773.71412171134     
   120.499997166289        9710.17260658950     
   120.599997160352        9641.97045724457     
   120.699997154415        9569.57962431524     
   120.799997148479        9493.60769669378     
   120.899997142542        9414.75029543230     
   120.999997136605        9333.75270140743     
   121.099997130668        9251.38093234755     
   121.199997124731        9168.40575382078     
   121.299997118795        9085.60488919526     
   121.399997112858        9003.76654400221     
   121.499997106921        8923.62925182838     
   121.599997100984        8845.76902225226     
   121.699997095047        8770.57513922763     
   121.799997089110        8698.31658793464     
   121.899997083174        8629.19949189472     
   121.999997077237        8563.38760682132     
   122.099997071300        8501.00113501713     
   122.199997065363        8442.10948193208     
   122.299997059426        8386.72708358070     
   122.399997053490        8334.81525701567     
   122.499997047553        8286.28902303219     
   122.599997041616        8241.02660536954     
   122.699997035679        8198.87957734308     
   122.799997029742        8159.68230452361     
   122.899997023805        8123.25997564686     
   122.999997017869        8089.43498769467     
   123.099997011932        8058.03174014065     
   123.199997005995        8028.88003732909     
   123.299997000058        8001.81734839845     
   123.399996994121        7976.69017265006     
   123.499996988185        7953.35473170190     
   123.599996982248        7931.67717388992     
   123.699996976311        7911.53343950969     
   123.799996970374        7892.80890184525     
   123.899996964437        7875.39787017103     
   123.999996958500        7859.20301746227     
   124.099996952564        7844.13477708298     
   124.199996946627        7830.11073859424     
   124.299996940690        7817.05506230124     
   124.399996934753        7804.89792452538     
   124.499996928816        7793.57500012735     
   124.599996922880        7783.02698514452     
   124.699996916943        7773.19915984656     
   124.799996911006        7764.04099097201     
   124.899996905069        7755.50577094302     
   124.999996899132        7747.55029135439     
   125.099996893195        7740.13454782384     
   125.199996887259        7733.22147327728     
   125.299996881322        7726.77669685419     
   125.399996875385        7720.76832579256     
   125.499996869448        7715.16674786885     
   125.599996863511        7709.94445219638     
   125.699996857575        7705.07586641003     
   125.799996851638        7700.53720847763     
   125.899996845701        7696.30635158106     
   125.999996839764        7692.36270068879     
   126.099996833827        7688.68707960227     
   126.199996827890        7685.26162740926     
   126.299996821954        7682.06970339569     
   126.399996816017        7679.09579958807     
   126.499996810080        7676.32546019034     
   126.599996804143        7673.74520726565     
   126.699996798206        7671.34247209225     
   126.799996792270        7669.10553167747     
   126.899996786333        7667.02344998106     
   126.999996780396        7665.08602344358     
   127.099996774459        7663.28373045266     
   127.199996768522        7661.60768442758     
   127.299996762585        7660.04959022853     
   127.399996756649        7658.60170362815     
   127.499996750712        7657.25679360520     
   127.599996744775        7656.00810724834     
   127.699996738838        7654.84933707285     
   127.799996732901        7653.77459057107     
   127.899996726965        7652.77836183722     
   127.999996721028        7651.85550511457     
   128.099996715091        7651.00121013507     
   128.199996709154        7650.21097911989     
   128.299996703217        7649.48060533429     
   128.399996697280        7648.80615308797     
   128.499996691344        7648.18393908671     
   128.599996685407        7647.61051504690     
   128.699996679470        7647.08265148853     
   128.799996673533        7646.59732264055     
   128.899996667596        7646.15169237779     
   128.999996661660        7645.74310113493     
   129.099996655723        7645.36905373345     
   129.199996649786        7645.02720806979     
   129.299996643849        7644.71536461027     
   129.399996637912        7644.43145665127     
   129.499996631975        7644.17354129525     
   129.599996626039        7643.93979109672     
   129.699996620102        7643.72848635856     
   129.799996614165        7643.53800800322     
   129.899996608228        7643.36683103575     
   129.999996602291        7643.21351851517     
   130.099996596355        7643.07671603468     
   130.199996590418        7642.95514665122     
   130.299996584481        7642.84760626889     
   130.399996578544        7642.75295940488     
   130.499996572607        7642.67013533920     
   130.599996566670        7642.59812461007     
   130.699996560734        7642.53597581974     
   130.799996554797        7642.48279272592     
   130.899996548860        7642.43773159812     
   130.999996542923        7642.39999880508     
   131.099996536986        7642.36884860892     
   131.199996531050        7642.34358114148     
   131.299996525113        7642.32354053924     
   131.399996519176        7642.30811321354     
   131.499996513239        7642.29672623555     
   131.599996507302        7642.28884581590     
   131.699996501365        7642.28397586111     
   131.799996495429        7642.28165658994     
   131.899996489492        7642.28146319373     
   131.999996483555        7642.28300452637     
   132.099996477618        7642.28592183352     
   132.199996471681        7642.28988747765     
   132.299996465745        7642.29460365837     
   132.399996459808        7642.29980117156     
   132.499996453871        7642.30523813720     
   132.599996447934        7642.31069868515     
   132.699996441997        7642.31599183469     
   132.799996436060        7642.32094997531     
   132.899996430124        7642.32542775709     
   132.999996424187        7642.32930074646     
   133.099996418250        7642.33246414271     
   133.199996412313        7642.33483153422     
   133.299996406376        7642.33633357551     
   133.399996400440        7642.33691679697     
   133.499996394503        7642.33654234517     
   133.599996388566        7642.33518475699     
   133.699996382629        7642.33283082913     
   133.799996376692        7642.32947845067     
   133.899996370756        7642.32513548111     
   133.999996364819        7642.31981869230     
   134.099996358882        7642.31355278222     
   134.199996352945        7642.30636934939     
   134.299996347008        7642.29830597315     
   134.399996341071        7642.28940534594     
   134.499996335135        7642.27971446870     
   134.599996329198        7642.26928383392     
   134.699996323261        7642.25816671472     
   134.799996317324        7642.24641849285     
   134.899996311387        7642.23409607579     
   134.999996305451        7642.22125728242     
   135.099996299514        7642.20796033709     
   135.199996293577        7642.19426339044     
   135.299996287640        7642.18022414035     
   135.399996281703        7642.16589941201     
   135.499996275766        7642.15134482895     
   135.599996269830        7642.13661451063     
   135.699996263893        7642.12176084952     
   135.799996257956        7642.10683427895     
   135.899996252019        7642.09188306970     
   135.999996246082        7642.07695319452     
   136.099996240146        7642.06208818730     
   136.199996234209        7642.04732909786     
   136.299996228272        7642.03271436882     
   136.399996222335        7642.01827980492     
   136.499996216398        7642.00405854339     
   136.599996210461        7641.99008108712     
   136.699996204525        7641.97637527135     
   136.799996198588        7641.96296630221     
   136.899996192651        7641.94987678824     
   136.999996186714        7641.93712683059     
   137.099996180777        7641.92473406186     
   137.199996174841        7641.91271371163     
   137.299996168904        7641.90107868990     
   137.399996162967        7641.88983967848     
   137.499996157030        7641.87900525478     
   137.599996151093        7641.86858194473     
   137.699996145156        7641.85857434014     
   137.799996139220        7641.84898519257     
   137.899996133283        7641.83981554285     
   137.999996127346        7641.83106482797     
   138.099996121409        7641.82273096155     
   138.199996115472        7641.81481045509     
   138.299996109536        7641.80729851379     
   138.399996103599        7641.80018915745     
   138.499996097662        7641.79347533614     
   138.599996091725        7641.78714899746     
   138.699996085788        7641.78120119912     
   138.799996079851        7641.77562220406     
   138.899996073915        7641.77040156280     
   138.999996067978        7641.76552823731     
   139.099996062041        7641.76099066417     
   139.199996056104        7641.75677682787     
   139.299996050167        7641.75287435068     
   139.399996044231        7641.74927056539     
   139.499996038294        7641.74595257987     
   139.599996032357        7641.74290735259     
   139.699996026420        7641.74012177792     
   139.799996020483        7641.73758270813     
   139.899996014546        7641.73527702214     
   139.999996008610        7641.73319167912     
   140.099996002673        7641.73131376527     
   140.199995996736        7641.72963053706     
   140.299995990799        7641.72812945356     
   140.399995984862        7641.72679822900     
   140.499995978926        7641.72562487491     
   140.599995972989        7641.72459769982     
   140.699995967052        7641.72370534749     
   140.799995961115        7641.72293682166     
   140.899995955178        7641.72228150542     
   140.999995949241        7641.72172917724     
   141.099995943305        7641.72127002717     
   141.199995937368        7641.72089466358     
   141.299995931431        7641.72059411828     
   141.399995925494        7641.72035986539     
   141.499995919557        7641.72018382819     
   141.599995913621        7641.72005837065     
   141.699995907684        7641.71997628839     
   141.799995901747        7641.71993081858     
   141.899995895810        7641.71991563434     
   141.999995889873        7641.71992483362     
   142.099995883936        7641.71995294816     
   142.199995878000        7641.71999491733     
   142.299995872063        7641.72004606719     
   142.399995866126        7641.72010217818     
   142.499995860189        7641.72015930972     
   142.599995854252        7641.72021398446     
   142.699995848316        7641.72026300288     
   142.799995842379        7641.72030358592     
   142.899995836442        7641.72033323782     
   142.999995830505        7641.72034978435     
   143.099995824568        7641.72035135834     
   143.199995818631        7641.72033637158     
   143.299995812695        7641.72030350127     
   143.399995806758        7641.72025166650     
   143.499995800821        7641.72018003682     
   143.599995794884        7641.72008800087     
   143.699995788947        7641.71997514093     
   143.799995783011        7641.71984124079     
   143.899995777074        7641.71968626089     
   143.999995771137        7641.71951031889     
   144.099995765200        7641.71931368365     
   144.199995759263        7641.71909674832     
   144.299995753326        7641.71886002969     
   144.399995747390        7641.71860416976     
   144.499995741453        7641.71832987929     
   144.599995735516        7641.71803796480     
   144.699995729579        7641.71772930636     
   144.799995723642        7641.71740484227     
   144.899995717706        7641.71706556433     
   144.999995711769        7641.71671250420     
   145.099995705832        7641.71634671448     
   145.199995699895        7641.71596929030     
   145.299995693958        7641.71558133316     
   145.399995688021        7641.71518395531     
   145.499995682085        7641.71477825821     
   145.599995676148        7641.71436536325     
   145.699995670211        7641.71394633414     
   145.799995664274        7641.71352227341     
   145.899995658337        7641.71309423508     
   145.999995652401        7641.71266320095     
   146.099995646464        7641.71223024756     
   146.199995640527        7641.71179641859     
   146.299995634590        7641.71136258961     
   146.399995628653        7641.71092940197     
   146.499995622716        7641.71049801480     
   146.599995616780        7641.71006910038     
   146.699995610843        7641.70964346679     
   146.799995604906        7641.70922183573     
   146.899995598969        7641.70880487545     
   146.999995593032        7641.70839322726     
   147.099995587096        7641.70798748539     
   147.199995581159        7641.70758816293     
   147.299995575222        7641.70719575378     
   147.399995569285        7641.70681072576     
   147.499995563348        7641.70643344183     
   147.599995557411        7641.70606428833     
   147.699995551475        7641.70570356607     
   147.799995545538        7641.70535154014     
   147.899995539601        7641.70500844489     
   147.999995533664        7641.70467447440     
   148.099995527727        7641.70434977546     
   148.199995521791        7641.70403445748     
   148.299995515854        7641.70372863205     
   148.399995509917        7641.70343230948     
   148.499995503980        7641.70314554215     
   148.599995498043        7641.70286828684     
   148.699995492106        7641.70260053053     
   148.799995486170        7641.70234219617     
   148.899995480233        7641.70209319124     
   148.999995474296        7641.70185341011     
   149.099995468359        7641.70162272808     
   149.199995462422        7641.70140099146     
   149.299995456486        7641.70118801713     
   149.399995450549        7641.70098365392     
   149.499995444612        7641.70078768175     
   149.599995438675        7641.70059989928     
   149.699995432738        7641.70042008436     
   149.799995426802        7641.70024802922     
   149.899995420865        7641.70008348017     
   149.999995414928        7641.69992620002     
