   95.0999986742407       0.702248263255859     
   95.1999986683039       0.702248260851773     
   95.2999986623671       0.702248258447530     
   95.3999986564303       0.702248256043131     
   95.4999986504935       0.702248253638573     
   95.5999986445566       0.702248251233859     
   95.6999986386198       0.702248248828989     
   95.7999986326830       0.702248246423961     
   95.8999986267462       0.702248244018776     
   95.9999986208094       0.702248241613434     
   96.0999986148725       0.702248239207935     
   96.1999986089357       0.702248236802279     
   96.2999986029989       0.702248234396465     
   96.3999985970621       0.702248231990496     
   96.4999985911253       0.702248229584367     
   96.5999985851885       0.702248227178083     
   96.6999985792516       0.702248224771641     
   96.7999985733148       0.702248222365043     
   96.8999985673780       0.702248219958285     
   96.9999985614412       0.702248217551372     
   97.0999985555044       0.702248215144301     
   97.1999985495676       0.702248212737073     
   97.2999985436307       0.702248210329688     
   97.3999985376939       0.702248207922145     
   97.4999985317571       0.702248205514445     
   97.5999985258203       0.702248203106590     
   97.6999985198835       0.702248200698574     
   97.7999985139466       0.702248198290403     
   97.8999985080098       0.702248195882072     
   97.9999985020730       0.702248193473587     
   98.0999984961362       0.702248191064942     
   98.1999984901994       0.702248188656141     
   98.2999984842626       0.702248186247182     
   98.3999984783257       0.702248183838066     
   98.4999984723889       0.702248181428792     
   98.5999984664521       0.702248179019360     
   98.6999984605153       0.702248176609772     
   98.7999984545785       0.702248174200026     
   98.8999984486417       0.702248171790123     
   98.9999984427048       0.702248169380061     
   99.0999984367680       0.702248166969843     
   99.1999984308312       0.702248164559466     
   99.2999984248944       0.702248162148932     
   99.3999984189576       0.702248159738240     
   99.4999984130207       0.702248157327391     
   99.5999984070839       0.702248154916385     
   99.6999984011471       0.702248152505220     
   99.7999983952103       0.702248150093899     
   99.8999983892735       0.702248147682424     
   99.9999983833367       0.702248145270796     
   100.099998377400       0.712148038647229     
   100.199998371463       0.760963244859335     
   100.299998365526       0.869624996462162     
   100.399998359589        1.06235853240834     
   100.499998353653        1.37398891319200     
   100.599998347716        1.84845432631360     
   100.699998341779        2.51796579551632     
   100.799998335842        3.36353868478934     
   100.899998329905        4.29718094950787     
   100.999998323968        5.20011256879515     
   101.099998318032        5.98146854608067     
   101.199998312095        6.60616763889051     
   101.299998306158        7.08677593598488     
   101.399998300221        7.46129465446425     
   101.499998294284        7.77393081407284     
   101.599998288348        8.06403676308546     
   101.699998282411        8.36187576468937     
   101.799998276474        8.68836399001575     
   101.899998270537        9.05654083078850     
   101.999998264600        9.47346987998267     
   102.099998258663        9.94197756307480     
   102.199998252727        10.4620366678661     
   102.299998246790        11.0317890558117     
   102.399998240853        11.6482694177014     
   102.499998234916        12.3079027889331     
   102.599998228979        13.0068378295464     
   102.699998223043        13.7411629473597     
   102.799998217106        14.5070400257731     
   102.899998211169        15.3007818228944     
   102.999998205232        16.1188927131856     
   103.099998199295        16.9580870801650     
   103.199998193358        17.8152949800959     
   103.299998187422        18.6876609025270     
   103.399998181485        19.5725387701904     
   103.499998175548        20.4674846981621     
   103.599998169611        21.3702482132766     
   103.699998163674        22.2787623105718     
   103.799998157738        23.1911326432765     
   103.899998151801        24.1056261469645     
   103.999998145864        25.0206594075190     
   104.099998139927        25.9347870681672     
   104.199998133990        26.8466905322741     
   104.299998128054        27.7551671648143     
   104.399998122117        28.6591201368538     
   104.499998116180        29.5575490021741     
   104.599998110243        30.4495410477937     
   104.699998104306        31.3342634227826     
   104.799998098369        32.2109560223643     
   104.899998092433        33.0789250856824     
   104.999998086496        33.9375374544881     
   105.099998080559        34.7862154343942     
   105.199998074622        35.6244321989573     
   105.299998068685        36.4517076782608     
   105.399998062749        37.2676048769523     
   105.499998056812        38.0717265710030     
   105.599998050875        38.8637123372603     
   105.699998044938        39.6432358747912     
   105.799998039001        40.4100025817886     
   105.899998033064        41.1637473563099     
   105.999998027128        41.9042325932298     
   106.099998021191        42.6312463534752     
   106.199998015254        43.3446006848829     
   106.299998009317        44.0441300769292     
   106.399998003380        44.7296900340625     
   106.499997997444        45.4011557545361     
   106.599997991507        46.0584209035293     
   106.699997985570        46.7013964709305     
   106.799997979633        47.3300097054468     
   106.899997973696        47.9442031180343     
   106.999997967759        48.5439335484265     
   107.099997961823        49.1291712895069     
   107.199997955886        49.6998992649140     
   107.299997949949        50.2561122558793     
   107.399997944012        50.7978161737960     
   107.499997938075        51.3250273754295     
   107.599997932139        51.8377720180420     
   107.699997926202        52.3360854519975     
   107.799997920265        52.8200116486703     
   107.899997914328        53.2896026616733     
   107.999997908391        53.7449181196047     
   108.099997902454        54.1860247487821     
   108.199997896518        54.6129959241090     
   108.299997890581        55.0259112471705     
   108.399997884644        55.4248561497933     
   108.499997878707        55.8099215220381     
   108.599997872770        56.1812033634035     
   108.699997866834        56.5388024561086     
   108.799997860897        56.8828240593960     
   108.899997854960        57.2133776238101     
   108.999997849023        57.5305765244924     
   109.099997843086        57.8345378124810     
   109.199997837149        58.1253819831322     
   109.299997831213        58.4032327607612     
   109.399997825276        58.6682168986016     
   109.499997819339        58.9204639932571     
   109.599997813402        59.1601063128083     
   109.699997807465        59.3872786377690     
   109.799997801529        59.6021181141053     
   109.899997795592        59.8047641175525     
   109.999997789655        59.9953581284851     
   110.099997783718        60.1740436166029     
   110.199997777781        60.3409659347322     
   110.299997771844        60.4962722210643     
   110.399997765908        60.6401113091260     
   110.499997759971        60.7726336448692     
   110.599997754034        60.8939912102297     
   110.699997748097        61.0043374525271     
   110.799997742160        61.1038272191578     
   110.899997736224        61.1926166969499     
   110.999997730287        61.2708633556983     
   111.099997724350        61.3387258952648     
   111.199997718413        61.3963641958108     
   111.299997712476        61.4439392706322     
   111.399997706539        61.4816132211409     
   111.499997700603        61.5095491935441     
   111.599997694666        61.5279113368062     
   111.699997688729        61.5368647614850     
   111.799997682792        61.5365754991014     
   111.899997676855        61.5272104616166     
   111.999997670919        61.5089374007698     
   112.099997664982        61.4819248669315     
   112.199997659045        61.4463421671861     
   112.299997653108        61.4023593224097     
   112.399997647171        61.3501470230935     
   112.499997641234        61.2898765837170     
   112.599997635298        61.2217198954873     
   112.699997629361        61.1458493772655     
   112.799997623424        61.0624379245800     
   112.899997617487        60.9716588565816     
   112.999997611550        60.8736858608780     
   113.099997605614        60.7686929361477     
   113.199997599677        60.6568543325474     
   113.299997593740        60.5383444898241     
   113.399997587803        60.4133379731879     
   113.499997581866        60.2820094069325     
   113.599997575929        60.1445334058613     
   113.699997569993        60.0010845045788     
   113.799997564056        59.8518370847094     
   113.899997558119        59.6969653001610     
   113.999997552182        59.5366430005364     
   114.099997546245        59.3710436528095     
   114.199997540309        59.2003402614289     
   114.299997534372        59.0247052869814     
   114.399997528435        58.8443105635939     
   114.499997522498        58.6593272152613     
   114.599997516561        58.4699255712515     
   114.699997510624        58.2762750808113     
   114.799997504688        58.0785442273845     
   114.899997498751        57.8769004425033     
   114.999997492814        57.6715100196043     
   115.099997486877        57.4625380279676     
   115.199997480940        57.2501482270070     
   115.299997475004        57.0345029810930     
   115.399997469067        56.8157631751665     
   115.499997463130        56.5940881313340     
   115.599997457193        56.3696355266616     
   115.699997451256        56.1425613123533     
   115.799997445319        55.9130196345619     
   115.899997439383        55.6811627569607     
   115.999997433446        55.4471409853505     
   116.099997427509        55.2111025943896     
   116.199997421572        54.9731937566858     
   116.299997415635        54.7335584743865     
   116.399997409699        54.4923385134289     
   116.499997403762        54.2496733405740     
   116.599997397825        54.0057000633935     
   116.699997391888        53.7605533732827     
   116.799997385951        53.5143654916430     
   116.899997380014        53.2672661193242     
   116.999997374078        53.0193823893986     
   117.099997368141        52.7708388233535     
   117.199997362204        52.5217572907528     
   117.299997356267        52.2722569724241     
   117.399997350330        52.0224543272040     
   117.499997344394        51.7724630622770     
   117.599997338457        51.5223941070415     
   117.699997332520        51.2723555907298     
   117.799997326583        51.0224528234145     
   117.899997320646        50.7727882807406     
   117.999997314709        50.5234615921157     
   118.099997308773        50.2745695324215     
   118.199997302836        50.0262060171580     
   118.299997296899        49.7784621009819     
   118.399997290962        49.5314259795745     
   118.499997285025        49.2851829947397     
   118.599997279089        49.0398156426732     
   118.699997273152        48.7954035853057     
   118.799997267215        48.5520236646284     
   118.899997261278        48.3097499198941     
   118.999997255341        48.0686536076009     
   119.099997249404        47.8288032241267     
   119.199997243468        47.5902645309449     
   119.299997237531        47.3531005822481     
   119.399997231594        47.1173717548952     
   119.499997225657        46.8831357805801     
   119.599997219720        46.6504477800480     
   119.699997213784        46.4193602992709     
   119.799997207847        46.1899233474615     
   119.899997201910        45.9621844367733     
   119.999997195973        45.7361886235993     
   120.099997190036        45.2246570349494     
   120.199997184100        43.9855103776088     
   120.299997178163        42.0697802604810     
   120.399997172226        39.6312638104003     
   120.499997166289        36.8389581695654     
   120.599997160352        33.8456862208261     
   120.699997154415        30.7775484476758     
   120.799997148479        27.7326783049541     
   120.899997142542        24.7838410948965     
   120.999997136605        21.9823273663373     
   121.099997130668        19.3619947356692     
   121.199997124731        16.9429832971165     
   121.299997118795        14.7349432612199     
   121.399997112858        12.7397336917812     
   121.499997106921        10.9535625497271     
   121.599997100984        9.36861382386449     
   121.699997095047        7.97436762129937     
   121.799997089110        6.75870627217989     
   121.899997083174        5.70869364021744     
   121.999997077237        4.81095708065819     
   122.099997071300        4.05173832575106     
   122.199997065363        3.41679016932722     
   122.299997059426        2.89135837703793     
   122.399997053490        2.46043781775805     
   122.499997047553        2.10931300582683     
   122.599997041616        1.82420899367774     
   122.699997035679        1.59283046033278     
   122.799997029742        1.40465737839790     
   122.899997023805        1.25099031628294     
   122.999997017869        1.12481493977712     
   123.099997011932        1.02057170894457     
   123.199997005995       0.933898758854235     
   123.299997000058       0.861389265172999     
   123.399996994121       0.800382494808321     
   123.499996988185       0.748793571700686     
   123.599996982248       0.704979531001571     
   123.699996976311       0.667636182970498     
   123.799996970374       0.635719698610405     
   123.899996964437       0.608387363810667     
   123.999996958500       0.584952888722957     
   124.099996952564       0.564852635800128     
   124.199996946627       0.547619988479429     
   124.299996940690       0.532865778212845     
   124.399996934753       0.520263226015639     
   124.499996928816       0.509536260197632     
   124.599996922880       0.500450372319747     
   124.699996916943       0.492805393865259     
   124.799996911006       0.486429737168122     
   124.899996905069       0.481175761660591     
   124.999996899132       0.476916012350977     
   125.099996893195       0.473540140336769     
   125.199996887259       0.470952361414640     
   125.299996881322       0.469069343035112     
   125.399996875385       0.467818435254106     
   125.499996869448       0.467136180320959     
   125.599996863511       0.466967049827182     
   125.699996857575       0.467262369155696     
   125.799996851638       0.467979397218756     
   125.899996845701       0.469080535809356     
   125.999996839764       0.470532647797553     
   126.099996833827       0.472306467231128     
   126.199996827890       0.474376087415636     
   126.299996821954       0.476718515441599     
   126.399996816017       0.479313283543227     
   126.499996810080       0.482142109224605     
   126.599996804143       0.485188597351298     
   126.699996798206       0.488437978446982     
   126.799996792270       0.491876878296318     
   126.899996786333       0.495493114678389     
   126.999996780396       0.499275517663416     
   127.099996774459       0.503213770422150     
   127.199996768522       0.507298267940072     
   127.299996762585       0.511519991409173     
   127.399996756649       0.515870396397894     
   127.499996750712       0.520341313188753     
   127.599996744775       0.524924857920568     
   127.699996738838       0.529613353394467     
   127.799996732901       0.534399258591759     
   127.899996726965       0.539275106127126     
   127.999996721028       0.544233447003973     
   128.099996715091       0.549266802173769     
   128.199996709154       0.554367620513884     
   128.299996703217       0.559528242938204     
   128.399996697280       0.564740872437512     
   128.499996691344       0.569997549919207     
   128.599996685407       0.575290135769708     
   128.699996679470       0.580610297107657     
   128.799996673533       0.585949500724218     
   128.899996667596       0.591299011722341     
   128.999996661660       0.596649897869744     
   129.099996655723       0.601993039667662     
   129.199996649786       0.607319146113989     
   129.299996643849       0.612618776100185     
   129.399996637912       0.617882365333383     
   129.499996631975       0.623100258613612     
   129.599996626039       0.628262747225822     
   129.699996620102       0.633360111127992     
   129.799996614165       0.638382665532863     
   129.899996608228       0.643320811394315     
   129.999996602291       0.648165089221514     
   130.099996596355       0.652906235558368     
   130.199996590418       0.657535241388535     
   130.299996584481       0.662043411655850     
   130.399996578544       0.666422425032127     
   130.499996572607       0.670664393023774     
   130.599996566670       0.674761917483254     
   130.699996560734       0.678708145587219     
   130.799996554797       0.682496821360581     
   130.899996548860       0.686122332863840     
   130.999996542923       0.689579754222809     
   131.099996536986       0.692864881758979     
   131.199996531050       0.695974263582503     
   131.299996525113       0.698905222123836     
   131.399996519176       0.701655869212083     
   131.499996513239       0.704225113447824     
   131.599996507302       0.706612659763602     
   131.699996501365       0.708819001212478     
   131.799996495429       0.710845403168729     
   131.899996489492       0.712693880261872     
   131.999996483555       0.714367166491136     
   132.099996477618       0.715868679079345     
   132.199996471681       0.717202476720666     
   132.299996465745       0.718373212952511     
   132.399996459808       0.719386085439509     
   132.499996453871       0.720246781992163     
   132.599996447934       0.720961424160867     
   132.699996441997       0.721536509238375     
   132.799996436060       0.721978851488292     
   132.899996430124       0.722295523375630     
   132.999996424187       0.722493797526025     
   133.099996418250       0.722581090078470     
   133.199996412313       0.722564906023707     
   133.299996406376       0.722452787047299     
   133.399996400440       0.722252262312012     
   133.499996394503       0.721970802535496     
   133.599996388566       0.721615777637663     
   133.699996382629       0.721194418154000     
   133.799996376692       0.720713780538903     
   133.899996370756       0.720180716413442     
   133.999996364819       0.719601845752132     
   134.099996358882       0.718983533946846     
   134.199996352945       0.718331872640573     
   134.299996347008       0.717652664182674     
   134.399996341071       0.716951409525251     
   134.499996335135       0.716233299354717     
   134.599996329198       0.715503208234353     
   134.699996323261       0.714765691519281     
   134.799996317324       0.714024984799771     
   134.899996311387       0.713285005625280     
   134.999996305451       0.712549357262865     
   135.099996299514       0.711821334250693     
   135.199996293577       0.711103929512973     
   135.299996287640       0.710399842814891     
   135.399996281703       0.709711490347914     
   135.499996275766       0.709041015248861     
   135.599996269830       0.708390298870738     
   135.699996263893       0.707760972638499     
   135.799996257956       0.707154430337455     
   135.899996252019       0.706571840696560     
   135.999996246082       0.706014160144066     
   136.099996240146       0.705482145625831     
   136.199996234209       0.704976367391018     
   136.299996228272       0.704497221661484     
   136.399996222335       0.704044943112682     
   136.499996216398       0.703619617105199     
   136.599996210461       0.703221191615467     
   136.699996204525       0.702849488823456     
   136.799996198588       0.702504216322471     
   136.899996192651       0.702184977923927     
   136.999996186714       0.701891284036497     
   137.099996180777       0.701622561604188     
   137.199996174841       0.701378163593181     
   137.299996168904       0.701157378021157     
   137.399996162967       0.700959436526862     
   137.499996157030       0.700783522480835     
   137.599996151093       0.700628778640309     
   137.699996145156       0.700494314354715     
   137.799996139220       0.700379212328276     
   137.899996133283       0.700282534949229     
   137.999996127346       0.700203330196101     
   138.099996121409       0.700140637131541     
   138.199996115472       0.700093490996214     
   138.299996109536       0.700060927914651     
   138.399996103599       0.700041989226392     
   138.499996097662       0.700035725455329     
   138.599996091725       0.700041199930751     
   138.699996085788       0.700057492073240     
   138.799996079851       0.700083700358778     
   138.899996073915       0.700118944974879     
   138.999996067978       0.700162370181645     
   139.099996062041       0.700213146391219     
   139.199996056104       0.700270471978731     
   139.299996050167       0.700333574837258     
   139.399996044231       0.700401713690086     
   139.499996038294       0.700474179172347     
   139.599996032357       0.700550294694993     
   139.699996026420       0.700629417102998     
   139.799996020483       0.700710937139992     
   139.899996014546       0.700794279731012     
   139.999996008610       0.700878904095043     
   140.099996002673       0.700964303698847     
   140.199995996736       0.701050006063554     
   140.299995990799       0.701135572433979     
   140.399995984862       0.701220597323508     
   140.499995978926       0.701304707942635     
   140.599995972989       0.701387563523361     
   140.699995967052       0.701468854548473     
   140.799995961115       0.701548301895672     
   140.899995955178       0.701625655906159     
   140.999995949241       0.701700695386732     
   141.099995943305       0.701773226554264     
   141.199995937368       0.701843081931188     
   141.299995931431       0.701910119200016     
   141.399995925494       0.701974220024858     
   141.499995919557       0.702035288847471     
   141.599995913621       0.702093251665004     
   141.699995907684       0.702148054795933     
   141.799995901747       0.702199663640839     
   141.899995895810       0.702248061443721     
   141.999995889873       0.702293248059793     
   142.099995883936       0.702335238734748     
   142.199995878000       0.702374062900347     
   142.299995872063       0.702409762990764     
   142.399995866126       0.702442393283705     
   142.499995860189       0.702472018769984     
   142.599995854252       0.702498714054807     
   142.699995848316       0.702522562293647     
   142.799995842379       0.702543654165287     
   142.899995836442       0.702562086884198     
   142.999995830505       0.702577963254104     
   143.099995824568       0.702591390764381     
   143.199995818631       0.702602480730784     
   143.299995812695       0.702611347480336     
   143.399995806758       0.702618107582069     
   143.499995800821       0.702622879123684     
   143.599995794884       0.702625781034289     
   143.699995788947       0.702626932453022     
   143.799995783011       0.702626452143292     
   143.899995777074       0.702624457952144     
   143.999995771137       0.702621066313937     
   144.099995765200       0.702616391797565     
   144.199995759263       0.702610546696165     
   144.299995753326       0.702603640658168     
   144.399995747390       0.702595780358362     
   144.499995741453       0.702587069207676     
   144.599995735516       0.702577607100154     
   144.699995729579       0.702567490195591     
   144.799995723642       0.702556810736294     
   144.899995717706       0.702545656896181     
   144.999995711769       0.702534112660687     
   145.099995705832       0.702522257735645     
   145.199995699895       0.702510167483463     
   145.299995693958       0.702497912884936     
   145.399995688021       0.702485560524081     
   145.499995682085       0.702473172597375     
   145.599995676148       0.702460806943407     
   145.699995670211       0.702448517083366     
   145.799995664274       0.702436352291151     
   145.899995658337       0.702424357671062     
   145.999995652401       0.702412574251469     
   146.099995646464       0.702401039090931     
   146.199995640527       0.702389785395460     
   146.299995634590       0.702378842645313     
   146.399995628653       0.702368236730133     
   146.499995622716       0.702357990091207     
   146.599995616780       0.702348121869545     
   146.699995610843       0.702338648058691     
   146.799995604906       0.702329581661127     
   146.899995598969       0.702320932847307     
   146.999995593032       0.702312709116353     
   147.099995587096       0.702304915457475     
   147.199995581159       0.702297554511367     
   147.299995575222       0.702290626730705     
   147.399995569285       0.702284130539186     
   147.499995563348       0.702278062488346     
   147.599995557411       0.702272417411658     
   147.699995551475       0.702267188575314     
   147.799995545538       0.702262367825314     
   147.899995539601       0.702257945730633     
   147.999995533664       0.702253911720534     
   148.099995527727       0.702250254218701     
   148.199995521791       0.702246960771627     
   148.299995515854       0.702244018171543     
   148.399995509917       0.702241412573835     
   148.499995503980       0.702239129608770     
   148.599995498043       0.702237154487476     
   148.699995492106       0.702235472102051     
   148.799995486170       0.702234067119670     
   148.899995480233       0.702232924070892     
   148.999995474296       0.702232027432190     
   149.099995468359       0.702231361702450     
   149.199995462422       0.702230911473583     
   149.299995456486       0.702230661495950     
   149.399995450549       0.702230596737836     
   149.499995444612       0.702230702439305     
   149.599995438675       0.702230964161563     
   149.699995432738       0.702231367830223     
   149.799995426802       0.702231899774276     
   149.899995420865       0.702232546760248     
   149.999995414928       0.702233296021194     
