   95.0999986742407        16980.0000000000     
   95.1999986683039        16980.0000000000     
   95.2999986623671        16980.0000000000     
   95.3999986564303        16980.0000000000     
   95.4999986504935        16980.0000000000     
   95.5999986445566        16980.0000000000     
   95.6999986386198        16980.0000000000     
   95.7999986326830        16980.0000000000     
   95.8999986267462        16980.0000000000     
   95.9999986208094        16980.0000000000     
   96.0999986148725        16980.0000000000     
   96.1999986089357        16980.0000000000     
   96.2999986029989        16980.0000000000     
   96.3999985970621        16980.0000000000     
   96.4999985911253        16980.0000000000     
   96.5999985851885        16980.0000000000     
   96.6999985792516        16980.0000000000     
   96.7999985733148        16980.0000000000     
   96.8999985673780        16980.0000000000     
   96.9999985614412        16980.0000000000     
   97.0999985555044        16980.0000000000     
   97.1999985495676        16980.0000000000     
   97.2999985436307        16980.0000000000     
   97.3999985376939        16980.0000000000     
   97.4999985317571        16980.0000000000     
   97.5999985258203        16980.0000000000     
   97.6999985198835        16980.0000000000     
   97.7999985139466        16980.0000000000     
   97.8999985080098        16980.0000000000     
   97.9999985020730        16980.0000000000     
   98.0999984961362        16980.0000000000     
   98.1999984901994        16980.0000000000     
   98.2999984842626        16980.0000000000     
   98.3999984783257        16980.0000000000     
   98.4999984723889        16980.0000000000     
   98.5999984664521        16980.0000000000     
   98.6999984605153        16980.0000000000     
   98.7999984545785        16980.0000000000     
   98.8999984486417        16980.0000000000     
   98.9999984427048        16980.0000000000     
   99.0999984367680        16980.0000000000     
   99.1999984308312        16980.0000000000     
   99.2999984248944        16980.0000000000     
   99.3999984189576        16980.0000000000     
   99.4999984130207        16980.0000000000     
   99.5999984070839        16980.0000000000     
   99.6999984011471        16980.0000000000     
   99.7999983952103        16980.0000000000     
   99.8999983892735        16980.0000000000     
   99.9999983833367        16980.0000000000     
   100.099998377400        16980.0000000000     
   100.199998371463        16980.0000000000     
   100.299998365526        16980.0000000000     
   100.399998359589        16980.0000000000     
   100.499998353653        16980.0000000000     
   100.599998347716        16980.0000000000     
   100.699998341779        16980.0000000000     
   100.799998335842        16980.0000000000     
   100.899998329905        16980.0000000000     
   100.999998323968        16980.0000000000     
   101.099998318032        16980.0000000000     
   101.199998312095        16980.0000000000     
   101.299998306158        16980.0000000000     
   101.399998300221        16980.0000000000     
   101.499998294284        16980.0000000000     
   101.599998288348        16980.0000000000     
   101.699998282411        16980.0000000000     
   101.799998276474        16980.0000000000     
   101.899998270537        16980.0000000000     
   101.999998264600        16980.0000000000     
   102.099998258663        16980.0000000000     
   102.199998252727        16980.0000000000     
   102.299998246790        16980.0000000000     
   102.399998240853        16980.0000000000     
   102.499998234916        16980.0000000000     
   102.599998228979        16980.0000000000     
   102.699998223043        16980.0000000000     
   102.799998217106        16980.0000000000     
   102.899998211169        16980.0000000000     
   102.999998205232        16980.0000000000     
   103.099998199295        16980.0000000000     
   103.199998193358        16980.0000000000     
   103.299998187422        16980.0000000000     
   103.399998181485        16980.0000000000     
   103.499998175548        16980.0000000000     
   103.599998169611        16980.0000000000     
   103.699998163674        16980.0000000000     
   103.799998157738        16980.0000000000     
   103.899998151801        16980.0000000000     
   103.999998145864        16980.0000000000     
   104.099998139927        16980.0000000000     
   104.199998133990        16980.0000000000     
   104.299998128054        16980.0000000000     
   104.399998122117        16980.0000000000     
   104.499998116180        16980.0000000000     
   104.599998110243        16980.0000000000     
   104.699998104306        16980.0000000000     
   104.799998098369        16980.0000000000     
   104.899998092433        16980.0000000000     
   104.999998086496        16980.0000000000     
   105.099998080559        16980.0000000000     
   105.199998074622        16980.0000000000     
   105.299998068685        16980.0000000000     
   105.399998062749        16980.0000000000     
   105.499998056812        16980.0000000000     
   105.599998050875        16980.0000000000     
   105.699998044938        16980.0000000000     
   105.799998039001        16980.0000000000     
   105.899998033064        16980.0000000000     
   105.999998027128        16980.0000000000     
   106.099998021191        16980.0000000000     
   106.199998015254        16980.0000000000     
   106.299998009317        16980.0000000000     
   106.399998003380        16980.0000000000     
   106.499997997444        16980.0000000000     
   106.599997991507        16980.0000000000     
   106.699997985570        16980.0000000000     
   106.799997979633        16980.0000000000     
   106.899997973696        16980.0000000000     
   106.999997967759        16980.0000000000     
   107.099997961823        16980.0000000000     
   107.199997955886        16980.0000000000     
   107.299997949949        16980.0000000000     
   107.399997944012        16980.0000000000     
   107.499997938075        16980.0000000000     
   107.599997932139        16980.0000000000     
   107.699997926202        16980.0000000000     
   107.799997920265        16980.0000000000     
   107.899997914328        16980.0000000000     
   107.999997908391        16980.0000000000     
   108.099997902454        16980.0000000000     
   108.199997896518        16980.0000000000     
   108.299997890581        16980.0000000000     
   108.399997884644        16980.0000000000     
   108.499997878707        16980.0000000000     
   108.599997872770        16980.0000000000     
   108.699997866834        16980.0000000000     
   108.799997860897        16980.0000000000     
   108.899997854960        16980.0000000000     
   108.999997849023        16980.0000000000     
   109.099997843086        16980.0000000000     
   109.199997837149        16980.0000000000     
   109.299997831213        16980.0000000000     
   109.399997825276        16980.0000000000     
   109.499997819339        16980.0000000000     
   109.599997813402        16980.0000000000     
   109.699997807465        16980.0000000000     
   109.799997801529        16980.0000000000     
   109.899997795592        16980.0000000000     
   109.999997789655        16980.0000000000     
   110.099997783718        16980.0000000000     
   110.199997777781        16980.0000000000     
   110.299997771844        16980.0000000000     
   110.399997765908        16980.0000000000     
   110.499997759971        16980.0000000000     
   110.599997754034        16980.0000000000     
   110.699997748097        16980.0000000000     
   110.799997742160        16980.0000000000     
   110.899997736224        16980.0000000000     
   110.999997730287        16980.0000000000     
   111.099997724350        16980.0000000000     
   111.199997718413        16980.0000000000     
   111.299997712476        16980.0000000000     
   111.399997706539        16980.0000000000     
   111.499997700603        16980.0000000000     
   111.599997694666        16980.0000000000     
   111.699997688729        16980.0000000000     
   111.799997682792        16980.0000000000     
   111.899997676855        16980.0000000000     
   111.999997670919        16980.0000000000     
   112.099997664982        16980.0000000000     
   112.199997659045        16980.0000000000     
   112.299997653108        16980.0000000000     
   112.399997647171        16980.0000000000     
   112.499997641234        16980.0000000000     
   112.599997635298        16980.0000000000     
   112.699997629361        16980.0000000000     
   112.799997623424        16980.0000000000     
   112.899997617487        16980.0000000000     
   112.999997611550        16980.0000000000     
   113.099997605614        16980.0000000000     
   113.199997599677        16980.0000000000     
   113.299997593740        16980.0000000000     
   113.399997587803        16980.0000000000     
   113.499997581866        16980.0000000000     
   113.599997575929        16980.0000000000     
   113.699997569993        16980.0000000000     
   113.799997564056        16980.0000000000     
   113.899997558119        16980.0000000000     
   113.999997552182        16980.0000000000     
   114.099997546245        16980.0000000000     
   114.199997540309        16980.0000000000     
   114.299997534372        16980.0000000000     
   114.399997528435        16980.0000000000     
   114.499997522498        16980.0000000000     
   114.599997516561        16980.0000000000     
   114.699997510624        16980.0000000000     
   114.799997504688        16980.0000000000     
   114.899997498751        16980.0000000000     
   114.999997492814        16980.0000000000     
   115.099997486877        16980.0000000000     
   115.199997480940        16980.0000000000     
   115.299997475004        16980.0000000000     
   115.399997469067        16980.0000000000     
   115.499997463130        16980.0000000000     
   115.599997457193        16980.0000000000     
   115.699997451256        16980.0000000000     
   115.799997445319        16980.0000000000     
   115.899997439383        16980.0000000000     
   115.999997433446        16980.0000000000     
   116.099997427509        16980.0000000000     
   116.199997421572        16980.0000000000     
   116.299997415635        16980.0000000000     
   116.399997409699        16980.0000000000     
   116.499997403762        16980.0000000000     
   116.599997397825        16980.0000000000     
   116.699997391888        16980.0000000000     
   116.799997385951        16980.0000000000     
   116.899997380014        16980.0000000000     
   116.999997374078        16980.0000000000     
   117.099997368141        16980.0000000000     
   117.199997362204        16980.0000000000     
   117.299997356267        16980.0000000000     
   117.399997350330        16980.0000000000     
   117.499997344394        16980.0000000000     
   117.599997338457        16980.0000000000     
   117.699997332520        16980.0000000000     
   117.799997326583        16980.0000000000     
   117.899997320646        16980.0000000000     
   117.999997314709        16980.0000000000     
   118.099997308773        16980.0000000000     
   118.199997302836        16980.0000000000     
   118.299997296899        16980.0000000000     
   118.399997290962        16980.0000000000     
   118.499997285025        16980.0000000000     
   118.599997279089        16980.0000000000     
   118.699997273152        16980.0000000000     
   118.799997267215        16980.0000000000     
   118.899997261278        16980.0000000000     
   118.999997255341        16980.0000000000     
   119.099997249404        16980.0000000000     
   119.199997243468        16980.0000000000     
   119.299997237531        16980.0000000000     
   119.399997231594        16980.0000000000     
   119.499997225657        16980.0000000000     
   119.599997219720        16980.0000000000     
   119.699997213784        16980.0000000000     
   119.799997207847        16980.0000000000     
   119.899997201910        16980.0000000000     
   119.999997195973        16980.0000000000     
   120.099997190036        16980.0000000000     
   120.199997184100        16980.0000000000     
   120.299997178163        16980.0000000000     
   120.399997172226        16980.0000000000     
   120.499997166289        16980.0000000000     
   120.599997160352        16980.0000000000     
   120.699997154415        16980.0000000000     
   120.799997148479        16980.0000000000     
   120.899997142542        16980.0000000000     
   120.999997136605        16980.0000000000     
   121.099997130668        16980.0000000000     
   121.199997124731        16980.0000000000     
   121.299997118795        16980.0000000000     
   121.399997112858        16980.0000000000     
   121.499997106921        16980.0000000000     
   121.599997100984        16980.0000000000     
   121.699997095047        16980.0000000000     
   121.799997089110        16980.0000000000     
   121.899997083174        16980.0000000000     
   121.999997077237        16980.0000000000     
   122.099997071300        16980.0000000000     
   122.199997065363        16980.0000000000     
   122.299997059426        16980.0000000000     
   122.399997053490        16980.0000000000     
   122.499997047553        16980.0000000000     
   122.599997041616        16980.0000000000     
   122.699997035679        16980.0000000000     
   122.799997029742        16980.0000000000     
   122.899997023805        16980.0000000000     
   122.999997017869        16980.0000000000     
   123.099997011932        16980.0000000000     
   123.199997005995        16980.0000000000     
   123.299997000058        16980.0000000000     
   123.399996994121        16980.0000000000     
   123.499996988185        16980.0000000000     
   123.599996982248        16980.0000000000     
   123.699996976311        16980.0000000000     
   123.799996970374        16980.0000000000     
   123.899996964437        16980.0000000000     
   123.999996958500        16980.0000000000     
   124.099996952564        16980.0000000000     
   124.199996946627        16980.0000000000     
   124.299996940690        16980.0000000000     
   124.399996934753        16980.0000000000     
   124.499996928816        16980.0000000000     
   124.599996922880        16980.0000000000     
   124.699996916943        16980.0000000000     
   124.799996911006        16980.0000000000     
   124.899996905069        16980.0000000000     
   124.999996899132        16980.0000000000     
   125.099996893195        16980.0000000000     
   125.199996887259        16980.0000000000     
   125.299996881322        16980.0000000000     
   125.399996875385        16980.0000000000     
   125.499996869448        16980.0000000000     
   125.599996863511        16980.0000000000     
   125.699996857575        16980.0000000000     
   125.799996851638        16980.0000000000     
   125.899996845701        16980.0000000000     
   125.999996839764        16980.0000000000     
   126.099996833827        16980.0000000000     
   126.199996827890        16980.0000000000     
   126.299996821954        16980.0000000000     
   126.399996816017        16980.0000000000     
   126.499996810080        16980.0000000000     
   126.599996804143        16980.0000000000     
   126.699996798206        16980.0000000000     
   126.799996792270        16980.0000000000     
   126.899996786333        16980.0000000000     
   126.999996780396        16980.0000000000     
   127.099996774459        16980.0000000000     
   127.199996768522        16980.0000000000     
   127.299996762585        16980.0000000000     
   127.399996756649        16980.0000000000     
   127.499996750712        16980.0000000000     
   127.599996744775        16980.0000000000     
   127.699996738838        16980.0000000000     
   127.799996732901        16980.0000000000     
   127.899996726965        16980.0000000000     
   127.999996721028        16980.0000000000     
   128.099996715091        16980.0000000000     
   128.199996709154        16980.0000000000     
   128.299996703217        16980.0000000000     
   128.399996697280        16980.0000000000     
   128.499996691344        16980.0000000000     
   128.599996685407        16980.0000000000     
   128.699996679470        16980.0000000000     
   128.799996673533        16980.0000000000     
   128.899996667596        16980.0000000000     
   128.999996661660        16980.0000000000     
   129.099996655723        16980.0000000000     
   129.199996649786        16980.0000000000     
   129.299996643849        16980.0000000000     
   129.399996637912        16980.0000000000     
   129.499996631975        16980.0000000000     
   129.599996626039        16980.0000000000     
   129.699996620102        16980.0000000000     
   129.799996614165        16980.0000000000     
   129.899996608228        16980.0000000000     
   129.999996602291        16980.0000000000     
   130.099996596355        16980.0000000000     
   130.199996590418        16980.0000000000     
   130.299996584481        16980.0000000000     
   130.399996578544        16980.0000000000     
   130.499996572607        16980.0000000000     
   130.599996566670        16980.0000000000     
   130.699996560734        16980.0000000000     
   130.799996554797        16980.0000000000     
   130.899996548860        16980.0000000000     
   130.999996542923        16980.0000000000     
   131.099996536986        16980.0000000000     
   131.199996531050        16980.0000000000     
   131.299996525113        16980.0000000000     
   131.399996519176        16980.0000000000     
   131.499996513239        16980.0000000000     
   131.599996507302        16980.0000000000     
   131.699996501365        16980.0000000000     
   131.799996495429        16980.0000000000     
   131.899996489492        16980.0000000000     
   131.999996483555        16980.0000000000     
   132.099996477618        16980.0000000000     
   132.199996471681        16980.0000000000     
   132.299996465745        16980.0000000000     
   132.399996459808        16980.0000000000     
   132.499996453871        16980.0000000000     
   132.599996447934        16980.0000000000     
   132.699996441997        16980.0000000000     
   132.799996436060        16980.0000000000     
   132.899996430124        16980.0000000000     
   132.999996424187        16980.0000000000     
   133.099996418250        16980.0000000000     
   133.199996412313        16980.0000000000     
   133.299996406376        16980.0000000000     
   133.399996400440        16980.0000000000     
   133.499996394503        16980.0000000000     
   133.599996388566        16980.0000000000     
   133.699996382629        16980.0000000000     
   133.799996376692        16980.0000000000     
   133.899996370756        16980.0000000000     
   133.999996364819        16980.0000000000     
   134.099996358882        16980.0000000000     
   134.199996352945        16980.0000000000     
   134.299996347008        16980.0000000000     
   134.399996341071        16980.0000000000     
   134.499996335135        16980.0000000000     
   134.599996329198        16980.0000000000     
   134.699996323261        16980.0000000000     
   134.799996317324        16980.0000000000     
   134.899996311387        16980.0000000000     
   134.999996305451        16980.0000000000     
   135.099996299514        16980.0000000000     
   135.199996293577        16980.0000000000     
   135.299996287640        16980.0000000000     
   135.399996281703        16980.0000000000     
   135.499996275766        16980.0000000000     
   135.599996269830        16980.0000000000     
   135.699996263893        16980.0000000000     
   135.799996257956        16980.0000000000     
   135.899996252019        16980.0000000000     
   135.999996246082        16980.0000000000     
   136.099996240146        16980.0000000000     
   136.199996234209        16980.0000000000     
   136.299996228272        16980.0000000000     
   136.399996222335        16980.0000000000     
   136.499996216398        16980.0000000000     
   136.599996210461        16980.0000000000     
   136.699996204525        16980.0000000000     
   136.799996198588        16980.0000000000     
   136.899996192651        16980.0000000000     
   136.999996186714        16980.0000000000     
   137.099996180777        16980.0000000000     
   137.199996174841        16980.0000000000     
   137.299996168904        16980.0000000000     
   137.399996162967        16980.0000000000     
   137.499996157030        16980.0000000000     
   137.599996151093        16980.0000000000     
   137.699996145156        16980.0000000000     
   137.799996139220        16980.0000000000     
   137.899996133283        16980.0000000000     
   137.999996127346        16980.0000000000     
   138.099996121409        16980.0000000000     
   138.199996115472        16980.0000000000     
   138.299996109536        16980.0000000000     
   138.399996103599        16980.0000000000     
   138.499996097662        16980.0000000000     
   138.599996091725        16980.0000000000     
   138.699996085788        16980.0000000000     
   138.799996079851        16980.0000000000     
   138.899996073915        16980.0000000000     
   138.999996067978        16980.0000000000     
   139.099996062041        16980.0000000000     
   139.199996056104        16980.0000000000     
   139.299996050167        16980.0000000000     
   139.399996044231        16980.0000000000     
   139.499996038294        16980.0000000000     
   139.599996032357        16980.0000000000     
   139.699996026420        16980.0000000000     
   139.799996020483        16980.0000000000     
   139.899996014546        16980.0000000000     
   139.999996008610        16980.0000000000     
   140.099996002673        16980.0000000000     
   140.199995996736        16980.0000000000     
   140.299995990799        16980.0000000000     
   140.399995984862        16980.0000000000     
   140.499995978926        16980.0000000000     
   140.599995972989        16980.0000000000     
   140.699995967052        16980.0000000000     
   140.799995961115        16980.0000000000     
   140.899995955178        16980.0000000000     
   140.999995949241        16980.0000000000     
   141.099995943305        16980.0000000000     
   141.199995937368        16980.0000000000     
   141.299995931431        16980.0000000000     
   141.399995925494        16980.0000000000     
   141.499995919557        16980.0000000000     
   141.599995913621        16980.0000000000     
   141.699995907684        16980.0000000000     
   141.799995901747        16980.0000000000     
   141.899995895810        16980.0000000000     
   141.999995889873        16980.0000000000     
   142.099995883936        16980.0000000000     
   142.199995878000        16980.0000000000     
   142.299995872063        16980.0000000000     
   142.399995866126        16980.0000000000     
   142.499995860189        16980.0000000000     
   142.599995854252        16980.0000000000     
   142.699995848316        16980.0000000000     
   142.799995842379        16980.0000000000     
   142.899995836442        16980.0000000000     
   142.999995830505        16980.0000000000     
   143.099995824568        16980.0000000000     
   143.199995818631        16980.0000000000     
   143.299995812695        16980.0000000000     
   143.399995806758        16980.0000000000     
   143.499995800821        16980.0000000000     
   143.599995794884        16980.0000000000     
   143.699995788947        16980.0000000000     
   143.799995783011        16980.0000000000     
   143.899995777074        16980.0000000000     
   143.999995771137        16980.0000000000     
   144.099995765200        16980.0000000000     
   144.199995759263        16980.0000000000     
   144.299995753326        16980.0000000000     
   144.399995747390        16980.0000000000     
   144.499995741453        16980.0000000000     
   144.599995735516        16980.0000000000     
   144.699995729579        16980.0000000000     
   144.799995723642        16980.0000000000     
   144.899995717706        16980.0000000000     
   144.999995711769        16980.0000000000     
   145.099995705832        16980.0000000000     
   145.199995699895        16980.0000000000     
   145.299995693958        16980.0000000000     
   145.399995688021        16980.0000000000     
   145.499995682085        16980.0000000000     
   145.599995676148        16980.0000000000     
   145.699995670211        16980.0000000000     
   145.799995664274        16980.0000000000     
   145.899995658337        16980.0000000000     
   145.999995652401        16980.0000000000     
   146.099995646464        16980.0000000000     
   146.199995640527        16980.0000000000     
   146.299995634590        16980.0000000000     
   146.399995628653        16980.0000000000     
   146.499995622716        16980.0000000000     
   146.599995616780        16980.0000000000     
   146.699995610843        16980.0000000000     
   146.799995604906        16980.0000000000     
   146.899995598969        16980.0000000000     
   146.999995593032        16980.0000000000     
   147.099995587096        16980.0000000000     
   147.199995581159        16980.0000000000     
   147.299995575222        16980.0000000000     
   147.399995569285        16980.0000000000     
   147.499995563348        16980.0000000000     
   147.599995557411        16980.0000000000     
   147.699995551475        16980.0000000000     
   147.799995545538        16980.0000000000     
   147.899995539601        16980.0000000000     
   147.999995533664        16980.0000000000     
   148.099995527727        16980.0000000000     
   148.199995521791        16980.0000000000     
   148.299995515854        16980.0000000000     
   148.399995509917        16980.0000000000     
   148.499995503980        16980.0000000000     
   148.599995498043        16980.0000000000     
   148.699995492106        16980.0000000000     
   148.799995486170        16980.0000000000     
   148.899995480233        16980.0000000000     
   148.999995474296        16980.0000000000     
   149.099995468359        16980.0000000000     
   149.199995462422        16980.0000000000     
   149.299995456486        16980.0000000000     
   149.399995450549        16980.0000000000     
   149.499995444612        16980.0000000000     
   149.599995438675        16980.0000000000     
   149.699995432738        16980.0000000000     
   149.799995426802        16980.0000000000     
   149.899995420865        16980.0000000000     
   149.999995414928        16980.0000000000     
