   95.0999986742407       0.554862493778024     
   95.1999986683039       0.554862494518176     
   95.2999986623671       0.554862495258376     
   95.3999986564303       0.554862495998624     
   95.4999986504935       0.554862496738921     
   95.5999986445566       0.554862497479266     
   95.6999986386198       0.554862498219659     
   95.7999986326830       0.554862498960101     
   95.8999986267462       0.554862499700591     
   95.9999986208094       0.554862500441130     
   96.0999986148725       0.554862501181717     
   96.1999986089357       0.554862501922351     
   96.2999986029989       0.554862502663035     
   96.3999985970621       0.554862503403767     
   96.4999985911253       0.554862504144547     
   96.5999985851885       0.554862504885376     
   96.6999985792516       0.554862505626253     
   96.7999985733148       0.554862506367178     
   96.8999985673780       0.554862507108152     
   96.9999985614412       0.554862507849175     
   97.0999985555044       0.554862508590245     
   97.1999985495676       0.554862509331364     
   97.2999985436307       0.554862510072532     
   97.3999985376939       0.554862510813748     
   97.4999985317571       0.554862511555012     
   97.5999985258203       0.554862512296325     
   97.6999985198835       0.554862513037686     
   97.7999985139466       0.554862513779096     
   97.8999985080098       0.554862514520554     
   97.9999985020730       0.554862515262061     
   98.0999984961362       0.554862516003616     
   98.1999984901994       0.554862516745219     
   98.2999984842626       0.554862517486871     
   98.3999984783257       0.554862518228572     
   98.4999984723889       0.554862518970321     
   98.5999984664521       0.554862519712118     
   98.6999984605153       0.554862520453964     
   98.7999984545785       0.554862521195858     
   98.8999984486417       0.554862521937801     
   98.9999984427048       0.554862522679793     
   99.0999984367680       0.554862523421833     
   99.1999984308312       0.554862524163921     
   99.2999984248944       0.554862524906058     
   99.3999984189576       0.554862525648244     
   99.4999984130207       0.554862526390478     
   99.5999984070839       0.554862527132760     
   99.6999984011471       0.554862527875091     
   99.7999983952103       0.554862528617471     
   99.8999983892735       0.554862529359897     
   99.9999983833367       0.554862530102371     
   100.099998377400       0.554681160132320     
   100.199998371463       0.553617415270703     
   100.299998365526       0.550855033848862     
   100.399998359589       0.545353673465801     
   100.499998353653       0.535725072037151     
   100.599998347716       0.520279354199402     
   100.699998341779       0.497547657943515     
   100.799998335842       0.467335096918922     
   100.899998329905       0.431405024526711     
   100.999998323968       0.392841227560816     
   101.099998318032       0.354678857667840     
   101.199998312095       0.319002596396120     
   101.299998306158       0.286822162576276     
   101.399998300221       0.258360967744422     
   101.499998294284       0.233400313930179     
   101.599998288348       0.211532369404310     
   101.699998282411       0.192308678725703     
   101.799998276474       0.175313659662692     
   101.899998270537       0.160193544586939     
   101.999998264600       0.146661769168869     
   102.099998258663       0.134493173225440     
   102.199998252727       0.123513719269686     
   102.299998246790       0.113589196464544     
   102.399998240853       0.104614644811055     
   102.499998234916       9.650532532647275E-002
   102.599998228979       8.918956824510441E-002
   102.699998223043       8.260353789072118E-002
   102.799998217106       7.668776229752446E-002
   102.899998211169       7.138515279718070E-002
   102.999998205232       6.664017367261378E-002
   103.099998199295       6.239880840956629E-002
   103.199998193358       5.860899694758556E-002
   103.299998187422       5.522127413195595E-002
   103.399998181485       5.218940926221977E-002
   103.499998175548       4.947091797063333E-002
   103.599998169611       4.702738141411265E-002
   103.699998163674       4.482455819181901E-002
   103.799998157738       4.283230918756122E-002
   103.899998151801       4.102437522451251E-002
   103.999998145864       3.937805453568190E-002
   104.099998139927       3.787382511553475E-002
   104.199998133990       3.649494965392806E-002
   104.299998128054       3.522709107526403E-002
   104.399998122117       3.405795698894255E-002
   104.499998116180       3.297698298535279E-002
   104.599998110243       3.197505830323062E-002
   104.699998104306       3.104429301468439E-002
   104.799998098369       3.017782325922265E-002
   104.899998092433       2.936964979965200E-002
   104.999998086496       2.861450484807907E-002
   105.099998080559       2.790774235564711E-002
   105.199998074622       2.724524749896258E-002
   105.299998068685       2.662336174219401E-002
   105.399998062749       2.603882049335228E-002
   105.499998056812       2.548870094719326E-002
   105.599998050875       2.497037819309465E-002
   105.699998044938       2.448148806219994E-002
   105.799998039001       2.401989550317339E-002
   105.899998033064       2.358366752310194E-002
   105.999998027128       2.317104992273147E-002
   106.099998021191       2.278044720526013E-002
   106.199998015254       2.241040515507012E-002
   106.299998009317       2.205959567483001E-002
   106.399998003380       2.172680354230514E-002
   106.499997997444       2.141091480629291E-002
   106.599997991507       2.111090658793714E-002
   106.699997985570       2.082583809154066E-002
   106.799997979633       2.055484265999540E-002
   106.899997973696       2.029712073537137E-002
   106.999997967759       2.005193360624543E-002
   107.099997961823       1.981859784084943E-002
   107.199997955886       1.959648031967876E-002
   107.299997949949       1.938499379349875E-002
   107.399997944012       1.918359290292986E-002
   107.499997938075       1.899177060458533E-002
   107.599997932139       1.880905495603318E-002
   107.699997926202       1.863500621824484E-002
   107.799997920265       1.846921423945979E-002
   107.899997914328       1.831129608908565E-002
   107.999997908391       1.816089391412410E-002
   108.099997902454       1.801767299404270E-002
   108.199997896518       1.788131997293379E-002
   108.299997890581       1.775154125036637E-002
   108.399997884644       1.762806151446005E-002
   108.499997878707       1.751062240271431E-002
   108.599997872770       1.739898127771131E-002
   108.699997866834       1.729291010631968E-002
   108.799997860897       1.719219443224745E-002
   108.899997854960       1.709663243295384E-002
   108.999997849023       1.700603405286167E-002
   109.099997843086       1.692022020571445E-002
   109.199997837149       1.683902203963580E-002
   109.299997831213       1.676228025916351E-002
   109.399997825276       1.668984449907984E-002
   109.499997819339       1.662157274541701E-002
   109.599997813402       1.655733079946212E-002
   109.699997807465       1.649699178100709E-002
   109.799997801529       1.644043566745860E-002
   109.899997795592       1.638754886573907E-002
   109.999997789655       1.633822381422483E-002
   110.099997783718       1.629235861218564E-002
   110.199997777781       1.624985667453359E-002
   110.299997771844       1.621062640969547E-002
   110.399997765908       1.617458091885345E-002
   110.499997759971       1.614163771479063E-002
   110.599997754034       1.611171845881045E-002
   110.699997748097       1.608474871431377E-002
   110.799997742160       1.606065771574940E-002
   110.899997736224       1.603937815176606E-002
   110.999997730287       1.602084596148355E-002
   111.099997724350       1.600500014291359E-002
   111.199997718413       1.599178257262579E-002
   111.299997712476       1.598113783584152E-002
   111.399997706539       1.597301306619955E-002
   111.499997700603       1.596735779450650E-002
   111.599997694666       1.596412380583490E-002
   111.699997688729       1.596326500439789E-002
   111.799997682792       1.596473728565519E-002
   111.899997676855       1.596849841517536E-002
   111.999997670919       1.597450791378512E-002
   112.099997664982       1.598272694861160E-002
   112.199997659045       1.599311822962886E-002
   112.299997653108       1.600564591135707E-002
   112.399997647171       1.602027549939838E-002
   112.499997641234       1.603697376150854E-002
   112.599997635298       1.605570864293585E-002
   112.699997629361       1.607644918577768E-002
   112.799997623424       1.609916545211987E-002
   112.899997617487       1.612382845075340E-002
   112.999997611550       1.615041006726695E-002
   113.099997605614       1.617888299734370E-002
   113.199997599677       1.620922068309147E-002
   113.299997593740       1.624139725225443E-002
   113.399997587803       1.627538746017744E-002
   113.499997581866       1.631116663437793E-002
   113.599997575929       1.634871062162556E-002
   113.699997569993       1.638799573740994E-002
   113.799997564056       1.642899871769653E-002
   113.899997558119       1.647169667289981E-002
   113.999997552182       1.651606704395523E-002
   114.099997546245       1.656208756044387E-002
   114.199997540309       1.660973620068905E-002
   114.299997534372       1.665899115375409E-002
   114.399997528435       1.670983078329354E-002
   114.499997522498       1.676223359318919E-002
   114.599997516561       1.681617819493990E-002
   114.699997510624       1.687164327673406E-002
   114.799997504688       1.692860757418774E-002
   114.899997498751       1.698704984269232E-002
   114.999997492814       1.704694883133484E-002
   115.099997486877       1.710828325836949E-002
   115.199997480940       1.717103178819734E-002
   115.299997475004       1.723517300982588E-002
   115.399997469067       1.730068541678723E-002
   115.499997463130       1.736754738847617E-002
   115.599997457193       1.743573717289647E-002
   115.699997451256       1.750523287078206E-002
   115.799997445319       1.757601242107172E-002
   115.899997439383       1.764805358771358E-002
   115.999997433446       1.772133394778028E-002
   116.099997427509       1.779583088086826E-002
   116.199997421572       1.787152155976483E-002
   116.299997415635       1.794838294235133E-002
   116.399997409699       1.802639176474007E-002
   116.499997403762       1.810552453558245E-002
   116.599997397825       1.818575753158454E-002
   116.699997391888       1.826706679415472E-002
   116.799997385951       1.834942812718500E-002
   116.899997380014       1.843281709593670E-002
   116.999997374078       1.851720902700545E-002
   117.099997368141       1.860257900934028E-002
   117.199997362204       1.868890189629142E-002
   117.299997356267       1.877615230865480E-002
   117.399997350330       1.886430463869366E-002
   117.499997344394       1.895333305509405E-002
   117.599997338457       1.904321150886323E-002
   117.699997332520       1.913391374006531E-002
   117.799997326583       1.922541328543947E-002
   117.899997320646       1.931768348683660E-002
   117.999997314709       1.941069750043597E-002
   118.099997308773       1.950442830671413E-002
   118.199997302836       1.959884872114119E-002
   118.299997296899       1.969393140553844E-002
   118.399997290962       1.978964888010872E-002
   118.499997285025       1.988597353605904E-002
   118.599997279089       1.998287764880348E-002
   118.699997273152       2.008033339169732E-002
   118.799997267215       2.017831285027111E-002
   118.899997261278       2.027678803692066E-002
   118.999997255341       2.037573090601492E-002
   119.099997249404       2.047511336939064E-002
   119.199997243468       2.057490731217609E-002
   119.299997237531       2.067508460892781E-002
   119.399997231594       2.077561714002481E-002
   119.499997225657       2.087647680828155E-002
   119.599997219720       2.097763555574896E-002
   119.699997213784       2.107906538065996E-002
   119.799997207847       2.118073835447932E-002
   119.899997201910       2.128262663902222E-002
   119.999997195973       2.138470250360187E-002
   120.099997190036       2.165006684293657E-002
   120.199997184100       2.231696772695860E-002
   120.299997178163       2.337713233208775E-002
   120.399997172226       2.480817790107982E-002
   120.499997166289       2.659960554960558E-002
   120.599997160352       2.875382569880290E-002
   120.699997154415       3.128345926507688E-002
   120.799997148479       3.420856616642667E-002
   120.899997142542       3.755440112344575E-002
   120.999997136605       4.134958277848080E-002
   121.099997130668       4.562446512536528E-002
   121.199997124731       5.040953075367459E-002
   121.299997118795       5.573366269997520E-002
   121.399997112858       6.162221130073655E-002
   121.499997106921       6.809493039124787E-002
   121.599997100984       7.516393623499916E-002
   121.699997095047       8.283156773817631E-002
   121.799997089110       9.108801701736438E-002
   121.899997083174       9.990911579803689E-002
   121.999997077237       0.109255055600808     
   122.099997071300       0.119070892164041     
   122.199997065363       0.129289379419058     
   122.299997059426       0.139835894184024     
   122.399997053490       0.150634280387446     
   122.499997047553       0.161612057299293     
   122.599997041616       0.172703908331732     
   122.699997035679       0.183853245993234     
   122.799997029742       0.195012293060260     
   122.899997023805       0.206141305705246     
   122.999997017869       0.217207448834390     
   123.099997011932       0.228183636448293     
   123.199997005995       0.239047488125192     
   123.299997000058       0.249780452865754     
   123.399996994121       0.260367100622238     
   123.499996988185       0.270794560690445     
   123.599996982248       0.281052080438145     
   123.699996976311       0.291130679077222     
   123.799996970374       0.301022874938875     
   123.899996964437       0.310722468924420     
   123.999996958500       0.320224370635050     
   124.099996952564       0.329524456870274     
   124.199996946627       0.338619454718700     
   124.299996940690       0.347506843423524     
   124.399996934753       0.356184770698105     
   124.499996928816       0.364651980291417     
   124.599996922880       0.372907748443004     
   124.699996916943       0.380951827490958     
   124.799996911006       0.388784395355738     
   124.899996905069       0.396406009959389     
   124.999996899132       0.403817567883811     
   125.099996893195       0.411020266747489     
   125.199996887259       0.418015570905388     
   125.299996881322       0.424805180164820     
   125.399996875385       0.431391001271485     
   125.499996869448       0.437775121962067     
   125.599996863511       0.443959787408321     
   125.699996857575       0.449947378897603     
   125.799996851638       0.455740394607582     
   125.899996845701       0.461341432342176     
   125.999996839764       0.466753174103300     
   126.099996833827       0.471978372377276     
   126.199996827890       0.477019838020367     
   126.299996821954       0.481880429632231     
   126.399996816017       0.486563044309817     
   126.499996810080       0.491070609679342     
   126.599996804143       0.495406077108241     
   126.699996798206       0.499572416003724     
   126.799996792270       0.503572609108224     
   126.899996786333       0.507409648709538     
   126.999996780396       0.511086533683053     
   127.099996774459       0.514606267292581     
   127.199996768522       0.517971855676860     
   127.299996762585       0.521186306954644     
   127.399996756649       0.524252630882504     
   127.499996750712       0.527173839004220     
   127.599996744775       0.529952945231520     
   127.699996738838       0.532592966799281     
   127.799996732901       0.535096925538508     
   127.899996726965       0.537467849412848     
   127.999996721028       0.539708774264184     
   128.099996715091       0.541822745714306     
   128.199996709154       0.543812821169062     
   128.299996703217       0.545682071872102     
   128.399996697280       0.547433584954832     
   128.499996691344       0.549070465429629     
   128.599996685407       0.550595838072620     
   128.699996679470       0.552012849143475     
   128.799996673533       0.553324667888851     
   128.899996667596       0.554534487778456     
   128.999996661660       0.555645527422622     
   129.099996655723       0.556661031123058     
   129.199996649786       0.557584269010335     
   129.299996643849       0.558418536726115     
   129.399996637912       0.559167154610640     
   129.499996631975       0.559833466362577     
   129.599996626039       0.560420837143273     
   129.699996620102       0.560932651104568     
   129.799996614165       0.561372308326901     
   129.899996608228       0.561743221162703     
   129.999996602291       0.562048809989168     
   130.099996596355       0.562292498383868     
   130.199996590418       0.562477707746373     
   130.299996584481       0.562607851399551     
   130.399996578544       0.562686328213017     
   130.499996572607       0.562716515801722     
   130.599996566670       0.562701763360595     
   130.699996560734       0.562645384205088     
   130.799996554797       0.562550648093719     
   130.899996548860       0.562420773414882     
   130.999996542923       0.562258919323868     
   131.099996536986       0.562068177919700     
   131.199996531050       0.561851566550869     
   131.299996525113       0.561612020340051     
   131.399996519176       0.561352385013698     
   131.499996513239       0.561075410119085     
   131.599996507302       0.560783742705975     
   131.699996501365       0.560479921541866     
   131.799996495429       0.560166371922450     
   131.899996489492       0.559845401128898     
   131.999996483555       0.559519194573864     
   132.099996477618       0.559189812667308     
   132.199996471681       0.558859188422391     
   132.299996465745       0.558529125811997     
   132.399996459808       0.558201298872758     
   132.499996453871       0.557877251548844     
   132.599996447934       0.557558398252990     
   132.699996441997       0.557246025117382     
   132.799996436060       0.556941291898167     
   132.899996430124       0.556645234491121     
   132.999996424187       0.556358768011160     
   133.099996418250       0.556082690383708     
   133.199996412313       0.555817686393219     
   133.299996406376       0.555564332132441     
   133.399996400440       0.555323099794751     
   133.499996394503       0.555094362752250     
   133.599996388566       0.554878400862846     
   133.699996382629       0.554675405952028     
   133.799996376692       0.554485487416251     
   133.899996370756       0.554308677898758     
   133.999996364819       0.554144938991036     
   134.099996358882       0.553994166917267     
   134.199996352945       0.553856198162779     
   134.299996347008       0.553730815011110     
   134.399996341071       0.553617750958830     
   134.499996335135       0.553516695980549     
   134.599996329198       0.553427301620892     
   134.699996323261       0.553349185893747     
   134.799996317324       0.553281937972423     
   134.899996311387       0.553225122658134     
   134.999996305451       0.553178284616899     
   135.099996299514       0.553140952377891     
   135.199996293577       0.553112642089191     
   135.299996287640       0.553092861028559     
   135.399996281703       0.553081110869845     
   135.499996275766       0.553076890706639     
   135.599996269830       0.553079699836758     
   135.699996263893       0.553089040312708     
   135.799996257956       0.553104419264061     
   135.899996252019       0.553125350998886     
   135.999996246082       0.553151358892090     
   136.099996240146       0.553181977069170     
   136.199996234209       0.553216751894438     
   136.299996228272       0.553255243272884     
   136.399996222335       0.553297025775363     
   136.499996216398       0.553341689596757     
   136.599996210461       0.553388841356811     
   136.699996204525       0.553438104753299     
   136.799996198588       0.553489121077173     
   136.899996192651       0.553541549599023     
   136.999996186714       0.553595067836073     
   137.099996180777       0.553649371708727     
   137.199996174841       0.553704175595236     
   137.299996168904       0.553759212293604     
   137.399996162967       0.553814232895146     
   137.499996157030       0.553869006586347     
   137.599996151093       0.553923320374783     
   137.699996145156       0.553976978754685     
   137.799996139220       0.554029803315693     
   137.899996133283       0.554081632301612     
   137.999996127346       0.554132320125339     
   138.099996121409       0.554181736845590     
   138.199996115472       0.554229767610942     
   138.299996109536       0.554276312076289     
   138.399996103599       0.554321283796430     
   138.499996097662       0.554364609601393     
   138.599996091725       0.554406228957671     
   138.699996085788       0.554446093319278     
   138.799996079851       0.554484165472284     
   138.899996073915       0.554520418876354     
   138.999996067978       0.554554837006254     
   139.099996062041       0.554587412696394     
   139.199996056104       0.554618147491002     
   139.299996050167       0.554647051002423     
   139.399996044231       0.554674140279743     
   139.499996038294       0.554699439189820     
   139.599996032357       0.554722977812517     
   139.699996026420       0.554744791851764     
   139.799996020483       0.554764922063944     
   139.899996014546       0.554783413704868     
   139.999996008610       0.554800315996425     
   140.099996002673       0.554815681613925     
   140.199995996736       0.554829566194839     
   140.299995990799       0.554842027869697     
   140.399995984862       0.554853126815546     
   140.499995978926       0.554862924832409     
   140.599995972989       0.554871484943044     
   140.699995967052       0.554878871016049     
   140.799995961115       0.554885147412362     
   140.899995955178       0.554890378655191     
   140.999995949241       0.554894629123026     
   141.099995943305       0.554897962765626     
   141.199995937368       0.554900442842543     
   141.299995931431       0.554902131683779     
   141.399995925494       0.554903090472168     
   141.499995919557       0.554903379046786     
   141.599995913621       0.554903055726904     
   141.699995907684       0.554902177155765     
   141.799995901747       0.554900798163514     
   141.899995895810       0.554898971648496     
   141.999995889873       0.554896748476196     
   142.099995883936       0.554894177395002     
   142.199995878000       0.554891304967947     
   142.299995872063       0.554888175519662     
   142.399995866126       0.554884831097581     
   142.499995860189       0.554881311446657     
   142.599995854252       0.554877653996652     
   142.699995848316       0.554873893861226     
   142.799995842379       0.554870063847768     
   142.899995836442       0.554866194477590     
   142.999995830505       0.554862314013305     
   143.099995824568       0.554858448503507     
   143.199995818631       0.554854621817450     
   143.299995812695       0.554850855704321     
   143.399995806758       0.554847169849736     
   143.499995800821       0.554843581939313     
   143.599995794884       0.554840107727040     
   143.699995788947       0.554836761107585     
   143.799995783011       0.554833554192045     
   143.899995777074       0.554830497386414     
   143.999995771137       0.554827599472291     
   144.099995765200       0.554824867689237     
   144.199995759263       0.554822307818210     
   144.299995753326       0.554819924265769     
   144.399995747390       0.554817720148390     
   144.499995741453       0.554815697376609     
   144.599995735516       0.554813856738611     
   144.699995729579       0.554812197982791     
   144.799995723642       0.554810719899166     
   144.899995717706       0.554809420399108     
   144.999995711769       0.554808296593341     
   145.099995705832       0.554807344867869     
   145.199995699895       0.554806560957583     
   145.299995693958       0.554805940017498     
   145.399995688021       0.554805476691368     
   145.499995682085       0.554805165177517     
   145.599995676148       0.554804999291893     
   145.699995670211       0.554804972528161     
   145.799995664274       0.554805078114817     
   145.899995658337       0.554805309069235     
   145.999995652401       0.554805658248698     
   146.099995646464       0.554806118398194     
   146.199995640527       0.554806682195390     
   146.299995634590       0.554807342292219     
   146.399995628653       0.554808091353745     
   146.499995622716       0.554808922093819     
   146.599995616780       0.554809827307860     
   146.699995610843       0.554810799902880     
   146.799995604906       0.554811832924432     
   146.899995598969       0.554812919581190     
   146.999995593032       0.554814053266630     
   147.099995587096       0.554815227578235     
   147.199995581159       0.554816436334455     
   147.299995575222       0.554817673588943     
   147.399995569285       0.554818933642883     
   147.499995563348       0.554820211055177     
   147.599995557411       0.554821500650411     
   147.699995551475       0.554822797525526     
   147.799995545538       0.554824097056650     
   147.899995539601       0.554825394888540     
   147.999995533664       0.554826686957339     
   148.099995527727       0.554827969475322     
   148.199995521791       0.554829238933610     
   148.299995515854       0.554830492098308     
   148.399995509917       0.554831726007707     
   148.499995503980       0.554832937966423     
   148.599995498043       0.554834125539910     
   148.699995492106       0.554835286547617     
   148.799995486170       0.554836419055555     
   148.899995480233       0.554837521368209     
   148.999995474296       0.554838592019824     
   149.099995468359       0.554839629765361     
   149.199995462422       0.554840633570868     
   149.299995456486       0.554841602603811     
   149.399995450549       0.554842536222742     
   149.499995444612       0.554843433967331     
   149.599995438675       0.554844295547698     
   149.699995432738       0.554845120834241     
   149.799995426802       0.554845909846973     
   149.899995420865       0.554846662745226     
   149.999995414928       0.554847379817304     
