   95.0999986742407       4.195095774330887E-002
   95.1999986683039       4.195095766705331E-002
   95.2999986623671       4.195095759079304E-002
   95.3999986564303       4.195095751452808E-002
   95.4999986504935       4.195095743825843E-002
   95.5999986445566       4.195095736198243E-002
   95.6999986386198       4.195095728570294E-002
   95.7999986326830       4.195095720941711E-002
   95.8999986267462       4.195095713312704E-002
   95.9999986208094       4.195095705683203E-002
   96.0999986148725       4.195095698053183E-002
   96.1999986089357       4.195095690422677E-002
   96.2999986029989       4.195095682791743E-002
   96.3999985970621       4.195095675160156E-002
   96.4999985911253       4.195095667528241E-002
   96.5999985851885       4.195095659895703E-002
   96.6999985792516       4.195095652262681E-002
   96.7999985733148       4.195095644629186E-002
   96.8999985673780       4.195095636995225E-002
   96.9999985614412       4.195095629360729E-002
   97.0999985555044       4.195095621725674E-002
   97.1999985495676       4.195095614090245E-002
   97.2999985436307       4.195095606454249E-002
   97.3999985376939       4.195095598817722E-002
   97.4999985317571       4.195095591180725E-002
   97.5999985258203       4.195095583543261E-002
   97.6999985198835       4.195095575905328E-002
   97.7999985139466       4.195095568266768E-002
   97.8999985080098       4.195095560627828E-002
   97.9999985020730       4.195095552988270E-002
   98.0999984961362       4.195095545348328E-002
   98.1999984901994       4.195095537707864E-002
   98.2999984842626       4.195095530066867E-002
   98.3999984783257       4.195095522425344E-002
   98.4999984723889       4.195095514783414E-002
   98.5999984664521       4.195095507140930E-002
   98.6999984605153       4.195095499497965E-002
   98.7999984545785       4.195095491854427E-002
   98.8999984486417       4.195095484210449E-002
   98.9999984427048       4.195095476565969E-002
   99.0999984367680       4.195095468920996E-002
   99.1999984308312       4.195095461275575E-002
   99.2999984248944       4.195095453629569E-002
   99.3999984189576       4.195095445983110E-002
   99.4999984130207       4.195095438336067E-002
   99.5999984070839       4.195095430688629E-002
   99.6999984011471       4.195095423040659E-002
   99.7999983952103       4.195095415392164E-002
   99.8999983892735       4.195095407743187E-002
   99.9999983833367       4.195095400093816E-002
   100.099998377400       9.170852467739657E-002
   100.199998371463       0.101179505856367     
   100.299998365526       0.112635999824374     
   100.399998359589       0.136342250956716     
   100.499998353653       0.184709445199930     
   100.599998347716       0.294863120142484     
   100.699998341779       0.585999156759125     
   100.799998335842        1.41661613452196     
   100.899998329905        3.60836222614561     
   100.999998323968        8.36895975991929     
   101.099998318032        16.6878282431857     
   101.199998312095        28.7195091555587     
   101.299998306158        43.7778362932969     
   101.399998300221        60.9255197113891     
   101.499998294284        79.6004235807197     
   101.599998288348        99.8734626031636     
   101.699998282411        122.360983327576     
   101.799998276474        147.980656577426     
   101.899998270537        177.675588384120     
   101.999998264600        212.141284530007     
   102.099998258663        251.562852503270     
   102.199998252727        295.399959395166     
   102.299998246790        342.302662936612     
   102.399998240853        390.244980239818     
   102.499998234916        436.886375543421     
   102.599998228979        480.047682720208     
   102.699998223043        518.116490539878     
   102.799998217106        550.242838561882     
   102.899998211169        576.306167296306     
   102.999998205232        596.732404230594     
   103.099998199295        612.265508838583     
   103.199998193358        623.768407128808     
   103.299998187422        632.084848672847     
   103.399998181485        637.962133375947     
   103.499998175548        642.020145859031     
   103.599998169611        644.749653356578     
   103.699998163674        646.525969311023     
   103.799998157738        647.628604913295     
   103.899998151801        648.261451409058     
   103.999998145864        648.570802734478     
   104.099998139927        648.660232148528     
   104.199998133990        648.602263889455     
   104.299998128054        648.447211457543     
   104.399998122117        648.229698829808     
   104.499998116180        647.973378481946     
   104.599998110243        647.694293366729     
   104.699998104306        647.403244187291     
   104.799998098369        647.107440550453     
   104.899998092433        646.811643932691     
   104.999998086496        646.518954051133     
   105.099998080559        646.231347224951     
   105.199998074622        645.950043461254     
   105.299998068685        645.675755921981     
   105.399998062749        645.408859981974     
   105.499998056812        645.149507513680     
   105.599998050875        644.897703967959     
   105.699998044938        644.653360243287     
   105.799998039001        644.416327501555     
   105.899998033064        644.186420466806     
   105.999998027128        643.963432955991     
   106.099998021191        643.747148176960     
   106.199998015254        643.537345505887     
   106.299998009317        643.333804899333     
   106.399998003380        643.136309720063     
   106.499997997444        642.944648501412     
   106.599997991507        642.758616003906     
   106.699997985570        642.578013801573     
   106.799997979633        642.402650559000     
   106.899997973696        642.232342105635     
   106.999997967759        642.066911379179     
   107.099997961823        641.906188288768     
   107.199997955886        641.750009525623     
   107.299997949949        641.598218349088     
   107.399997944012        641.450664353001     
   107.499997938075        641.307203233249     
   107.599997932139        641.167696552168     
   107.699997926202        641.032011503624     
   107.799997920265        640.900020699674     
   107.899997914328        640.771601942183     
   107.999997908391        640.646638033343     
   108.099997902454        640.525016567138     
   108.199997896518        640.406629707218     
   108.299997890581        640.291374111080     
   108.399997884644        640.179150647694     
   108.499997878707        640.069864201020     
   108.599997872770        639.963423720401     
   108.699997866834        639.859741874533     
   108.799997860897        639.758734972239     
   108.899997854960        639.660322826701     
   108.999997849023        639.564428625015     
   109.099997843086        639.470978803294     
   109.199997837149        639.379902927007     
   109.299997831213        639.291133576172     
   109.399997825276        639.204606235114     
   109.499997819339        639.120259186447     
   109.599997813402        639.038033409040     
   109.699997807465        638.957872479682     
   109.799997801529        638.879722478178     
   109.899997795592        638.803531895697     
   109.999997789655        638.729251546120     
   110.099997783718        638.656834480203     
   110.199997777781        638.586235902342     
   110.299997771844        638.517413089830     
   110.399997765908        638.450325314364     
   110.499997759971        638.384933765720     
   110.599997754034        638.321201477407     
   110.699997748097        638.259093254225     
   110.799997742160        638.198575601566     
   110.899997736224        638.139616656370     
   110.999997730287        638.082186119638     
   111.099997724350        638.026255190429     
   111.199997718413        637.971796501214     
   111.299997712476        637.918784054586     
   111.399997706539        637.867193161209     
   111.499997700603        637.817000378972     
   111.599997694666        637.768183453308     
   111.699997688729        637.720721258619     
   111.799997682792        637.674593740799     
   111.899997676855        637.629781860813     
   111.999997670919        637.586267539306     
   112.099997664982        637.544033602261     
   112.199997659045        637.503063727640     
   112.299997653108        637.463342393087     
   112.399997647171        637.424854824599     
   112.499997641234        637.387586946263     
   112.599997635298        637.351525330990     
   112.699997629361        637.316657152332     
   112.799997623424        637.282970137344     
   112.899997617487        637.250452520523     
   112.999997611550        637.219092998895     
   113.099997605614        637.188880688175     
   113.199997599677        637.159805080171     
   113.299997593740        637.131856001293     
   113.399997587803        637.105023572328     
   113.499997581866        637.079298169461     
   113.599997575929        637.054670386551     
   113.699997569993        637.031130998744     
   113.799997564056        637.008670927412     
   113.899997558119        636.987281206431     
   113.999997552182        636.966952949903     
   114.099997546245        636.947677321236     
   114.199997540309        636.929445503730     
   114.299997534372        636.912248672542     
   114.399997528435        636.896077968221     
   114.499997522498        636.880924471668     
   114.599997516561        636.866779180655     
   114.699997510624        636.853632987824     
   114.799997504688        636.841476660255     
   114.899997498751        636.830300820519     
   114.999997492814        636.820095929305     
   115.099997486877        636.810852269536     
   115.199997480940        636.802559932044     
   115.299997475004        636.795208802718     
   115.399997469067        636.788788551171     
   115.499997463130        636.783288620886     
   115.599997457193        636.778698220789     
   115.699997451256        636.775006318288     
   115.799997445319        636.772201633711     
   115.899997439383        636.770272636073     
   115.999997433446        636.769207540234     
   116.099997427509        636.768994305339     
   116.199997421572        636.769620634476     
   116.299997415635        636.771073975615     
   116.399997409699        636.773341523665     
   116.499997403762        636.776410223667     
   116.599997397825        636.780266775066     
   116.699997391888        636.784897637001     
   116.799997385951        636.790289034537     
   116.899997380014        636.796426965854     
   116.999997374078        636.803297210229     
   117.099997368141        636.810885336891     
   117.199997362204        636.819176714557     
   117.299997356267        636.828156521666     
   117.399997350330        636.837809757274     
   117.499997344394        636.848121252482     
   117.599997338457        636.859075682370     
   117.699997332520        636.870657552704     
   117.799997326583        636.882851286027     
   117.899997320646        636.895641165131     
   117.999997314709        636.909011368289     
   118.099997308773        636.922945983174     
   118.199997302836        636.937429020671     
   118.299997296899        636.952444428910     
   118.399997290962        636.967976107296     
   118.499997285025        636.984007923209     
   118.599997279089        637.000523727848     
   118.699997273152        637.017507360583     
   118.799997267215        637.034942668134     
   118.899997261278        637.052813518735     
   118.999997255341        637.071103804061     
   119.099997249404        637.089797429142     
   119.199997243468        637.108878466657     
   119.299997237531        637.128331005443     
   119.399997231594        637.148139221422     
   119.499997225657        637.168287321415     
   119.599997219720        637.188759763785     
   119.699997213784        637.209541045107     
   119.799997207847        637.230615772708     
   119.899997201910        637.251968789540     
   119.999997195973        637.273584984151     
   120.099997190036        588.195009241054     
   120.199997184100        591.226535860591     
   120.299997178163        594.308685983871     
   120.399997172226        597.325845573693     
   120.499997166289        600.294790490990     
   120.599997160352        603.228870979347     
   120.699997154415        606.133420954390     
   120.799997148479        608.984472559299     
   120.899997142542        611.627439485473     
   120.999997136605        613.352934995451     
   121.099997130668        611.400781511846     
   121.199997124731        597.012483460505     
   121.299997118795        550.818545796071     
   121.399997112858        454.136027597403     
   121.499997106921        321.819209662137     
   121.599997100984        196.096256136256     
   121.699997095047        104.266914561784     
   121.799997089110        48.8715076215888     
   121.899997083174        20.4116882853105     
   121.999997077237        7.78081753431916     
   122.099997071300        2.83953366591005     
   122.199997065363        1.07262238135066     
   122.299997059426       0.462382544095615     
   122.399997053490       0.243381161970484     
   122.499997047553       0.155153298546699     
   122.599997041616       0.113356448291759     
   122.699997035679       9.025127188388200E-002
   122.799997029742       7.592628283301227E-002
   122.899997023805       6.633509883459127E-002
   122.999997017869       5.956867385085321E-002
   123.099997011932       5.461037713448944E-002
   123.199997005995       5.086905764509288E-002
   123.299997000058       4.797896141566905E-002
   123.399996994121       4.570317093433160E-002
   123.499996988185       4.388256498146695E-002
   123.599996982248       4.240699998483278E-002
   123.699996976311       4.119822378368445E-002
   123.799996970374       4.019935142334752E-002
   123.899996964437       3.936817587972502E-002
   123.999996958500       3.867280025727370E-002
   124.099996952564       3.808871737649314E-002
   124.199996946627       3.759681513219863E-002
   124.299996940690       3.718198753569633E-002
   124.399996934753       3.683215017202827E-002
   124.499996928816       3.653753073500508E-002
   124.599996922880       3.629014987975851E-002
   124.699996916943       3.608343584269343E-002
   124.799996911006       3.591193447389825E-002
   124.899996905069       3.577108826888508E-002
   124.999996899132       3.565706595050281E-002
   125.099996893195       3.556662954285588E-002
   125.199996887259       3.549702957892466E-002
   125.299996881322       3.544592165575818E-002
   125.399996875385       3.541129936116798E-002
   125.499996869448       3.539143988384662E-002
   125.599996863511       3.538485954540527E-002
   125.699996857575       3.539027716613687E-002
   125.799996851638       3.540658367004450E-002
   125.899996845701       3.543281670056114E-002
   125.999996839764       3.546813929151025E-002
   126.099996833827       3.551182184371116E-002
   126.199996827890       3.556322681434332E-002
   126.299996821954       3.562179564578197E-002
   126.399996816017       3.568703755367773E-002
   126.499996810080       3.575851986615042E-002
   126.599996804143       3.583585966281049E-002
   126.699996798206       3.591871650764509E-002
   126.799996792270       3.600678610387424E-002
   126.899996786333       3.609979473384513E-002
   126.999996780396       3.619749436045341E-002
   127.099996774459       3.629965829618730E-002
   127.199996768522       3.640607735632618E-002
   127.299996762585       3.651655642709996E-002
   127.399996756649       3.663091139158606E-002
   127.499996750712       3.674896636527658E-002
   127.599996744775       3.687055120154600E-002
   127.699996738838       3.699549923436268E-002
   127.799996732901       3.712364523171928E-002
   127.899996726965       3.725482353880774E-002
   127.999996721028       3.738886639463780E-002
   128.099996715091       3.752560241018427E-002
   128.199996709154       3.766485519986338E-002
   128.299996703217       3.780644216153026E-002
   128.399996697280       3.795017340318108E-002
   128.499996691344       3.809585081707408E-002
   128.599996685407       3.824326730425753E-002
   128.699996679470       3.839220615420987E-002
   128.799996673533       3.854244058586016E-002
   128.899996667596       3.869373345701312E-002
   128.999996661660       3.884583714995893E-002
   129.099996655723       3.899849364091705E-002
   129.199996649786       3.915143476058012E-002
   129.299996643849       3.930438265194539E-002
   129.399996637912       3.945705043025280E-002
   129.499996631975       3.960914304758344E-002
   129.599996626039       3.976035836267160E-002
   129.699996620102       3.991038841180391E-002
   129.799996614165       4.005892087218104E-002
   129.899996608228       4.020564071969381E-002
   129.999996602291       4.035023204707962E-002
   130.099996596355       4.049238003895048E-002
   130.199996590418       4.063177307576535E-002
   130.299996584481       4.076810494040910E-002
   130.399996578544       4.090107709696243E-002
   130.499996572607       4.103040100805661E-002
   130.599996566670       4.115580045456849E-002
   130.699996560734       4.127701381941256E-002
   130.799996554797       4.139379629657471E-002
   130.899996548860       4.150592198623003E-002
   130.999996542923       4.161318583812146E-002
   131.099996536986       4.171540540731584E-002
   131.199996531050       4.181242238955294E-002
   131.299996525113       4.190410390774010E-002
   131.399996519176       4.199034352569885E-002
   131.499996513239       4.207106197107519E-002
   131.599996507302       4.214620755521989E-002
   131.699996501365       4.221575628444726E-002
   131.799996495429       4.227971166342559E-002
   131.899996489492       4.233810419779533E-002
   131.999996483555       4.239099060883223E-002
   132.099996477618       4.243845277973962E-002
   132.199996471681       4.248059645581032E-002
   132.299996465745       4.251754972743305E-002
   132.399996459808       4.254946131977726E-002
   132.499996453871       4.257649874948462E-002
   132.599996447934       4.259884632783763E-002
   132.699996441997       4.261670310348337E-002
   132.799996436060       4.263028074849769E-002
   132.899996430124       4.263980142279189E-002
   132.999996424187       4.264549565237297E-002
   133.099996418250       4.264760024915801E-002
   133.199996412313       4.264635629584228E-002
   133.299996406376       4.264200721988411E-002
   133.399996400440       4.263479697415695E-002
   133.499996394503       4.262496833949496E-002
   133.599996388566       4.261276136121080E-002
   133.699996382629       4.259841192762327E-002
   133.799996376692       4.258215049527669E-002
   133.899996370756       4.256420096384880E-002
   133.999996364819       4.254477969956436E-002
   134.099996358882       4.252409470522137E-002
   134.199996352945       4.250234493104448E-002
   134.299996347008       4.247971972136627E-002
   134.399996341071       4.245639838868846E-002
   134.499996335135       4.243254990708723E-002
   134.599996329198       4.240833271523638E-002
   134.699996323261       4.238389462023379E-002
   134.799996317324       4.235937279174699E-002
   134.899996311387       4.233489383687039E-002
   134.999996305451       4.231057394630642E-002
   135.099996299514       4.228651910206473E-002
   135.199996293577       4.226282533851355E-002
   135.299996287640       4.223957904786180E-002
   135.399996281703       4.221685732210814E-002
   135.499996275766       4.219472832502791E-002
   135.599996269830       4.217325168693440E-002
   135.699996263893       4.215247891666257E-002
   135.799996257956       4.213245382471753E-002
   135.899996252019       4.211321295412931E-002
   135.999996246082       4.209478601349270E-002
   136.099996240146       4.207719630983501E-002
   136.199996234209       4.206046117686304E-002
   136.299996228272       4.204459239703692E-002
   136.399996222335       4.202959661495130E-002
   136.499996216398       4.201547573987466E-002
   136.599996210461       4.200222733640647E-002
   136.699996204525       4.198984500162180E-002
   136.799996198588       4.197831872824935E-002
   136.899996192651       4.196763525306948E-002
   136.999996186714       4.195777839014715E-002
   137.099996180777       4.194872934805242E-002
   137.199996174841       4.194046703193115E-002
   137.299996168904       4.193296832984111E-002
   137.399996162967       4.192620838347532E-002
   137.499996157030       4.192016084354117E-002
   137.599996151093       4.191479811026488E-002
   137.699996145156       4.191009155885974E-002
   137.799996139220       4.190601175106391E-002
   137.899996133283       4.190252863249266E-002
   137.999996127346       4.189961171648857E-002
   138.099996121409       4.189723025474653E-002
   138.199996115472       4.189535339579894E-002
   138.299996109536       4.189395033088808E-002
   138.399996103599       4.189299042835190E-002
   138.499996097662       4.189244335657791E-002
   138.599996091725       4.189227919639987E-002
   138.699996085788       4.189246854298796E-002
   138.799996079851       4.189298259779405E-002
   138.899996073915       4.189379325126306E-002
   138.999996067978       4.189487315625305E-002
   139.099996062041       4.189619579251065E-002
   139.199996056104       4.189773552379918E-002
   139.299996050167       4.189946764618300E-002
   139.399996044231       4.190136842924985E-002
   139.499996038294       4.190341515067258E-002
   139.599996032357       4.190558612314720E-002
   139.699996026420       4.190786071583367E-002
   139.799996020483       4.191021936913003E-002
   139.899996014546       4.191264360436899E-002
   139.999996008610       4.191511602767165E-002
   140.099996002673       4.191762032945328E-002
   140.199995996736       4.192014127895559E-002
   140.299995990799       4.192266471436784E-002
   140.399995984862       4.192517752918343E-002
   140.499995978926       4.192766765492002E-002
   140.599995972989       4.193012404060235E-002
   140.699995967052       4.193253662875168E-002
   140.799995961115       4.193489632938249E-002
   140.899995955178       4.193719499108501E-002
   140.999995949241       4.193942536934030E-002
   141.099995943305       4.194158109482673E-002
   141.199995937368       4.194365663807607E-002
   141.299995931431       4.194564727377900E-002
   141.399995925494       4.194754904398479E-002
   141.499995919557       4.194935872025323E-002
   141.599995913621       4.195107376499349E-002
   141.699995907684       4.195269229230409E-002
   141.799995901747       4.195421303020292E-002
   141.899995895810       4.195563527918005E-002
   141.999995889873       4.195695887562394E-002
   142.099995883936       4.195818415097317E-002
   142.199995878000       4.195931189477894E-002
   142.299995872063       4.196034331685691E-002
   142.399995866126       4.196128001009475E-002
   142.499995860189       4.196212391461040E-002
   142.599995854252       4.196287728262599E-002
   142.699995848316       4.196354264465090E-002
   142.799995842379       4.196412277658172E-002
   142.899995836442       4.196462066805817E-002
   142.999995830505       4.196503949194517E-002
   143.099995824568       4.196538257667790E-002
   143.199995818631       4.196565337684664E-002
   143.299995812695       4.196585544749292E-002
   143.399995806758       4.196599242149337E-002
   143.499995800821       4.196606798255540E-002
   143.599995794884       4.196608584772801E-002
   143.699995788947       4.196604974273286E-002
   143.799995783011       4.196596338696346E-002
   143.899995777074       4.196583047407752E-002
   143.999995771137       4.196565465509481E-002
   144.099995765200       4.196543952628197E-002
   144.199995759263       4.196518861427058E-002
   144.299995753326       4.196490536430673E-002
   144.399995747390       4.196459312965722E-002
   144.499995741453       4.196425516223898E-002
   144.599995735516       4.196389460441249E-002
   144.699995729579       4.196351448192918E-002
   144.799995723642       4.196311769793585E-002
   144.899995717706       4.196270702803762E-002
   144.999995711769       4.196228511631852E-002
   145.099995705832       4.196185447226685E-002
   145.199995699895       4.196141746857478E-002
   145.299995693958       4.196097633966489E-002
   145.399995688021       4.196053318081976E-002
   145.499995682085       4.196008995078110E-002
   145.599995676148       4.195964846900670E-002
   145.699995670211       4.195921041774216E-002
   145.799995664274       4.195877734776456E-002
   145.899995658337       4.195835067498122E-002
   145.999995652401       4.195793168835568E-002
   146.099995646464       4.195752154993120E-002
   146.199995640527       4.195712130077673E-002
   146.299995634590       4.195673186248556E-002
   146.399995628653       4.195635404509623E-002
   146.499995622716       4.195598854602527E-002
   146.599995616780       4.195563596118247E-002
   146.699995610843       4.195529678609564E-002
   146.799995604906       4.195497141912306E-002
   146.899995598969       4.195466017081306E-002
   146.999995593032       4.195436326702165E-002
   147.099995587096       4.195408085351838E-002
   147.199995581159       4.195381300119334E-002
   147.299995575222       4.195355971101985E-002
   147.399995569285       4.195332092035169E-002
   147.499995563348       4.195309650691635E-002
   147.599995557411       4.195288629380692E-002
   147.699995551475       4.195269005430023E-002
   147.799995545538       4.195250751649882E-002
   147.899995539601       4.195233836788384E-002
   147.999995533664       4.195218225969996E-002
   148.099995527727       4.195203881111789E-002
   148.199995521791       4.195190761343310E-002
   148.299995515854       4.195178823498895E-002
   148.399995509917       4.195168022312936E-002
   148.499995503980       4.195158310807573E-002
   148.599995498043       4.195149640628380E-002
   148.699995492106       4.195141962421952E-002
   148.799995486170       4.195135226431578E-002
   148.899995480233       4.195129382190474E-002
   148.999995474296       4.195124378878945E-002
   149.099995468359       4.195120166047239E-002
   149.199995462422       4.195116693755335E-002
   149.299995456486       4.195113911877870E-002
   149.399995450549       4.195111771625672E-002
   149.499995444612       4.195110224989836E-002
   149.599995438675       4.195109224398231E-002
   149.699995432738       4.195108724552697E-002
   149.799995426802       4.195108680170379E-002
   149.899995420865       4.195109048544992E-002
   149.999995414928       4.195109787511034E-002
