   95.0999986742407        41.9509577433089     
   95.1999986683039        41.9509576670533     
   95.2999986623671        41.9509575907930     
   95.3999986564303        41.9509575145281     
   95.4999986504935        41.9509574382584     
   95.5999986445566        41.9509573619824     
   95.6999986386198        41.9509572857029     
   95.7999986326830        41.9509572094171     
   95.8999986267462        41.9509571331270     
   95.9999986208094        41.9509570568320     
   96.0999986148725        41.9509569805318     
   96.1999986089357        41.9509569042268     
   96.2999986029989        41.9509568279174     
   96.3999985970621        41.9509567516016     
   96.4999985911253        41.9509566752824     
   96.5999985851885        41.9509565989570     
   96.6999985792516        41.9509565226268     
   96.7999985733148        41.9509564462919     
   96.8999985673780        41.9509563699522     
   96.9999985614412        41.9509562936073     
   97.0999985555044        41.9509562172567     
   97.1999985495676        41.9509561409025     
   97.2999985436307        41.9509560645425     
   97.3999985376939        41.9509559881772     
   97.4999985317571        41.9509559118072     
   97.5999985258203        41.9509558354326     
   97.6999985198835        41.9509557590533     
   97.7999985139466        41.9509556826677     
   97.8999985080098        41.9509556062783     
   97.9999985020730        41.9509555298827     
   98.0999984961362        41.9509554534833     
   98.1999984901994        41.9509553770786     
   98.2999984842626        41.9509553006687     
   98.3999984783257        41.9509552242534     
   98.4999984723889        41.9509551478341     
   98.5999984664521        41.9509550714093     
   98.6999984605153        41.9509549949797     
   98.7999984545785        41.9509549185443     
   98.8999984486417        41.9509548421045     
   98.9999984427048        41.9509547656597     
   99.0999984367680        41.9509546892100     
   99.1999984308312        41.9509546127558     
   99.2999984248944        41.9509545362957     
   99.3999984189576        41.9509544598311     
   99.4999984130207        41.9509543833607     
   99.5999984070839        41.9509543068863     
   99.6999984011471        41.9509542304066     
   99.7999983952103        41.9509541539216     
   99.8999983892735        41.9509540774319     
   99.9999983833367        41.9509540009382     
   100.099998377400        91.7085246773966     
   100.199998371463        101.179505856367     
   100.299998365526        112.635999824374     
   100.399998359589        136.342250956716     
   100.499998353653        184.709445199930     
   100.599998347716        294.863120142484     
   100.699998341779        585.999156759125     
   100.799998335842        1416.61613452196     
   100.899998329905        3608.36222614561     
   100.999998323968        8368.95975991929     
   101.099998318032        16687.8282431857     
   101.199998312095        28719.5091555587     
   101.299998306158        43777.8362932969     
   101.399998300221        60925.5197113891     
   101.499998294284        79600.4235807197     
   101.599998288348        99873.4626031636     
   101.699998282411        122360.983327576     
   101.799998276474        147980.656577426     
   101.899998270537        177675.588384120     
   101.999998264600        212141.284530007     
   102.099998258663        251562.852503270     
   102.199998252727        295399.959395166     
   102.299998246790        342302.662936612     
   102.399998240853        390244.980239818     
   102.499998234916        436886.375543421     
   102.599998228979        480047.682720208     
   102.699998223043        518116.490539878     
   102.799998217106        550242.838561882     
   102.899998211169        576306.167296306     
   102.999998205232        596732.404230594     
   103.099998199295        612265.508838583     
   103.199998193358        623768.407128808     
   103.299998187422        632084.848672847     
   103.399998181485        637962.133375947     
   103.499998175548        642020.145859031     
   103.599998169611        644749.653356578     
   103.699998163674        646525.969311023     
   103.799998157738        647628.604913295     
   103.899998151801        648261.451409058     
   103.999998145864        648570.802734478     
   104.099998139927        648660.232148528     
   104.199998133990        648602.263889455     
   104.299998128054        648447.211457543     
   104.399998122117        648229.698829808     
   104.499998116180        647973.378481946     
   104.599998110243        647694.293366729     
   104.699998104306        647403.244187291     
   104.799998098369        647107.440550453     
   104.899998092433        646811.643932691     
   104.999998086496        646518.954051133     
   105.099998080559        646231.347224951     
   105.199998074622        645950.043461254     
   105.299998068685        645675.755921981     
   105.399998062749        645408.859981974     
   105.499998056812        645149.507513680     
   105.599998050875        644897.703967959     
   105.699998044938        644653.360243287     
   105.799998039001        644416.327501555     
   105.899998033064        644186.420466806     
   105.999998027128        643963.432955991     
   106.099998021191        643747.148176960     
   106.199998015254        643537.345505887     
   106.299998009317        643333.804899334     
   106.399998003380        643136.309720063     
   106.499997997444        642944.648501412     
   106.599997991507        642758.616003906     
   106.699997985570        642578.013801573     
   106.799997979633        642402.650559000     
   106.899997973696        642232.342105635     
   106.999997967759        642066.911379179     
   107.099997961823        641906.188288769     
   107.199997955886        641750.009525623     
   107.299997949949        641598.218349088     
   107.399997944012        641450.664353001     
   107.499997938075        641307.203233249     
   107.599997932139        641167.696552168     
   107.699997926202        641032.011503624     
   107.799997920265        640900.020699674     
   107.899997914328        640771.601942183     
   107.999997908391        640646.638033343     
   108.099997902454        640525.016567138     
   108.199997896518        640406.629707218     
   108.299997890581        640291.374111079     
   108.399997884644        640179.150647694     
   108.499997878707        640069.864201020     
   108.599997872770        639963.423720401     
   108.699997866834        639859.741874533     
   108.799997860897        639758.734972239     
   108.899997854960        639660.322826701     
   108.999997849023        639564.428625015     
   109.099997843086        639470.978803294     
   109.199997837149        639379.902927007     
   109.299997831213        639291.133576172     
   109.399997825276        639204.606235114     
   109.499997819339        639120.259186447     
   109.599997813402        639038.033409040     
   109.699997807465        638957.872479682     
   109.799997801529        638879.722478178     
   109.899997795592        638803.531895697     
   109.999997789655        638729.251546120     
   110.099997783718        638656.834480203     
   110.199997777781        638586.235902342     
   110.299997771844        638517.413089830     
   110.399997765908        638450.325314364     
   110.499997759971        638384.933765720     
   110.599997754034        638321.201477407     
   110.699997748097        638259.093254225     
   110.799997742160        638198.575601566     
   110.899997736224        638139.616656370     
   110.999997730287        638082.186119638     
   111.099997724350        638026.255190429     
   111.199997718413        637971.796501214     
   111.299997712476        637918.784054586     
   111.399997706539        637867.193161209     
   111.499997700603        637817.000378972     
   111.599997694666        637768.183453308     
   111.699997688729        637720.721258619     
   111.799997682792        637674.593740799     
   111.899997676855        637629.781860813     
   111.999997670919        637586.267539306     
   112.099997664982        637544.033602261     
   112.199997659045        637503.063727640     
   112.299997653108        637463.342393087     
   112.399997647171        637424.854824599     
   112.499997641234        637387.586946263     
   112.599997635298        637351.525330990     
   112.699997629361        637316.657152332     
   112.799997623424        637282.970137344     
   112.899997617487        637250.452520523     
   112.999997611550        637219.092998895     
   113.099997605614        637188.880688175     
   113.199997599677        637159.805080171     
   113.299997593740        637131.856001293     
   113.399997587803        637105.023572328     
   113.499997581866        637079.298169461     
   113.599997575929        637054.670386551     
   113.699997569993        637031.130998744     
   113.799997564056        637008.670927412     
   113.899997558119        636987.281206431     
   113.999997552182        636966.952949903     
   114.099997546245        636947.677321236     
   114.199997540309        636929.445503730     
   114.299997534372        636912.248672542     
   114.399997528435        636896.077968221     
   114.499997522498        636880.924471668     
   114.599997516561        636866.779180655     
   114.699997510624        636853.632987824     
   114.799997504688        636841.476660255     
   114.899997498751        636830.300820519     
   114.999997492814        636820.095929305     
   115.099997486877        636810.852269536     
   115.199997480940        636802.559932044     
   115.299997475004        636795.208802718     
   115.399997469067        636788.788551171     
   115.499997463130        636783.288620886     
   115.599997457193        636778.698220789     
   115.699997451256        636775.006318288     
   115.799997445319        636772.201633711     
   115.899997439383        636770.272636073     
   115.999997433446        636769.207540234     
   116.099997427509        636768.994305339     
   116.199997421572        636769.620634477     
   116.299997415635        636771.073975615     
   116.399997409699        636773.341523665     
   116.499997403762        636776.410223667     
   116.599997397825        636780.266775066     
   116.699997391888        636784.897637001     
   116.799997385951        636790.289034537     
   116.899997380014        636796.426965854     
   116.999997374078        636803.297210229     
   117.099997368141        636810.885336891     
   117.199997362204        636819.176714557     
   117.299997356267        636828.156521666     
   117.399997350330        636837.809757274     
   117.499997344394        636848.121252482     
   117.599997338457        636859.075682370     
   117.699997332520        636870.657552704     
   117.799997326583        636882.851286027     
   117.899997320646        636895.641165131     
   117.999997314709        636909.011368289     
   118.099997308773        636922.945983174     
   118.199997302836        636937.429020671     
   118.299997296899        636952.444428910     
   118.399997290962        636967.976107296     
   118.499997285025        636984.007923209     
   118.599997279089        637000.523727848     
   118.699997273152        637017.507360583     
   118.799997267215        637034.942668134     
   118.899997261278        637052.813518735     
   118.999997255341        637071.103804061     
   119.099997249404        637089.797429142     
   119.199997243468        637108.878466657     
   119.299997237531        637128.331005443     
   119.399997231594        637148.139221422     
   119.499997225657        637168.287321415     
   119.599997219720        637188.759763785     
   119.699997213784        637209.541045107     
   119.799997207847        637230.615772708     
   119.899997201910        637251.968789540     
   119.999997195973        637273.584984151     
   120.099997190036        588195.009241054     
   120.199997184100        591226.535860591     
   120.299997178163        594308.685983871     
   120.399997172226        597325.845573693     
   120.499997166289        600294.790490990     
   120.599997160352        603228.870979347     
   120.699997154415        606133.420954390     
   120.799997148479        608984.472559299     
   120.899997142542        611627.439485473     
   120.999997136605        613352.934995451     
   121.099997130668        611400.781511846     
   121.199997124731        597012.483460505     
   121.299997118795        550818.545796071     
   121.399997112858        454136.027597403     
   121.499997106921        321819.209662137     
   121.599997100984        196096.256136256     
   121.699997095047        104266.914561784     
   121.799997089110        48871.5076215888     
   121.899997083174        20411.6882853105     
   121.999997077237        7780.81753431916     
   122.099997071300        2839.53366591005     
   122.199997065363        1072.62238135066     
   122.299997059426        462.382544095615     
   122.399997053490        243.381161970484     
   122.499997047553        155.153298546699     
   122.599997041616        113.356448291759     
   122.699997035679        90.2512718838820     
   122.799997029742        75.9262828330123     
   122.899997023805        66.3350988345913     
   122.999997017869        59.5686738508532     
   123.099997011932        54.6103771344894     
   123.199997005995        50.8690576450929     
   123.299997000058        47.9789614156690     
   123.399996994121        45.7031709343316     
   123.499996988185        43.8825649814669     
   123.599996982248        42.4069999848328     
   123.699996976311        41.1982237836844     
   123.799996970374        40.1993514233475     
   123.899996964437        39.3681758797250     
   123.999996958500        38.6728002572737     
   124.099996952564        38.0887173764931     
   124.199996946627        37.5968151321986     
   124.299996940690        37.1819875356963     
   124.399996934753        36.8321501720283     
   124.499996928816        36.5375307350051     
   124.599996922880        36.2901498797585     
   124.699996916943        36.0834358426934     
   124.799996911006        35.9119344738983     
   124.899996905069        35.7710882688851     
   124.999996899132        35.6570659505028     
   125.099996893195        35.5666295428559     
   125.199996887259        35.4970295789247     
   125.299996881322        35.4459216557582     
   125.399996875385        35.4112993611680     
   125.499996869448        35.3914398838466     
   125.599996863511        35.3848595454053     
   125.699996857575        35.3902771661369     
   125.799996851638        35.4065836700445     
   125.899996845701        35.4328167005611     
   125.999996839764        35.4681392915102     
   126.099996833827        35.5118218437112     
   126.199996827890        35.5632268143433     
   126.299996821954        35.6217956457820     
   126.399996816017        35.6870375536777     
   126.499996810080        35.7585198661504     
   126.599996804143        35.8358596628105     
   126.699996798206        35.9187165076451     
   126.799996792270        36.0067861038742     
   126.899996786333        36.0997947338451     
   126.999996780396        36.1974943604534     
   127.099996774459        36.2996582961873     
   127.199996768522        36.4060773563262     
   127.299996762585        36.5165564271000     
   127.399996756649        36.6309113915861     
   127.499996750712        36.7489663652766     
   127.599996744775        36.8705512015460     
   127.699996738838        36.9954992343627     
   127.799996732901        37.1236452317193     
   127.899996726965        37.2548235388077     
   127.999996721028        37.3888663946378     
   128.099996715091        37.5256024101843     
   128.199996709154        37.6648551998634     
   128.299996703217        37.8064421615303     
   128.399996697280        37.9501734031811     
   128.499996691344        38.0958508170741     
   128.599996685407        38.2432673042575     
   128.699996679470        38.3922061542099     
   128.799996673533        38.5424405858602     
   128.899996667596        38.6937334570131     
   128.999996661660        38.8458371499589     
   129.099996655723        38.9984936409170     
   129.199996649786        39.1514347605801     
   129.299996643849        39.3043826519454     
   129.399996637912        39.4570504302528     
   129.499996631975        39.6091430475834     
   129.599996626039        39.7603583626716     
   129.699996620102        39.9103884118039     
   129.799996614165        40.0589208721810     
   129.899996608228        40.2056407196938     
   129.999996602291        40.3502320470796     
   130.099996596355        40.4923800389505     
   130.199996590418        40.6317730757653     
   130.299996584481        40.7681049404091     
   130.399996578544        40.9010770969624     
   130.499996572607        41.0304010080566     
   130.599996566670        41.1558004545685     
   130.699996560734        41.2770138194126     
   130.799996554797        41.3937962965747     
   130.899996548860        41.5059219862300     
   130.999996542923        41.6131858381215     
   131.099996536986        41.7154054073158     
   131.199996531050        41.8124223895529     
   131.299996525113        41.9041039077401     
   131.399996519176        41.9903435256989     
   131.499996513239        42.0710619710752     
   131.599996507302        42.1462075552199     
   131.699996501365        42.2157562844473     
   131.799996495429        42.2797116634256     
   131.899996489492        42.3381041977953     
   131.999996483555        42.3909906088322     
   132.099996477618        42.4384527797396     
   132.199996471681        42.4805964558103     
   132.299996465745        42.5175497274330     
   132.399996459808        42.5494613197773     
   132.499996453871        42.5764987494846     
   132.599996447934        42.5988463278376     
   132.699996441997        42.6167031034834     
   132.799996436060        42.6302807484977     
   132.899996430124        42.6398014227919     
   132.999996424187        42.6454956523730     
   133.099996418250        42.6476002491580     
   133.199996412313        42.6463562958423     
   133.299996406376        42.6420072198841     
   133.399996400440        42.6347969741569     
   133.499996394503        42.6249683394950     
   133.599996388566        42.6127613612108     
   133.699996382629        42.5984119276233     
   133.799996376692        42.5821504952767     
   133.899996370756        42.5642009638488     
   133.999996364819        42.5447796995644     
   134.099996358882        42.5240947052214     
   134.199996352945        42.5023449310445     
   134.299996347008        42.4797197213663     
   134.399996341071        42.4563983886885     
   134.499996335135        42.4325499070872     
   134.599996329198        42.4083327152364     
   134.699996323261        42.3838946202338     
   134.799996317324        42.3593727917470     
   134.899996311387        42.3348938368704     
   134.999996305451        42.3105739463064     
   135.099996299514        42.2865191020647     
   135.199996293577        42.2628253385136     
   135.299996287640        42.2395790478618     
   135.399996281703        42.2168573221081     
   135.499996275766        42.1947283250279     
   135.599996269830        42.1732516869344     
   135.699996263893        42.1524789166626     
   135.799996257956        42.1324538247175     
   135.899996252019        42.1132129541293     
   135.999996246082        42.0947860134927     
   136.099996240146        42.0771963098350     
   136.199996234209        42.0604611768630     
   136.299996228272        42.0445923970369     
   136.399996222335        42.0295966149513     
   136.499996216398        42.0154757398747     
   136.599996210461        42.0022273364065     
   136.699996204525        41.9898450016218     
   136.799996198588        41.9783187282493     
   136.899996192651        41.9676352530695     
   136.999996186714        41.9577783901471     
   137.099996180777        41.9487293480524     
   137.199996174841        41.9404670319311     
   137.299996168904        41.9329683298411     
   137.399996162967        41.9262083834753     
   137.499996157030        41.9201608435412     
   137.599996151093        41.9147981102649     
   137.699996145156        41.9100915588597     
   137.799996139220        41.9060117510639     
   137.899996133283        41.9025286324927     
   137.999996127346        41.8996117164886     
   138.099996121409        41.8972302547465     
   138.199996115472        41.8953533957989     
   138.299996109536        41.8939503308881     
   138.399996103599        41.8929904283519     
   138.499996097662        41.8924433565779     
   138.599996091725        41.8922791963999     
   138.699996085788        41.8924685429880     
   138.799996079851        41.8929825977940     
   138.899996073915        41.8937932512631     
   138.999996067978        41.8948731562530     
   139.099996062041        41.8961957925107     
   139.199996056104        41.8977355237992     
   139.299996050167        41.8994676461830     
   139.399996044231        41.9013684292498     
   139.499996038294        41.9034151506726     
   139.599996032357        41.9055861231472     
   139.699996026420        41.9078607158337     
   139.799996020483        41.9102193691300     
   139.899996014546        41.9126436043690     
   139.999996008610        41.9151160276716     
   140.099996002673        41.9176203294533     
   140.199995996736        41.9201412789556     
   140.299995990799        41.9226647143678     
   140.399995984862        41.9251775291834     
   140.499995978926        41.9276676549200     
   140.599995972989        41.9301240406023     
   140.699995967052        41.9325366287517     
   140.799995961115        41.9348963293825     
   140.899995955178        41.9371949910850     
   140.999995949241        41.9394253693403     
   141.099995943305        41.9415810948267     
   141.199995937368        41.9436566380761     
   141.299995931431        41.9456472737790     
   141.399995925494        41.9475490439848     
   141.499995919557        41.9493587202532     
   141.599995913621        41.9510737649935     
   141.699995907684        41.9526922923041     
   141.799995901747        41.9542130302029     
   141.899995895810        41.9556352791801     
   141.999995889873        41.9569588756239     
   142.099995883936        41.9581841509732     
   142.199995878000        41.9593118947789     
   142.299995872063        41.9603433168569     
   142.399995866126        41.9612800100948     
   142.499995860189        41.9621239146104     
   142.599995854252        41.9628772826260     
   142.699995848316        41.9635426446509     
   142.799995842379        41.9641227765817     
   142.899995836442        41.9646206680582     
   142.999995830505        41.9650394919452     
   143.099995824568        41.9653825766779     
   143.199995818631        41.9656533768466     
   143.299995812695        41.9658554474929     
   143.399995806758        41.9659924214934     
   143.499995800821        41.9660679825554     
   143.599995794884        41.9660858477280     
   143.699995788947        41.9660497427329     
   143.799995783011        41.9659633869635     
   143.899995777074        41.9658304740775     
   143.999995771137        41.9656546550948     
   144.099995765200        41.9654395262820     
   144.199995759263        41.9651886142706     
   144.299995753326        41.9649053643067     
   144.399995747390        41.9645931296572     
   144.499995741453        41.9642551622390     
   144.599995735516        41.9638946044125     
   144.699995729579        41.9635144819292     
   144.799995723642        41.9631176979359     
   144.899995717706        41.9627070280376     
   144.999995711769        41.9622851163185     
   145.099995705832        41.9618544722669     
   145.199995699895        41.9614174685748     
   145.299995693958        41.9609763396649     
   145.399995688021        41.9605331808198     
   145.499995682085        41.9600899507811     
   145.599995676148        41.9596484690067     
   145.699995670211        41.9592104177422     
   145.799995664274        41.9587773477646     
   145.899995658337        41.9583506749812     
   145.999995652401        41.9579316883557     
   146.099995646464        41.9575215499312     
   146.199995640527        41.9571213007767     
   146.299995634590        41.9567318624856     
   146.399995628653        41.9563540450962     
   146.499995622716        41.9559885460253     
   146.599995616780        41.9556359611825     
   146.699995610843        41.9552967860956     
   146.799995604906        41.9549714191231     
   146.899995598969        41.9546601708131     
   146.999995593032        41.9543632670216     
   147.099995587096        41.9540808535184     
   147.199995581159        41.9538130011933     
   147.299995575222        41.9535597110198     
   147.399995569285        41.9533209203517     
   147.499995563348        41.9530965069164     
   147.599995557411        41.9528862938069     
   147.699995551475        41.9526900543002     
   147.799995545538        41.9525075164988     
   147.899995539601        41.9523383678838     
   147.999995533664        41.9521822597000     
   148.099995527727        41.9520388111179     
   148.199995521791        41.9519076134331     
   148.299995515854        41.9517882349889     
   148.399995509917        41.9516802231294     
   148.499995503980        41.9515831080757     
   148.599995498043        41.9514964062838     
   148.699995492106        41.9514196242195     
   148.799995486170        41.9513522643158     
   148.899995480233        41.9512938219047     
   148.999995474296        41.9512437887894     
   149.099995468359        41.9512016604724     
   149.199995462422        41.9511669375534     
   149.299995456486        41.9511391187787     
   149.399995450549        41.9511177162567     
   149.499995444612        41.9511022498984     
   149.599995438675        41.9510922439823     
   149.699995432738        41.9510872455270     
   149.799995426802        41.9510868017038     
   149.899995420865        41.9510904854499     
   149.999995414928        41.9510978751103     
