   95.0999986742407       -2247.39437272172     
   95.1999986683039       -2247.39437269260     
   95.2999986623671       -2247.39437266350     
   95.3999986564303       -2247.39437263434     
   95.4999986504935       -2247.39437260520     
   95.5999986445566       -2247.39437257611     
   95.6999986386198       -2247.39437254692     
   95.7999986326830       -2247.39437251781     
   95.8999986267462       -2247.39437248868     
   95.9999986208094       -2247.39437245952     
   96.0999986148725       -2247.39437243041     
   96.1999986089357       -2247.39437240121     
   96.2999986029989       -2247.39437237210     
   96.3999985970621       -2247.39437234291     
   96.4999985911253       -2247.39437231380     
   96.5999985851885       -2247.39437228461     
   96.6999985792516       -2247.39437225550     
   96.7999985733148       -2247.39437222629     
   96.8999985673780       -2247.39437219716     
   96.9999985614412       -2247.39437216799     
   97.0999985555044       -2247.39437213879     
   97.1999985495676       -2247.39437210968     
   97.2999985436307       -2247.39437208047     
   97.3999985376939       -2247.39437205134     
   97.4999985317571       -2247.39437202216     
   97.5999985258203       -2247.39437199295     
   97.6999985198835       -2247.39437196381     
   97.7999985139466       -2247.39437193464     
   97.8999985080098       -2247.39437190543     
   97.9999985020730       -2247.39437187623     
   98.0999984961362       -2247.39437184711     
   98.1999984901994       -2247.39437181789     
   98.2999984842626       -2247.39437178869     
   98.3999984783257       -2247.39437175948     
   98.4999984723889       -2247.39437173036     
   98.5999984664521       -2247.39437170115     
   98.6999984605153       -2247.39437167195     
   98.7999984545785       -2247.39437164273     
   98.8999984486417       -2247.39437161352     
   98.9999984427048       -2247.39437158432     
   99.0999984367680       -2247.39437155513     
   99.1999984308312       -2247.39437152597     
   99.2999984248944       -2247.39437149675     
   99.3999984189576       -2247.39437146754     
   99.4999984130207       -2247.39437143833     
   99.5999984070839       -2247.39437140911     
   99.6999984011471       -2247.39437137989     
   99.7999983952103       -2247.39437135067     
   99.8999983892735       -2247.39437132146     
   99.9999983833367       -2247.39437129225     
   100.099998377400       -1760.44253501595     
   100.199998371463       -1799.07204478962     
   100.299998365526       -1785.60051803559     
   100.399998359589       -1761.02285694925     
   100.499998353653       -1734.29818760462     
   100.599998347716       -1707.60034910656     
   100.699998341779       -1681.67843398672     
   100.799998335842       -1656.88359826504     
   100.899998329905       -1633.34938777201     
   100.999998323968       -1611.05287726051     
   101.099998318032       -1589.88326801563     
   101.199998312095       -1569.70134408449     
   101.299998306158       -1550.37852820343     
   101.399998300221       -1531.82092553615     
   101.499998294284       -1513.97909875604     
   101.599998288348       -1496.84358538763     
   101.699998282411       -1480.43198568513     
   101.799998276474       -1464.77455871220     
   101.899998270537       -1449.90182328265     
   101.999998264600       -1435.83454642784     
   102.099998258663       -1422.57566210791     
   102.199998252727       -1410.10460136883     
   102.299998246790       -1398.37588769231     
   102.399998240853       -1387.32402177263     
   102.499998234916       -1376.87459856819     
   102.599998228979       -1366.95822757841     
   102.699998223043       -1357.52195154229     
   102.799998217106       -1348.53430438668     
   102.899998211169       -1339.98367063791     
   102.999998205232       -1331.87242638225     
   103.099998199295       -1324.21000778640     
   103.199998193358       -1317.00710789007     
   103.299998187422       -1310.27186879649     
   103.399998181485       -1304.00798481998     
   103.499998175548       -1298.21421154808     
   103.599998169611       -1292.88472355087     
   103.699998163674       -1288.00987903104     
   103.799998157738       -1283.57710127817     
   103.899998151801       -1279.57171455241     
   103.999998145864       -1275.97766030807     
   104.099998139927       -1272.77807284235     
   104.199998133990       -1269.95572137789     
   104.299998128054       -1267.49333764958     
   104.399998122117       -1265.37385117720     
   104.499998116180       -1263.58055307129     
   104.599998110243       -1262.09720607921     
   104.699998104306       -1260.90811504402     
   104.799998098369       -1259.99816870042     
   104.899998092433       -1259.35286099760     
   104.999998086496       -1258.95829798953     
   105.099998080559       -1258.80119468387     
   105.199998074622       -1258.86886500707     
   105.299998068685       -1259.14920714965     
   105.399998062749       -1259.63068590326     
   105.499998056812       -1260.30231313656     
   105.599998050875       -1261.15362721194     
   105.699998044938       -1262.17467192064     
   105.799998039001       -1263.35597533298     
   105.899998033064       -1264.68852884803     
   105.999998027128       -1266.16376662841     
   106.099998021191       -1267.77354555994     
   106.199998015254       -1269.51012581118     
   106.299998009317       -1271.36615205838     
   106.399998003380       -1273.33463539229     
   106.499997997444       -1275.40893593353     
   106.599997991507       -1277.58274614627     
   106.699997985570       -1279.85007485055     
   106.799997979633       -1282.20523191168     
   106.899997973696       -1284.64281359701     
   106.999997967759       -1287.15768857288     
   107.099997961823       -1289.74498451747     
   107.199997955886       -1292.40007533416     
   107.299997949949       -1295.11856893055     
   107.399997944012       -1297.89629554305     
   107.499997938075       -1300.72929658789     
   107.599997932139       -1303.61381400504     
   107.699997926202       -1306.54628007767     
   107.799997920265       -1309.52330770897     
   107.899997914328       -1312.54168112425     
   107.999997908391       -1315.59834698919     
   108.099997902454       -1318.69040591976     
   108.199997896518       -1321.81510436381     
   108.299997890581       -1324.96982684383     
   108.399997884644       -1328.15208853461     
   108.499997878707       -1331.35952817082     
   108.599997872770       -1334.58990126926     
   108.699997866834       -1337.84107363774     
   108.799997860897       -1341.11101517730     
   108.899997854960       -1344.39779395752     
   108.999997849023       -1347.69957054793     
   109.099997843086       -1351.01459260636     
   109.199997837149       -1354.34118971138     
   109.299997831213       -1357.67776841648     
   109.399997825276       -1361.02280754334     
   109.499997819339       -1364.37485367597     
   109.599997813402       -1367.73251687973     
   109.699997807465       -1371.09446661061     
   109.799997801529       -1374.45942782155     
   109.899997795592       -1377.82617726076     
   109.999997789655       -1381.19353995820     
   110.099997783718       -1384.56038587749     
   110.199997777781       -1387.92562675117     
   110.299997771844       -1391.28821308105     
   110.399997765908       -1394.64713130159     
   110.499997759971       -1398.00140110268     
   110.599997754034       -1401.35007290767     
   110.699997748097       -1404.69222550092     
   110.799997742160       -1408.02696380266     
   110.899997736224       -1411.35341679292     
   110.999997730287       -1414.67073556245     
   111.099997724350       -1417.97809151725     
   111.199997718413       -1421.27467469447     
   111.299997712476       -1424.55969222805     
   111.399997706539       -1427.83236692719     
   111.499997700603       -1431.09193598411     
   111.599997694666       -1434.33764979163     
   111.699997688729       -1437.56877088808     
   111.799997682792       -1440.78457300629     
   111.899997676855       -1443.98434023639     
   111.999997670919       -1447.16736628682     
   112.099997664982       -1450.33295385724     
   112.199997659045       -1453.48041409878     
   112.299997653108       -1456.60906617370     
   112.399997647171       -1459.71823691139     
   112.499997641234       -1462.80726054149     
   112.599997635298       -1465.87547851428     
   112.699997629361       -1468.92223940568     
   112.799997623424       -1471.94689888464     
   112.899997617487       -1474.94881976797     
   112.999997611550       -1477.92737212695     
   113.099997605614       -1480.88193347480     
   113.199997599677       -1483.81188898754     
   113.299997593740       -1486.71663180789     
   113.399997587803       -1489.59556337995     
   113.499997581866       -1492.44809384072     
   113.599997575929       -1495.27364244224     
   113.699997569993       -1498.07163802729     
   113.799997564056       -1500.84151952169     
   113.899997558119       -1503.58273646938     
   113.999997552182       -1506.29474958374     
   114.099997546245       -1508.97703132177     
   114.199997540309       -1511.62906647755     
   114.299997534372       -1514.25035278629     
   114.399997528435       -1516.84040152971     
   114.499997522498       -1519.39873816114     
   114.599997516561       -1521.92490291912     
   114.699997510624       -1524.41845143991     
   114.799997504688       -1526.87895536482     
   114.899997498751       -1529.30600294269     
   114.999997492814       -1531.69919960505     
   115.099997486877       -1534.05816854161     
   115.199997480940       -1536.38255124084     
   115.299997475004       -1538.67200802456     
   115.399997469067       -1540.92621853418     
   115.499997463130       -1543.14488221629     
   115.599997457193       -1545.32771875693     
   115.699997451256       -1547.47446849989     
   115.799997445319       -1549.58489281155     
   115.899997439383       -1551.65877443526     
   115.999997433446       -1553.69591778943     
   116.099997427509       -1555.69614922836     
   116.199997421572       -1557.65931727974     
   116.299997415635       -1559.58529282111     
   116.399997409699       -1561.47396923051     
   116.499997403762       -1563.32526248483     
   116.599997397825       -1565.13911123085     
   116.699997391888       -1566.91547679168     
   116.799997385951       -1568.65434315566     
   116.899997380014       -1570.35571690317     
   116.999997374078       -1572.01962711103     
   117.099997368141       -1573.64612519998     
   117.199997362204       -1575.23528474869     
   117.299997356267       -1576.78720127478     
   117.399997350330       -1578.30199196086     
   117.499997344394       -1579.77979536951     
   117.599997338457       -1581.22077109141     
   117.699997332520       -1582.62509938193     
   117.799997326583       -1583.99298076844     
   117.899997320646       -1585.32463559690     
   117.999997314709       -1586.62030357988     
   118.099997308773       -1587.88024330097     
   118.199997302836       -1589.10473169699     
   118.299997296899       -1590.29406351451     
   118.399997290962       -1591.44855074413     
   118.499997285025       -1592.56852203436     
   118.599997279089       -1593.65432208601     
   118.699997273152       -1594.70631102933     
   118.799997267215       -1595.72486379055     
   118.899997261278       -1596.71036943715     
   118.999997255341       -1597.66323051238     
   119.099997249404       -1598.58386237598     
   119.199997243468       -1599.47269251695     
   119.299997237531       -1600.33015986793     
   119.399997231594       -1601.15671412229     
   119.499997225657       -1601.95281503805     
   119.599997219720       -1602.71893175160     
   119.699997213784       -1603.45554209546     
   119.799997207847       -1604.16313187096     
   119.899997201910       -1604.84219421941     
   119.999997195973       -1605.49322891252     
   120.099997190036       -2113.59814117363     
   120.199997184100       -2218.88016171826     
   120.299997178163       -2311.40335934319     
   120.399997172226       -2392.75658922417     
   120.499997166289       -2463.52177006896     
   120.599997160352       -2524.28647348279     
   120.699997154415       -2575.64415130257     
   120.799997148479       -2618.19043627462     
   120.899997142542       -2652.51870291042     
   120.999997136605       -2679.20835299855     
   121.099997130668       -2698.78578206104     
   121.199997124731       -2711.62094420382     
   121.299997118795       -2717.80486069911     
   121.399997112858       -2717.45145146329     
   121.499997106921       -2711.60257742702     
   121.599997100984       -2702.07549051187     
   121.699997095047       -2690.24411217797     
   121.799997089110       -2676.72887938042     
   121.899997083174       -2661.77113439496     
   121.999997077237       -2645.54337852155     
   122.099997071300       -2628.27729765295     
   122.199997065363       -2610.27228934406     
   122.299997059426       -2591.85228365012     
   122.399997053490       -2573.32237146377     
   122.499997047553       -2554.94449749418     
   122.599997041616       -2536.92956025029     
   122.699997035679       -2519.43862394212     
   122.799997029742       -2502.58820426362     
   122.899997023805       -2486.45700905234     
   122.999997017869       -2471.09285181262     
   123.099997011932       -2456.51910258627     
   123.199997005995       -2442.74037301615     
   123.299997000058       -2429.74732333102     
   123.399996994121       -2417.52059423156     
   123.499996988185       -2406.03393355382     
   123.599996982248       -2395.25662116409     
   123.699996976311       -2385.15530654274     
   123.799996970374       -2375.69537033945     
   123.899996964437       -2366.84191007925     
   123.999996958500       -2358.56043561339     
   124.099996952564       -2350.81734470954     
   124.199996946627       -2343.58023496296     
   124.299996940690       -2336.81809583967     
   124.399996934753       -2330.50141435314     
   124.499996928816       -2324.60221955574     
   124.599996922880       -2319.09408455182     
   124.699996916943       -2313.95209969804     
   124.799996911006       -2309.15282689717     
   124.899996905069       -2304.67424206009     
   124.999996899132       -2300.49567073719     
   125.099996893195       -2296.59772040646     
   125.199996887259       -2292.96221180444     
   125.299996881322       -2289.57211091238     
   125.399996875385       -2286.41146264480     
   125.499996869448       -2283.46532690292     
   125.599996863511       -2280.71971738288     
   125.699996857575       -2278.16154333746     
   125.799996851638       -2275.77855436927     
   125.899996845701       -2273.55928823872     
   125.999996839764       -2271.49302163562     
   126.099996833827       -2269.56972379526     
   126.199996827890       -2267.78001286803     
   126.299996821954       -2266.11511487040     
   126.399996816017       -2264.56682514137     
   126.499996810080       -2263.12747211104     
   126.599996804143       -2261.78988329601     
   126.699996798206       -2260.54735334944     
   126.799996792270       -2259.39361417172     
   126.899996786333       -2258.32280662304     
   126.999996780396       -2257.32945431991     
   127.099996774459       -2256.40843874632     
   127.199996768522       -2255.55497610055     
   127.299996762585       -2254.76459549028     
   127.399996756649       -2254.03311851376     
   127.499996750712       -2253.35664005777     
   127.599996744775       -2252.73151044219     
   127.699996738838       -2252.15431850634     
   127.799996732901       -2251.62187588424     
   127.899996726965       -2251.13120212392     
   127.999996721028       -2250.67951100240     
   128.099996715091       -2250.26419744077     
   128.199996709154       -2249.88282531414     
   128.299996703217       -2249.53311628927     
   128.399996697280       -2249.21293892723     
   128.499996691344       -2248.92029891634     
   128.599996685407       -2248.65332964408     
   128.699996679470       -2248.41028363492     
   128.799996673533       -2248.18952418492     
   128.899996667596       -2247.98951812283     
   128.999996661660       -2247.80882845465     
   129.099996655723       -2247.64610787636     
   129.199996649786       -2247.50009256581     
   129.299996643849       -2247.36959658437     
   129.399996637912       -2247.25350658331     
   129.499996631975       -2247.15077670875     
   129.599996626039       -2247.06042405122     
   129.699996620102       -2246.98152491349     
   129.799996614165       -2246.91320996131     
   129.899996608228       -2246.85466175388     
   129.999996602291       -2246.80511036533     
   130.099996596355       -2246.76383127336     
   130.199996590418       -2246.73014193532     
   130.299996584481       -2246.70339939875     
   130.399996578544       -2246.68299827773     
   130.499996572607       -2246.66836822844     
   130.599996566670       -2246.65897202033     
   130.699996560734       -2246.65430417701     
   130.799996554797       -2246.65388901619     
   130.899996548860       -2246.65727925686     
   130.999996542923       -2246.66405470909     
   131.099996536986       -2246.67382105538     
   131.199996531050       -2246.68620874490     
   131.299996525113       -2246.70087196108     
   131.399996519176       -2246.71748767312     
   131.499996513239       -2246.73575474795     
   131.599996507302       -2246.75539312636     
   131.699996501365       -2246.77614303436     
   131.799996495429       -2246.79776418941     
   131.899996489492       -2246.82003504944     
   131.999996483555       -2246.84275226412     
   132.099996477618       -2246.86573000283     
   132.199996471681       -2246.88879890401     
   132.299996465745       -2246.91180565144     
   132.399996459808       -2246.93461275188     
   132.499996453871       -2246.95709657943     
   132.599996447934       -2246.97914836108     
   132.699996441997       -2247.00067202678     
   132.799996436060       -2247.02158463960     
   132.899996430124       -2247.04181463039     
   132.999996424187       -2247.06130239124     
   133.099996418250       -2247.07999811572     
   133.199996412313       -2247.09786250956     
   133.299996406376       -2247.11486534184     
   133.399996400440       -2247.13098454444     
   133.499996394503       -2247.14620639834     
   133.599996388566       -2247.16052431224     
   133.699996382629       -2247.17393789563     
   133.799996376692       -2247.18645318310     
   133.899996370756       -2247.19808153120     
   133.999996364819       -2247.20883876992     
   134.099996358882       -2247.21874518663     
   134.199996352945       -2247.22782482116     
   134.299996347008       -2247.23610499216     
   134.399996341071       -2247.24361531774     
   134.499996335135       -2247.25038808105     
   134.599996329198       -2247.25645733769     
   134.699996323261       -2247.26185868412     
   134.799996317324       -2247.26662850247     
   134.899996311387       -2247.27080411766     
   134.999996305451       -2247.27442334271     
   135.099996299514       -2247.27752416022     
   135.199996293577       -2247.28014434301     
   135.299996287640       -2247.28232119302     
   135.399996281703       -2247.28409175295     
   135.499996275766       -2247.28549224019     
   135.599996269830       -2247.28655804044     
   135.699996263893       -2247.28732311871     
   135.799996257956       -2247.28782074967     
   135.899996252019       -2247.28808277379     
   135.999996246082       -2247.28813984959     
   136.099996240146       -2247.28802073962     
   136.199996234209       -2247.28775320996     
   136.299996228272       -2247.28736339650     
   136.399996222335       -2247.28687598262     
   136.499996216398       -2247.28631388072     
   136.599996210461       -2247.28569852591     
   136.699996204525       -2247.28504994899     
   136.799996198588       -2247.28438661449     
   136.899996192651       -2247.28372548648     
   136.999996186714       -2247.28308175080     
   137.099996180777       -2247.28246954889     
   137.199996174841       -2247.28190147337     
   137.299996168904       -2247.28138887408     
   137.399996162967       -2247.28094145066     
   137.499996157030       -2247.28056791082     
   137.599996151093       -2247.28027574998     
   137.699996145156       -2247.28007130198     
   137.799996139220       -2247.27995990026     
   137.899996133283       -2247.27994541511     
   137.999996127346       -2247.28003122533     
   138.099996121409       -2247.28021963843     
   138.199996115472       -2247.28051210895     
   138.299996109536       -2247.28090940306     
   138.399996103599       -2247.28141115289     
   138.499996097662       -2247.28201672462     
   138.599996091725       -2247.28272474671     
   138.699996085788       -2247.28353326507     
   138.799996079851       -2247.28443986722     
   138.899996073915       -2247.28544165052     
   138.999996067978       -2247.28653505523     
   139.099996062041       -2247.28771654150     
   139.199996056104       -2247.28898207953     
   139.299996050167       -2247.29032738821     
   139.399996044231       -2247.29174798198     
   139.499996038294       -2247.29323924143     
   139.599996032357       -2247.29479615266     
   139.699996026420       -2247.29641377209     
   139.799996020483       -2247.29808711468     
   139.899996014546       -2247.29981110104     
   139.999996008610       -2247.30158064013     
   140.099996002673       -2247.30339064315     
   140.199995996736       -2247.30523608286     
   140.299995990799       -2247.30711202312     
   140.399995984862       -2247.30901336965     
   140.499995978926       -2247.31093539147     
   140.599995972989       -2247.31287341883     
   140.699995967052       -2247.31482290955     
   140.799995961115       -2247.31677946149     
   140.899995955178       -2247.31873879818     
   140.999995949241       -2247.32069689927     
   141.099995943305       -2247.32264983387     
   141.199995937368       -2247.32459392548     
   141.299995931431       -2247.32652571961     
   141.399995925494       -2247.32844180514     
   141.499995919557       -2247.33033902493     
   141.599995913621       -2247.33221453875     
   141.699995907684       -2247.33406569385     
   141.799995901747       -2247.33588993741     
   141.899995895810       -2247.33768502686     
   141.999995889873       -2247.33944882788     
   142.099995883936       -2247.34117950434     
   142.199995878000       -2247.34287534550     
   142.299995872063       -2247.34453483610     
   142.399995866126       -2247.34615669088     
   142.499995860189       -2247.34773975222     
   142.599995854252       -2247.34928308160     
   142.699995848316       -2247.35078588605     
   142.799995842379       -2247.35224758683     
   142.899995836442       -2247.35366770037     
   142.999995830505       -2247.35504580832     
   143.099995824568       -2247.35638178489     
   143.199995818631       -2247.35767557177     
   143.299995812695       -2247.35892733444     
   143.399995806758       -2247.36013716445     
   143.499995800821       -2247.36130545653     
   143.599995794884       -2247.36243253377     
   143.699995788947       -2247.36351900249     
   143.799995783011       -2247.36456535832     
   143.899995777074       -2247.36557229012     
   143.999995771137       -2247.36654059679     
   144.099995765200       -2247.36747102569     
   144.199995759263       -2247.36836443479     
   144.299995753326       -2247.36922174494     
   144.399995747390       -2247.37004392062     
   144.499995741453       -2247.37083195241     
   144.599995735516       -2247.37158686866     
   144.699995729579       -2247.37230971933     
   144.799995723642       -2247.37300157563     
   144.899995717706       -2247.37366352306     
   144.999995711769       -2247.37429665173     
   145.099995705832       -2247.37490205195     
   145.199995699895       -2247.37548082252     
   145.299995693958       -2247.37603405471     
   145.399995688021       -2247.37656290502     
   145.499995682085       -2247.37706839616     
   145.599995676148       -2247.37755158757     
   145.699995670211       -2247.37801359979     
   145.799995664274       -2247.37845541873     
   145.899995658337       -2247.37887803965     
   145.999995652401       -2247.37928239004     
   146.099995646464       -2247.37966946067     
   146.199995640527       -2247.38004030228     
   146.299995634590       -2247.38039573429     
   146.399995628653       -2247.38073649154     
   146.499995622716       -2247.38106364870     
   146.599995616780       -2247.38137784805     
   146.699995610843       -2247.38167991397     
   146.799995604906       -2247.38197066228     
   146.899995598969       -2247.38225072219     
   146.999995593032       -2247.38252078049     
   147.099995587096       -2247.38278148387     
   147.199995581159       -2247.38303345469     
   147.299995575222       -2247.38327729653     
   147.399995569285       -2247.38351352975     
   147.499995563348       -2247.38374265413     
   147.599995557411       -2247.38396516673     
   147.699995551475       -2247.38418150917     
   147.799995545538       -2247.38439210741     
   147.899995539601       -2247.38459734613     
   147.999995533664       -2247.38479760308     
   148.099995527727       -2247.38499320374     
   148.199995521791       -2247.38518450905     
   148.299995515854       -2247.38537176965     
   148.399995509917       -2247.38555520940     
   148.499995503980       -2247.38573509080     
   148.599995498043       -2247.38591162469     
   148.699995492106       -2247.38608508371     
   148.799995486170       -2247.38625558895     
   148.899995480233       -2247.38642324785     
   148.999995474296       -2247.38658824279     
   149.099995468359       -2247.38675080429     
   149.199995462422       -2247.38691086578     
   149.299995456486       -2247.38706859463     
   149.399995450549       -2247.38722417830     
   149.499995444612       -2247.38737749741     
   149.599995438675       -2247.38752877767     
   149.699995432738       -2247.38767794703     
   149.799995426802       -2247.38782512218     
   149.899995420865       -2247.38797032403     
   149.999995414928       -2247.38811352470     
