   95.0999986742407       -31.7862761717886     
   95.1999986683039       -31.7862761714519     
   95.2999986623671       -31.7862761711154     
   95.3999986564303       -31.7862761707783     
   95.4999986504935       -31.7862761704415     
   95.5999986445566       -31.7862761701052     
   95.6999986386198       -31.7862761697676     
   95.7999986326830       -31.7862761694311     
   95.8999986267462       -31.7862761690944     
   95.9999986208094       -31.7862761687572     
   96.0999986148725       -31.7862761684207     
   96.1999986089357       -31.7862761680832     
   96.2999986029989       -31.7862761677466     
   96.3999985970621       -31.7862761674091     
   96.4999985911253       -31.7862761670726     
   96.5999985851885       -31.7862761667351     
   96.6999985792516       -31.7862761663985     
   96.7999985733148       -31.7862761660609     
   96.8999985673780       -31.7862761657241     
   96.9999985614412       -31.7862761653868     
   97.0999985555044       -31.7862761650492     
   97.1999985495676       -31.7862761647127     
   97.2999985436307       -31.7862761643750     
   97.3999985376939       -31.7862761640382     
   97.4999985317571       -31.7862761637009     
   97.5999985258203       -31.7862761633632     
   97.6999985198835       -31.7862761630263     
   97.7999985139466       -31.7862761626891     
   97.8999985080098       -31.7862761623513     
   97.9999985020730       -31.7862761620138     
   98.0999984961362       -31.7862761616771     
   98.1999984901994       -31.7862761613394     
   98.2999984842626       -31.7862761610017     
   98.3999984783257       -31.7862761606641     
   98.4999984723889       -31.7862761603274     
   98.5999984664521       -31.7862761599897     
   98.6999984605153       -31.7862761596520     
   98.7999984545785       -31.7862761593143     
   98.8999984486417       -31.7862761589765     
   98.9999984427048       -31.7862761586389     
   99.0999984367680       -31.7862761583016     
   99.1999984308312       -31.7862761579645     
   99.2999984248944       -31.7862761576266     
   99.3999984189576       -31.7862761572889     
   99.4999984130207       -31.7862761569512     
   99.5999984070839       -31.7862761566134     
   99.6999984011471       -31.7862761562756     
   99.7999983952103       -31.7862761559378     
   99.8999983892735       -31.7862761556001     
   99.9999983833367       -31.7862761552623     
   100.099998377400       -28.5924855808694     
   100.199998371463       -28.2857831648477     
   100.299998365526       -27.8193032569640     
   100.399998359589       -27.3314673416290     
   100.499998353653       -26.8567930170141     
   100.599998347716       -26.4036314506084     
   100.699998341779       -25.9747665623094     
   100.799998335842       -25.5709350066627     
   100.899998329905       -25.1911650381261     
   100.999998323968       -24.8332069408356     
   101.099998318032       -24.4943505853563     
   101.199998312095       -24.1720999817199     
   101.299998306158       -23.8644847186348     
   101.399998300221       -23.5701115727874     
   101.499998294284       -23.2880867410451     
   101.599998288348       -23.0178839005108     
   101.699998282411       -22.7592062808106     
   101.799998276474       -22.5118719412847     
   101.899998270537       -22.2757309360008     
   101.999998264600       -22.0506099700603     
   102.099998258663       -21.8362773935039     
   102.199998252727       -21.6324252136270     
   102.299998246790       -21.4386698927713     
   102.399998240853       -21.2545747729879     
   102.499998234916       -21.0796910273353     
   102.599998228979       -20.9136042630063     
   102.699998223043       -20.7559690734619     
   102.799998217106       -20.6065197128264     
   102.899998211169       -20.4650574469055     
   102.999998205232       -20.3314246416331     
   103.099998199295       -20.2054773716164     
   103.199998193358       -20.0870643313863     
   103.299998187422       -19.9760146287111     
   103.399998181485       -19.8721334688298     
   103.499998175548       -19.7752032903204     
   103.599998169611       -19.6849878972975     
   103.699998163674       -19.6012377337439     
   103.799998157738       -19.5236951398545     
   103.899998151801       -19.4520989890225     
   103.999998145864       -19.3861884766511     
   104.099998139927       -19.3257060475491     
   104.199998133990       -19.2703995543205     
   104.299998128054       -19.2200237778317     
   104.399998122117       -19.1743414430477     
   104.499998116180       -19.1331238488235     
   104.599998110243       -19.0961512097261     
   104.699998104306       -19.0632127873725     
   104.799998098369       -19.0341068707725     
   104.899998092433       -19.0086406502517     
   104.999998086496       -18.9866300180450     
   105.099998080559       -18.9678993197826     
   105.199998074622       -18.9522810744239     
   105.299998068685       -18.9396156753838     
   105.399998062749       -18.9297510819986     
   105.499998056812       -18.9225425079279     
   105.599998050875       -18.9178521110416     
   105.699998044938       -18.9155486881541     
   105.799998039001       -18.9155073768086     
   105.899998033064       -18.9176093657003     
   105.999998027128       -18.9217416146482     
   106.099998021191       -18.9277965848146     
   106.199998015254       -18.9356719793610     
   106.299998009317       -18.9452704947716     
   106.399998003380       -18.9564995826329     
   106.499997997444       -18.9692712218538     
   106.599997991507       -18.9835017009479     
   106.699997985570       -18.9991114101666     
   106.799997979633       -19.0160246430537     
   106.899997973696       -19.0341694071576     
   106.999997967759       -19.0534772434507     
   107.099997961823       -19.0738830540646     
   107.199997955886       -19.0953249380582     
   107.299997949949       -19.1177440347271     
   107.399997944012       -19.1410843741425     
   107.499997938075       -19.1652927346229     
   107.599997932139       -19.1903185066885     
   107.699997926202       -19.2161135632402     
   107.799997920265       -19.2426321356903     
   107.899997914328       -19.2698306956401     
   107.999997908391       -19.2976678419346     
   108.099997902454       -19.3261041927887     
   108.199997896518       -19.3551022827130     
   108.299997890581       -19.3846264640449     
   108.399997884644       -19.4146428128320     
   108.499997878707       -19.4451190389121     
   108.599997872770       -19.4760243999456     
   108.699997866834       -19.5073296192083     
   108.799997860897       -19.5390068070336     
   108.899997854960       -19.5710293857284     
   108.999997849023       -19.6033720177337     
   109.099997843086       -19.6360105370141     
   109.199997837149       -19.6689218835140     
   109.299997831213       -19.7020840404050     
   109.399997825276       -19.7354759743079     
   109.499997819339       -19.7690775780347     
   109.599997813402       -19.8028696161121     
   109.699997807465       -19.8368336726771     
   109.799997801529       -19.8709521018087     
   109.899997795592       -19.9052079802256     
   109.999997789655       -19.9395850622975     
   110.099997783718       -19.9740677370974     
   110.199997777781       -20.0086409876909     
   110.299997771844       -20.0432903524449     
   110.399997765908       -20.0780018883245     
   110.499997759971       -20.1127621361270     
   110.599997754034       -20.1475580876008     
   110.699997748097       -20.1823771543762     
   110.799997742160       -20.2172071386753     
   110.899997736224       -20.2520362058192     
   110.999997730287       -20.2868528582717     
   111.099997724350       -20.3216459115204     
   111.199997718413       -20.3564044713098     
   111.299997712476       -20.3911179126593     
   111.399997706539       -20.4257758602413     
   111.499997700603       -20.4603681703069     
   111.599997694666       -20.4948849139318     
   111.699997688729       -20.5293163617814     
   111.799997682792       -20.5636529701276     
   111.899997676855       -20.5978853682287     
   111.999997670919       -20.6320043468897     
   112.099997664982       -20.6660008483627     
   112.199997659045       -20.6998659573037     
   112.299997653108       -20.7335908929234     
   112.399997647171       -20.7671670022999     
   112.499997641234       -20.8005857546298     
   112.599997635298       -20.8338387365390     
   112.699997629361       -20.8669176484169     
   112.799997623424       -20.8998143015304     
   112.899997617487       -20.9325206161941     
   112.999997611550       -20.9650286205995     
   113.099997605614       -20.9973304506306     
   113.199997599677       -21.0294183501294     
   113.299997593740       -21.0612846721758     
   113.399997587803       -21.0929218807886     
   113.499997581866       -21.1243225533467     
   113.599997575929       -21.1554793834324     
   113.699997569993       -21.1863851843578     
   113.799997564056       -21.2170328929585     
   113.899997558119       -21.2474155739490     
   113.999997552182       -21.2775264245424     
   114.099997546245       -21.3073587794092     
   114.199997540309       -21.3369061159355     
   114.299997534372       -21.3661620596820     
   114.399997528435       -21.3951203899411     
   114.499997522498       -21.4237750455974     
   114.599997516561       -21.4521201309425     
   114.699997510624       -21.4801499215575     
   114.799997504688       -21.5078588702207     
   114.899997498751       -21.5352416128395     
   114.999997492814       -21.5622929741561     
   115.099997486877       -21.5890079735364     
   115.199997480940       -21.6153818304422     
   115.299997475004       -21.6414099699158     
   115.399997469067       -21.6670880275916     
   115.499997463130       -21.6924118547784     
   115.599997457193       -21.7173775230329     
   115.699997451256       -21.7419813286263     
   115.799997445319       -21.7662197964744     
   115.899997439383       -21.7900896840189     
   115.999997433446       -21.8135879845373     
   116.099997427509       -21.8367119300947     
   116.199997421572       -21.8594589942931     
   116.299997415635       -21.8818268943889     
   116.399997409699       -21.9038135931738     
   116.499997403762       -21.9254173003177     
   116.599997397825       -21.9466364734539     
   116.699997391888       -21.9674698185788     
   116.799997385951       -21.9879162903011     
   116.899997380014       -22.0079750914269     
   116.999997374078       -22.0276456723325     
   117.099997368141       -22.0469277297282     
   117.199997362204       -22.0658212050758     
   117.299997356267       -22.0843262826624     
   117.399997350330       -22.1024433870802     
   117.499997344394       -22.1201731806036     
   117.599997338457       -22.1375165598311     
   117.699997332520       -22.1544746522195     
   117.799997326583       -22.1710488122871     
   117.899997320646       -22.1872406171573     
   117.999997314709       -22.2030518621255     
   118.099997308773       -22.2184845557367     
   118.199997302836       -22.2335409146140     
   118.299997296899       -22.2482233580043     
   118.399997290962       -22.2625345020674     
   118.499997285025       -22.2764771539341     
   118.599997279089       -22.2900543055373     
   118.699997273152       -22.3032691272453     
   118.799997267215       -22.3161249613627     
   118.899997261278       -22.3286253153805     
   118.999997255341       -22.3407738550964     
   119.099997249404       -22.3525743977938     
   119.199997243468       -22.3640309050515     
   119.299997237531       -22.3751474756251     
   119.399997231594       -22.3859283382908     
   119.499997225657       -22.3963778445498     
   119.599997219720       -22.4065004613605     
   119.699997213784       -22.4163007639981     
   119.799997207847       -22.4257834283022     
   119.899997201910       -22.4349532240335     
   119.999997195973       -22.4438150073371     
   120.099997190036       -26.5822278736101     
   120.199997184100       -27.9525397383123     
   120.299997178163       -29.1706269754291     
   120.399997172226       -30.2568066654852     
   120.499997166289       -31.2186403133620     
   120.599997160352       -32.0635716360290     
   120.699997154415       -32.7989477758863     
   120.799997148479       -33.4319895409139     
   120.899997142542       -33.9697678734176     
   120.999997136605       -34.4191698622390     
   121.099997130668       -34.7868014172232     
   121.199997124731       -35.0787261499361     
   121.299997118795       -35.3001438853061     
   121.399997112858       -35.4562216197207     
   121.499997106921       -35.5548348512282     
   121.599997100984       -35.6062993913784     
   121.699997095047       -35.6192485181763     
   121.799997089110       -35.5993786789354     
   121.899997083174       -35.5508494017985     
   121.999997077237       -35.4774838386462     
   122.099997071300       -35.3832227234224     
   122.199997065363       -35.2721018212113     
   122.299997059426       -35.1480361011491     
   122.399997053490       -35.0146157240457     
   122.499997047553       -34.8749925568681     
   122.599997041616       -34.7318468704667     
   122.699997035679       -34.5874019767474     
   122.799997029742       -34.4434626047836     
   122.899997023805       -34.3014631830594     
   122.999997017869       -34.1625185501066     
   123.099997011932       -34.0274730017139     
   123.199997005995       -33.8969454620377     
   123.299997000058       -33.7713697049270     
   123.399996994121       -33.6510292780994     
   123.499996988185       -33.5360872423935     
   123.599996982248       -33.4266111101040     
   123.699996976311       -33.3225935045701     
   123.799996970374       -33.2239691105588     
   123.899996964437       -33.1306284741948     
   123.999996958500       -33.0424291672703     
   124.099996952564       -32.9592047713065     
   124.199996946627       -32.8807720724721     
   124.299996940690       -32.8069367968231     
   124.399996934753       -32.7374981593730     
   124.499996928816       -32.6722524515547     
   124.599996922880       -32.6109958508308     
   124.699996916943       -32.5535266014415     
   124.799996911006       -32.4996466874082     
   124.899996905069       -32.4491630958141     
   124.999996899132       -32.4018887498554     
   125.099996893195       -32.3576431761478     
   125.199996887259       -32.3162529585691     
   125.299996881322       -32.2775520212390     
   125.399996875385       -32.2413817752185     
   125.499996869448       -32.2075911571662     
   125.599996863511       -32.1760365829777     
   125.699996857575       -32.1465818351520     
   125.799996851638       -32.1190978992352     
   125.899996845701       -32.0934627617532     
   125.999996839764       -32.0695611799569     
   126.099996833827       -32.0472844314021     
   126.199996827890       -32.0265300503917     
   126.299996821954       -32.0072015561897     
   126.399996816017       -31.9892081780028     
   126.499996810080       -31.9724645795172     
   126.599996804143       -31.9568905862385     
   126.699996798206       -31.9424109172397     
   126.799996792270       -31.9289549245260     
   126.899996786333       -31.9164563370124     
   126.999996780396       -31.9048530173116     
   127.099996774459       -31.8940867238495     
   127.199996768522       -31.8841028849444     
   127.299996762585       -31.8748503816358     
   127.399996756649       -31.8662813407802     
   127.499996750712       -31.8583509374061     
   127.599996744775       -31.8510172085521     
   127.699996738838       -31.8442408746488     
   127.799996732901       -31.8379851717684     
   127.899996726965       -31.8322156912911     
   127.999996721028       -31.8269002313372     
   128.099996715091       -31.8220086535400     
   128.199996709154       -31.8175127487553     
   128.299996703217       -31.8133861134252     
   128.399996697280       -31.8096040281531     
   128.499996691344       -31.8061433484270     
   128.599996685407       -31.8029823986631     
   128.699996679470       -31.8001008756387     
   128.799996673533       -31.7974797538278     
   128.899996667596       -31.7951012032282     
   128.999996661660       -31.7929485056787     
   129.099996655723       -31.7910059808536     
   129.199996649786       -31.7892589153072     
   129.299996643849       -31.7876934983484     
   129.399996637912       -31.7862967613102     
   129.499996631975       -31.7850565190434     
   129.599996626039       -31.7839613175336     
   129.699996620102       -31.7830003909159     
   129.799996614165       -31.7821636055833     
   129.899996608228       -31.7814414315344     
   129.999996602291       -31.7808248919923     
   130.099996596355       -31.7803055387379     
   130.199996590418       -31.7798754126304     
   130.299996584481       -31.7795270158633     
   130.399996578544       -31.7792532883915     
   130.499996572607       -31.7790475787335     
   130.599996566670       -31.7789036215397     
   130.699996560734       -31.7788155216443     
   130.799996554797       -31.7787777313448     
   130.899996548860       -31.7787850341339     
   130.999996542923       -31.7788325293891     
   131.099996536986       -31.7789156181210     
   131.199996531050       -31.7790299900356     
   131.299996525113       -31.7791716114335     
   131.399996519176       -31.7793367140854     
   131.499996513239       -31.7795217848053     
   131.599996507302       -31.7797235557756     
   131.699996501365       -31.7799389952816     
   131.799996495429       -31.7801652983964     
   131.899996489492       -31.7803998781673     
   131.999996483555       -31.7806403591172     
   132.099996477618       -31.7808845693271     
   132.199996471681       -31.7811305282963     
   132.299996465745       -31.7813764418261     
   132.399996459808       -31.7816206993970     
   132.499996453871       -31.7818618514423     
   132.599996447934       -31.7820986206998     
   132.699996441997       -31.7823298774150     
   132.799996436060       -31.7825546439406     
   132.899996430124       -31.7827720746642     
   132.999996424187       -31.7829814624866     
   133.099996418250       -31.7831822141526     
   133.199996412313       -31.7833738581412     
   133.299996406376       -31.7835560280670     
   133.399996400440       -31.7837284523333     
   133.499996394503       -31.7838909560655     
   133.599996388566       -31.7840434471325     
   133.699996382629       -31.7841859055092     
   133.799996376692       -31.7843183856663     
   133.899996370756       -31.7844410039428     
   133.999996364819       -31.7845539288413     
   134.099996358882       -31.7846573806817     
   134.199996352945       -31.7847516235365     
   134.299996347008       -31.7848369597390     
   134.399996341071       -31.7849137187146     
   134.499996335135       -31.7849822609879     
   134.599996329198       -31.7850429680142     
   134.699996323261       -31.7850962394495     
   134.799996317324       -31.7851424845308     
   134.899996311387       -31.7851821237722     
   134.999996305451       -31.7852155837311     
   135.099996299514       -31.7852432933579     
   135.199996293577       -31.7852656796175     
   135.299996287640       -31.7852831644797     
   135.399996281703       -31.7852961672629     
   135.499996275766       -31.7853050981724     
   135.599996269830       -31.7853103581769     
   135.699996263893       -31.7853123322978     
   135.799996257956       -31.7853113978500     
   135.899996252019       -31.7853079159628     
   135.999996246082       -31.7853022344309     
   136.099996240146       -31.7852946795707     
   136.199996234209       -31.7852855664007     
   136.299996228272       -31.7852751914395     
   136.399996222335       -31.7852638346877     
   136.499996216398       -31.7852517560192     
   136.599996210461       -31.7852391984806     
   136.699996204525       -31.7852263891051     
   136.799996198588       -31.7852135370790     
   136.899996192651       -31.7852008344693     
   136.999996186714       -31.7851884530708     
   137.099996180777       -31.7851765527168     
   137.199996174841       -31.7851652755666     
   137.299996168904       -31.7851547495569     
   137.399996162967       -31.7851450838068     
   137.499996157030       -31.7851363760628     
   137.599996151093       -31.7851287101911     
   137.699996145156       -31.7851221567882     
   137.799996139220       -31.7851167749791     
   137.899996133283       -31.7851126072087     
   137.999996127346       -31.7851096902191     
   138.099996121409       -31.7851080485275     
   138.199996115472       -31.7851076968735     
   138.299996109536       -31.7851086420960     
   138.399996103599       -31.7851108781126     
   138.499996097662       -31.7851143957393     
   138.599996091725       -31.7851191773570     
   138.699996085788       -31.7851251986821     
   138.799996079851       -31.7851324301825     
   138.899996073915       -31.7851408367121     
   138.999996067978       -31.7851503756416     
   139.099996062041       -31.7851610045407     
   139.199996056104       -31.7851726753719     
   139.299996050167       -31.7851853372429     
   139.399996044231       -31.7851989369409     
   139.499996038294       -31.7852134196966     
   139.599996032357       -31.7852287262990     
   139.699996026420       -31.7852447983171     
   139.799996020483       -31.7852615768583     
   139.899996014546       -31.7852790019830     
   139.999996008610       -31.7852970136428     
   140.099996002673       -31.7853155518302     
   140.199995996736       -31.7853345572601     
   140.299995990799       -31.7853539717011     
   140.399995984862       -31.7853737352029     
   140.499995978926       -31.7853937919443     
   140.599995972989       -31.7854140868347     
   140.699995967052       -31.7854345662959     
   140.799995961115       -31.7854551783770     
   140.899995955178       -31.7854758725682     
   140.999995949241       -31.7854966013925     
   141.099995943305       -31.7855173183556     
   141.199995937368       -31.7855379799445     
   141.299995931431       -31.7855585452150     
   141.399995925494       -31.7855789737714     
   141.499995919557       -31.7855992281444     
   141.599995913621       -31.7856192745100     
   141.699995907684       -31.7856390812805     
   141.799995901747       -31.7856586179621     
   141.899995895810       -31.7856778577322     
   141.999995889873       -31.7856967749672     
   142.099995883936       -31.7857153475675     
   142.199995878000       -31.7857335548470     
   142.299995872063       -31.7857513784013     
   142.399995866126       -31.7857688025060     
   142.499995860189       -31.7857858129214     
   142.599995854252       -31.7858023979531     
   142.699995848316       -31.7858185475957     
   142.799995842379       -31.7858342543302     
   142.899995836442       -31.7858495117550     
   142.999995830505       -31.7858643143142     
   143.099995824568       -31.7858786597078     
   143.199995818631       -31.7858925464848     
   143.299995812695       -31.7859059758639     
   143.399995806758       -31.7859189480956     
   143.499995800821       -31.7859314670769     
   143.599995794884       -31.7859435357721     
   143.699995788947       -31.7859551605688     
   143.799995783011       -31.7859663464491     
   143.899995777074       -31.7859771007215     
   143.999995771137       -31.7859874320101     
   144.099995765200       -31.7859973482740     
   144.199995759263       -31.7860068588087     
   144.299995753326       -31.7860159736549     
   144.399995747390       -31.7860247033685     
   144.499995741453       -31.7860330588211     
   144.599995735516       -31.7860410513350     
   144.699995729579       -31.7860486924943     
   144.799995723642       -31.7860559941435     
   144.899995717706       -31.7860629683051     
   144.999995711769       -31.7860696270662     
   145.099995705832       -31.7860759825298     
   145.199995699895       -31.7860820469088     
   145.299995693958       -31.7860878323432     
   145.399995688021       -31.7860933517875     
   145.499995682085       -31.7860986165846     
   145.599995676148       -31.7861036385236     
   145.699995670211       -31.7861084301915     
   145.799995664274       -31.7861130025422     
   145.899995658337       -31.7861173666811     
   145.999995652401       -31.7861215330073     
   146.099995646464       -31.7861255125278     
   146.199995640527       -31.7861293170857     
   146.299995634590       -31.7861329557659     
   146.399995628653       -31.7861364367123     
   146.499995622716       -31.7861397720801     
   146.599995616780       -31.7861429689048     
   146.699995610843       -31.7861460364291     
   146.799995604906       -31.7861489838327     
   146.899995598969       -31.7861518180480     
   146.999995593032       -31.7861545467348     
   147.099995587096       -31.7861571770985     
   147.199995581159       -31.7861597160846     
   147.299995575222       -31.7861621704319     
   147.399995569285       -31.7861645458856     
   147.499995563348       -31.7861668479848     
   147.599995557411       -31.7861690822449     
   147.699995551475       -31.7861712535439     
   147.799995545538       -31.7861733665917     
   147.899995539601       -31.7861754256195     
   147.999995533664       -31.7861774347947     
   148.099995527727       -31.7861793976785     
   148.199995521791       -31.7861813182848     
   148.299995515854       -31.7861831992910     
   148.399995509917       -31.7861850430925     
   148.499995503980       -31.7861868525497     
   148.599995498043       -31.7861886299375     
   148.699995492106       -31.7861903782842     
   148.799995486170       -31.7861920987975     
   148.899995480233       -31.7861937925258     
   148.999995474296       -31.7861954614535     
   149.099995468359       -31.7861971081714     
   149.199995462422       -31.7861987316451     
   149.299995456486       -31.7862003337221     
   149.399995450549       -31.7862019165002     
   149.499995444612       -31.7862034783416     
   149.599995438675       -31.7862050218426     
   149.699995432738       -31.7862065459639     
   149.799995426802       -31.7862080519747     
   149.899995420865       -31.7862095400042     
   149.999995414928       -31.7862110095700     
