   95.0999986742407        24885.4777343648     
   95.1999986683039        24885.4777343430     
   95.2999986623671        24885.4777343212     
   95.3999986564303        24885.4777342993     
   95.4999986504935        24885.4777342775     
   95.5999986445566        24885.4777342558     
   95.6999986386198        24885.4777342339     
   95.7999986326830        24885.4777342121     
   95.8999986267462        24885.4777341903     
   95.9999986208094        24885.4777341684     
   96.0999986148725        24885.4777341466     
   96.1999986089357        24885.4777341247     
   96.2999986029989        24885.4777341029     
   96.3999985970621        24885.4777340810     
   96.4999985911253        24885.4777340592     
   96.5999985851885        24885.4777340373     
   96.6999985792516        24885.4777340155     
   96.7999985733148        24885.4777339937     
   96.8999985673780        24885.4777339719     
   96.9999985614412        24885.4777339500     
   97.0999985555044        24885.4777339281     
   97.1999985495676        24885.4777339063     
   97.2999985436307        24885.4777338844     
   97.3999985376939        24885.4777338626     
   97.4999985317571        24885.4777338407     
   97.5999985258203        24885.4777338188     
   97.6999985198835        24885.4777337970     
   97.7999985139466        24885.4777337751     
   97.8999985080098        24885.4777337532     
   97.9999985020730        24885.4777337315     
   98.0999984961362        24885.4777337096     
   98.1999984901994        24885.4777336877     
   98.2999984842626        24885.4777336658     
   98.3999984783257        24885.4777336439     
   98.4999984723889        24885.4777336221     
   98.5999984664521        24885.4777336002     
   98.6999984605153        24885.4777335783     
   98.7999984545785        24885.4777335564     
   98.8999984486417        24885.4777335345     
   98.9999984427048        24885.4777335126     
   99.0999984367680        24885.4777334909     
   99.1999984308312        24885.4777334690     
   99.2999984248944        24885.4777334471     
   99.3999984189576        24885.4777334252     
   99.4999984130207        24885.4777334033     
   99.5999984070839        24885.4777333814     
   99.6999984011471        24885.4777333595     
   99.7999983952103        24885.4777333376     
   99.8999983892735        24885.4777333157     
   99.9999983833367        24885.4777332938     
   100.099998377400        34258.2723569880     
   100.199998371463        31275.8535148141     
   100.299998365526        30023.5829179106     
   100.399998359589        29190.9008898432     
   100.499998353653        28508.4505881999     
   100.599998347716        27910.7787453825     
   100.699998341779        27374.9553904142     
   100.799998335842        26887.9593998176     
   100.899998329905        26439.8342694225     
   100.999998323968        26022.6289803749     
   101.099998318032        25630.5473114447     
   101.199998312095        25259.9411157737     
   101.299998306158        24908.7795675472     
   101.399998300221        24575.7622811775     
   101.499998294284        24259.5639888308     
   101.599998288348        23958.5109157353     
   101.699998282411        23670.6164797333     
   101.799998276474        23393.7775809500     
   101.899998270537        23126.0072100929     
   101.999998264600        22865.6684014440     
   102.099998258663        22611.7017244652     
   102.199998252727        22363.8111666717     
   102.299998246790        22122.5311877849     
   102.399998240853        21889.0942683452     
   102.499998234916        21665.0891579716     
   102.599998228979        21452.0142634232     
   102.699998223043        21250.8966009434     
   102.799998217106        21062.1044990163     
   102.899998211169        20885.3716256968     
   102.999998205232        20719.9597975711     
   103.099998199295        20564.8646331389     
   103.199998193358        20418.9951026734     
   103.299998187422        20281.2978602485     
   103.399998181485        20150.8262350338     
   103.499998175548        20026.7670933581     
   103.599998169611        19908.4410934897     
   103.699998163674        19795.2890038631     
   103.799998157738        19686.8526386882     
   103.899998151801        19582.7553895944     
   103.999998145864        19482.6848072091     
   104.099998139927        19386.3781306749     
   104.199998133990        19293.6108158466     
   104.299998128054        19204.1877191163     
   104.399998122117        19117.9364611814     
   104.499998116180        19034.7024969365     
   104.599998110243        18954.3454784840     
   104.699998104306        18876.7365766297     
   104.799998098369        18801.7565019691     
   104.899998092433        18729.2940314095     
   104.999998086496        18659.2448977520     
   105.099998080559        18591.5109395130     
   105.199998074622        18525.9994376022     
   105.299998068685        18462.6225868598     
   105.399998062749        18401.2970657555     
   105.499998056812        18341.9436784544     
   105.599998050875        18284.4870509852     
   105.699998044938        18228.8553686710     
   105.799998039001        18174.9801456116     
   105.899998033064        18122.7960196311     
   105.999998027128        18072.2405678806     
   106.099998021191        18023.2541395501     
   106.199998015254        17975.7797030207     
   106.299998009317        17929.7627054086     
   106.399998003380        17885.1509429079     
   106.499997997444        17841.8944406501     
   106.599997991507        17799.9453410395     
   106.699997985570        17759.2577997045     
   106.799997979633        17719.7878883247     
   106.899997973696        17681.4935037240     
   106.999997967759        17644.3342826640     
   107.099997961823        17608.2715218776     
   107.199997955886        17573.2681029100     
   107.299997949949        17539.2884213901     
   107.399997944012        17506.2983203941     
   107.499997938075        17474.2650275906     
   107.599997932139        17443.1570958892     
   107.699997926202        17412.9443473507     
   107.799997920265        17383.5978200942     
   107.899997914328        17355.0897180448     
   107.999997908391        17327.3933632503     
   108.099997902454        17300.4831506700     
   108.199997896518        17274.3345052471     
   108.299997890581        17248.9238409709     
   108.399997884644        17224.2285221106     
   108.499997878707        17200.2268262237     
   108.599997872770        17176.8979086639     
   108.699997866834        17154.2217690765     
   108.799997860897        17132.1792191576     
   108.899997854960        17110.7518518776     
   108.999997849023        17089.9220120304     
   109.099997843086        17069.6727680117     
   109.199997837149        17049.9878847544     
   109.299997831213        17030.8517977453     
   109.399997825276        17012.2495880560     
   109.499997819339        16994.1669583205     
   109.599997813402        16976.5902096044     
   109.699997807465        16959.5062191072     
   109.799997801529        16942.9024186413     
   109.899997795592        16926.7667738464     
   109.999997789655        16911.0877640892     
   110.099997783718        16895.8543630077     
   110.199997777781        16881.0560196563     
   110.299997771844        16866.6826402223     
   110.399997765908        16852.7245702718     
   110.499997759971        16839.1725774994     
   110.599997754034        16826.0178349481     
   110.699997748097        16813.2519046747     
   110.799997742160        16800.8667218357     
   110.899997736224        16788.8545791703     
   110.999997730287        16777.2081118612     
   111.099997724350        16765.9202827497     
   111.199997718413        16754.9843678966     
   111.299997712476        16744.3939424657     
   111.399997706539        16734.1428669189     
   111.499997700603        16724.2252735160     
   111.599997694666        16714.6355530994     
   111.699997688729        16705.3683421653     
   111.799997682792        16696.4185102039     
   111.899997676855        16687.7811473129     
   111.999997670919        16679.4515520693     
   112.099997664982        16671.4252196645     
   112.199997659045        16663.6978302956     
   112.299997653108        16656.2652378104     
   112.399997647171        16649.1234586114     
   112.499997641234        16642.2686608119     
   112.599997635298        16635.6971536545     
   112.699997629361        16629.4053771792     
   112.799997623424        16623.3898921648     
   112.899997617487        16617.6473703257     
   112.999997611550        16612.1745847813     
   113.099997605614        16606.9684007958     
   113.199997599677        16602.0257667997     
   113.299997593740        16597.3437056858     
   113.399997587803        16592.9193063954     
   113.499997581866        16588.7497157927     
   113.599997575929        16584.8321308403     
   113.699997569993        16581.1637910671     
   113.799997564056        16577.7419713497     
   113.899997558119        16574.5639749948     
   113.999997552182        16571.6271271411     
   114.099997546245        16568.9287684756     
   114.199997540309        16566.4662492715     
   114.299997534372        16564.2369237454     
   114.399997528435        16562.2381447467     
   114.499997522498        16560.4672587681     
   114.599997516561        16558.9216012871     
   114.699997510624        16557.5984924357     
   114.799997504688        16556.4952330021     
   114.899997498751        16555.6091007524     
   114.999997492814        16554.9373470873     
   115.099997486877        16554.4771940178     
   115.199997480940        16554.2258314644     
   115.299997475004        16554.1804148723     
   115.399997469067        16554.3380631406     
   115.499997463130        16554.6958568608     
   115.599997457193        16555.2508368531     
   115.699997451256        16556.0000030037     
   115.799997445319        16556.9403133884     
   115.899997439383        16558.0686836749     
   115.999997433446        16559.3819868008     
   116.099997427509        16560.8770529160     
   116.199997421572        16562.5506695733     
   116.299997415635        16564.3995821701     
   116.399997409699        16566.4204946187     
   116.499997403762        16568.6100702433     
   116.599997397825        16570.9649328859     
   116.699997391888        16573.4816682154     
   116.799997385951        16576.1568252229     
   116.899997380014        16578.9869178962     
   116.999997374078        16581.9684270568     
   117.099997368141        16585.0978023516     
   117.199997362204        16588.3714643841     
   117.299997356267        16591.7858069726     
   117.399997350330        16595.3371995286     
   117.499997344394        16599.0219895323     
   117.599997338457        16602.8365051067     
   117.699997332520        16606.7770576846     
   117.799997326583        16610.8399446872     
   117.899997320646        16615.0214523235     
   117.999997314709        16619.3178584175     
   118.099997308773        16623.7254352659     
   118.199997302836        16628.2404525064     
   118.299997296899        16632.8591800221     
   118.399997290962        16637.5778908363     
   118.499997285025        16642.3928640055     
   118.599997279089        16647.3003874978     
   118.699997273152        16652.2967610575     
   118.799997267215        16657.3782990270     
   118.899997261278        16662.5413331341     
   118.999997255341        16667.7822152449     
   119.099997249404        16673.0973200724     
   119.199997243468        16678.4830476801     
   119.299997237531        16683.9358261976     
   119.399997231594        16689.4521142615     
   119.499997225657        16695.0284035021     
   119.599997219720        16700.6612206904     
   119.699997213784        16706.3471302141     
   119.799997207847        16712.0827361574     
   119.899997201910        16717.8646843321     
   119.999997195973        16723.6896644144     
   120.099997190036        10165.3093050500     
   120.199997184100        10856.3664232067     
   120.299997178163        11519.0004365545     
   120.399997172226        12162.1897818297     
   120.499997166289        12789.7039906622     
   120.599997160352        13404.5847122424     
   120.699997154415        14009.2201786107     
   120.799997148479        14605.3944344228     
   120.899997142542        15194.3951031937     
   120.999997136605        15777.4101395538     
   121.099997130668        16356.9134954462     
   121.199997124731        16940.3241468259     
   121.299997118795        17544.2902192423     
   121.399997112858        18184.2874765074     
   121.499997106921        18844.4285560249     
   121.599997100984        19483.3268331326     
   121.699997095047        20073.0264824172     
   121.799997089110        20608.0900695274     
   121.899997083174        21094.1724653425     
   121.999997077237        21538.7138375700     
   122.099997071300        21946.9334606577     
   122.199997065363        22321.3518687989     
   122.299997059426        22662.8912939536     
   122.399997053490        22972.0320862046     
   122.499997047553        23249.4642118033     
   122.599997041616        23496.3133140273     
   122.699997035679        23714.1441247738     
   122.799997029742        23904.8735474644     
   122.899997023805        24070.6571916450     
   122.999997017869        24213.7777556629     
   123.099997011932        24336.5477950313     
   123.199997005995        24441.2318146865     
   123.299997000058        24529.9884976358     
   123.399996994121        24604.8315459209     
   123.499996988185        24667.6064054662     
   123.599996982248        24719.9797061738     
   123.699996976311        24763.4383006605     
   123.799996970374        24799.2951187482     
   123.899996964437        24828.6995165050     
   123.999996958500        24852.6502862391     
   124.099996952564        24872.0099471858     
   124.199996946627        24887.5193259701     
   124.299996940690        24899.8117519415     
   124.399996934753        24909.4264375341     
   124.499996928816        24916.8207964539     
   124.599996922880        24922.3815837086     
   124.699996916943        24926.4348317627     
   124.799996911006        24929.2546165637     
   124.899996905069        24931.0707236454     
   124.999996899132        24932.0753046809     
   125.099996893195        24932.4286237190     
   125.199996887259        24932.2639936037     
   125.299996881322        24931.6919995740     
   125.399996875385        24930.8041006704     
   125.499996869448        24929.6756917093     
   125.599996863511        24928.3687001512     
   125.699996857575        24926.9337837466     
   125.799996851638        24925.4121867902     
   125.899996845701        24923.8373053500     
   125.999996839764        24922.2360050686     
   126.099996833827        24920.6297290245     
   126.199996827890        24919.0354278800     
   126.299996821954        24917.4663397678     
   126.399996816017        24915.9326433464     
   126.499996810080        24914.4420039437     
   126.599996804143        24913.0000296666     
   126.699996798206        24911.6106517126     
   126.799996792270        24910.2764414352     
   126.899996786333        24908.9988730234     
   126.999996780396        24907.7785426344     
   127.099996774459        24906.6153490551     
   127.199996768522        24905.5086432727     
   127.299996762585        24904.4573517195     
   127.399996756649        24903.4600775427     
   127.499996750712        24902.5151835613     
   127.599996744775        24901.6208599064     
   127.699996738838        24900.7751789924     
   127.799996732901        24899.9761398821     
   127.899996726965        24899.2217039220     
   127.999996721028        24898.5098230465     
   128.099996715091        24897.8384621507     
   128.199996709154        24897.2056164993     
   128.299996703217        24896.6093250033     
   128.399996697280        24896.0476802819     
   128.499996691344        24895.5188359003     
   128.599996685407        24895.0210114704     
   128.699996679470        24894.5524959124     
   128.799996673533        24894.1116493754     
   128.899996667596        24893.6969038777     
   128.999996661660        24893.3067632107     
   129.099996655723        24892.9398020484     
   129.199996649786        24892.5946645675     
   129.299996643849        24892.2700626376     
   129.399996637912        24891.9647737351     
   129.499996631975        24891.6776387136     
   129.599996626039        24891.4075592963     
   129.699996620102        24891.1534959291     
   129.799996614165        24890.9144648318     
   129.899996608228        24890.6895357395     
   129.999996602291        24890.4778295800     
   130.099996596355        24890.2785158639     
   130.199996590418        24890.0908105366     
   130.299996584481        24889.9139737131     
   130.399996578544        24889.7473074532     
   130.499996572607        24889.5901538175     
   130.599996566670        24889.4418928954     
   130.699996560734        24889.3019408452     
   130.799996554797        24889.1697481861     
   130.899996548860        24889.0447980923     
   130.999996542923        24888.9266047584     
   131.099996536986        24888.8147118373     
   131.199996531050        24888.7086909962     
   131.299996525113        24888.6081404822     
   131.399996519176        24888.5126837773     
   131.499996513239        24888.4219682921     
   131.599996507302        24888.3356641509     
   131.699996501365        24888.2534630060     
   131.799996495429        24888.1750768935     
   131.899996489492        24888.1002371419     
   131.999996483555        24888.0286933460     
   132.099996477618        24887.9602122686     
   132.199996471681        24887.8945770824     
   132.299996465745        24887.8315861814     
   132.399996459808        24887.7710528075     
   132.499996453871        24887.7128031148     
   132.599996447934        24887.6566767417     
   132.699996441997        24887.6025254330     
   132.799996436060        24887.5502118678     
   132.899996430124        24887.4996096877     
   132.999996424187        24887.4506024072     
   133.099996418250        24887.4030829958     
   133.199996412313        24887.3569531080     
   133.299996406376        24887.3121226034     
   133.399996400440        24887.2685091256     
   133.499996394503        24887.2260373645     
   133.599996388566        24887.1846387064     
   133.699996382629        24887.1442508553     
   133.799996376692        24887.1048171870     
   133.899996370756        24887.0662864269     
   133.999996364819        24887.0286124342     
   134.099996358882        24886.9917535473     
   134.199996352945        24886.9556723959     
   134.299996347008        24886.9203354817     
   134.399996341071        24886.8857130590     
   134.499996335135        24886.8517785330     
   134.599996329198        24886.8185083913     
   134.699996323261        24886.7858818233     
   134.799996317324        24886.7538805963     
   134.899996311387        24886.7224886934     
   134.999996305451        24886.6916920620     
   135.099996299514        24886.6614785080     
   135.199996293577        24886.6318374358     
   135.299996287640        24886.6027596920     
   135.399996281703        24886.5742373120     
   135.499996275766        24886.5462634229     
   135.599996269830        24886.5188320445     
   135.699996263893        24886.4919380394     
   135.799996257956        24886.4655768517     
   135.899996252019        24886.4397444298     
   135.999996246082        24886.4144371560     
   136.099996240146        24886.3896517570     
   136.199996234209        24886.3653851013     
   136.299996228272        24886.3416342220     
   136.399996222335        24886.3183961619     
   136.499996216398        24886.2956680268     
   136.599996210461        24886.2734468221     
   136.699996204525        24886.2517293897     
   136.799996198588        24886.2305124389     
   136.899996192651        24886.2097924660     
   136.999996186714        24886.1895657779     
   137.099996180777        24886.1698283514     
   137.199996174841        24886.1505759287     
   137.299996168904        24886.1318039032     
   137.399996162967        24886.1135074722     
   137.499996157030        24886.0956814710     
   137.599996151093        24886.0783203663     
   137.699996145156        24886.0614183918     
   137.799996139220        24886.0449694088     
   137.899996133283        24886.0289671227     
   137.999996127346        24886.0134047893     
   138.099996121409        24885.9982755023     
   138.199996115472        24885.9835720498     
   138.299996109536        24885.9692869365     
   138.399996103599        24885.9554125737     
   138.499996097662        24885.9419410644     
   138.599996091725        24885.9288643354     
   138.699996085788        24885.9161741588     
   138.799996079851        24885.9038621650     
   138.899996073915        24885.8919198302     
   138.999996067978        24885.8803385910     
   139.099996062041        24885.8691097762     
   139.199996056104        24885.8582245746     
   139.299996050167        24885.8476741913     
   139.399996044231        24885.8374498478     
   139.499996038294        24885.8275426320     
   139.599996032357        24885.8179438102     
   139.699996026420        24885.8086445705     
   139.799996020483        24885.7996361403     
   139.899996014546        24885.7909098512     
   139.999996008610        24885.7824571304     
   140.099996002673        24885.7742694655     
   140.199995996736        24885.7663384342     
   140.299995990799        24885.7586556844     
   140.399995984862        24885.7512131815     
   140.499995978926        24885.7440028798     
   140.599995972989        24885.7370168705     
   140.699995967052        24885.7302474906     
   140.799995961115        24885.7236872140     
   140.899995955178        24885.7173285641     
   140.999995949241        24885.7111645398     
   141.099995943305        24885.7051880043     
   141.199995937368        24885.6993921690     
   141.299995931431        24885.6937704238     
   141.399995925494        24885.6883163757     
   141.499995919557        24885.6830237856     
   141.599995913621        24885.6778865754     
   141.699995907684        24885.6728990848     
   141.799995901747        24885.6680554815     
   141.899995895810        24885.6633505023     
   141.999995889873        24885.6587787569     
   142.099995883936        24885.6543353838     
   142.199995878000        24885.6500154719     
   142.299995872063        24885.6458143408     
   142.399995866126        24885.6417275698     
   142.499995860189        24885.6377508678     
   142.599995854252        24885.6338801570     
   142.699995848316        24885.6301114940     
   142.799995842379        24885.6264411353     
   142.899995836442        24885.6228654758     
   142.999995830505        24885.6193813269     
   143.099995824568        24885.6159852140     
   143.199995818631        24885.6126739865     
   143.299995812695        24885.6094449936     
   143.399995806758        24885.6062950738     
   143.499995800821        24885.6032218584     
   143.599995794884        24885.6002225078     
   143.699995788947        24885.5972949886     
   143.799995783011        24885.5944366827     
   143.899995777074        24885.5916454859     
   143.999995771137        24885.5889195501     
   144.099995765200        24885.5862567126     
   144.199995759263        24885.5836551231     
   144.299995753326        24885.5811130516     
   144.399995747390        24885.5786288441     
   144.499995741453        24885.5762009221     
   144.599995735516        24885.5738277911     
   144.699995729579        24885.5715080208     
   144.799995723642        24885.5692402562     
   144.899995717706        24885.5670232026     
   144.999995711769        24885.5648556168     
   145.099995705832        24885.5627363059     
   145.199995699895        24885.5606641350     
   145.299995693958        24885.5586380161     
   145.399995688021        24885.5566571543     
   145.499995682085        24885.5547203933     
   145.599995676148        24885.5528266915     
   145.699995670211        24885.5509754193     
   145.799995664274        24885.5491655389     
   145.899995658337        24885.5473961932     
   145.999995652401        24885.5456667830     
   146.099995646464        24885.5439762629     
   146.199995640527        24885.5423242027     
   146.299995634590        24885.5407096621     
   146.399995628653        24885.5391317870     
   146.499995622716        24885.5375903061     
   146.599995616780        24885.5360841426     
   146.699995610843        24885.5346127613     
   146.799995604906        24885.5331757676     
   146.899995598969        24885.5317722649     
   146.999995593032        24885.5304016470     
   147.099995587096        24885.5290633161     
   147.199995581159        24885.5277567400     
   147.299995575222        24885.5264814148     
   147.399995569285        24885.5252366471     
   147.499995563348        24885.5240218579     
   147.599995557411        24885.5228364944     
   147.699995551475        24885.5216799778     
   147.799995545538        24885.5205517695     
   147.899995539601        24885.5194512943     
   147.999995533664        24885.5183780354     
   148.099995527727        24885.5173314304     
   148.199995521791        24885.5163111153     
   148.299995515854        24885.5153163968     
   148.399995509917        24885.5143466712     
   148.499995503980        24885.5134014403     
   148.599995498043        24885.5124802108     
   148.699995492106        24885.5115826921     
   148.799995486170        24885.5107082071     
   148.899995480233        24885.5098560613     
   148.999995474296        24885.5090258958     
   149.099995468359        24885.5082175864     
   149.199995462422        24885.5074300241     
   149.299995456486        24885.5066629854     
   149.399995450549        24885.5059163324     
   149.499995444612        24885.5051889465     
   149.599995438675        24885.5044809435     
   149.699995432738        24885.5037914455     
   149.799995426802        24885.5031202199     
   149.899995420865        24885.5024668326     
   149.999995414928        24885.5018306233     
