   95.0999986742407        11889.5922041958     
   95.1999986683039        11889.5922041826     
   95.2999986623671        11889.5922041693     
   95.3999986564303        11889.5922041561     
   95.4999986504935        11889.5922041428     
   95.5999986445566        11889.5922041296     
   95.6999986386198        11889.5922041163     
   95.7999986326830        11889.5922041031     
   95.8999986267462        11889.5922040898     
   95.9999986208094        11889.5922040766     
   96.0999986148725        11889.5922040634     
   96.1999986089357        11889.5922040501     
   96.2999986029989        11889.5922040369     
   96.3999985970621        11889.5922040236     
   96.4999985911253        11889.5922040103     
   96.5999985851885        11889.5922039971     
   96.6999985792516        11889.5922039838     
   96.7999985733148        11889.5922039706     
   96.8999985673780        11889.5922039573     
   96.9999985614412        11889.5922039441     
   97.0999985555044        11889.5922039308     
   97.1999985495676        11889.5922039176     
   97.2999985436307        11889.5922039043     
   97.3999985376939        11889.5922038910     
   97.4999985317571        11889.5922038778     
   97.5999985258203        11889.5922038645     
   97.6999985198835        11889.5922038513     
   97.7999985139466        11889.5922038380     
   97.8999985080098        11889.5922038247     
   97.9999985020730        11889.5922038115     
   98.0999984961362        11889.5922037982     
   98.1999984901994        11889.5922037849     
   98.2999984842626        11889.5922037717     
   98.3999984783257        11889.5922037584     
   98.4999984723889        11889.5922037451     
   98.5999984664521        11889.5922037318     
   98.6999984605153        11889.5922037186     
   98.7999984545785        11889.5922037053     
   98.8999984486417        11889.5922036920     
   98.9999984427048        11889.5922036788     
   99.0999984367680        11889.5922036655     
   99.1999984308312        11889.5922036522     
   99.2999984248944        11889.5922036389     
   99.3999984189576        11889.5922036257     
   99.4999984130207        11889.5922036124     
   99.5999984070839        11889.5922035991     
   99.6999984011471        11889.5922035858     
   99.7999983952103        11889.5922035725     
   99.8999983892735        11889.5922035593     
   99.9999983833367        11889.5922035460     
   100.099998377400        12450.0389123195     
   100.199998371463        12775.9706178167     
   100.299998365526        13030.8918265885     
   100.399998359589        13230.3737958549     
   100.499998353653        13386.3609352896     
   100.599998347716        13508.7902073022     
   100.699998341779        13605.2171774683     
   100.799998335842        13681.2006829957     
   100.899998329905        13740.8225276847     
   100.999998323968        13787.1072133228     
   101.099998318032        13822.3261805853     
   101.199998312095        13848.2196506292     
   101.299998306158        13866.1583654542     
   101.399998300221        13877.2559574214     
   101.499998294284        13882.4423490691     
   101.599998288348        13882.5102742409     
   101.699998282411        13878.1453018090     
   101.799998276474        13869.9461662220     
   101.899998270537        13858.4392497628     
   101.999998264600        13844.0893820266     
   102.099998258663        13827.3082596010     
   102.199998252727        13808.4612794171     
   102.299998246790        13787.8732477236     
   102.399998240853        13765.8332280057     
   102.499998234916        13742.5986883797     
   102.599998228979        13718.3990609470     
   102.699998223043        13693.4388024111     
   102.799998217106        13667.9000317158     
   102.899998211169        13641.9448104145     
   102.999998205232        13615.7171229745     
   103.099998199295        13589.3446064589     
   103.199998193358        13562.9400718606     
   103.299998187422        13536.6028527299     
   103.399998181485        13510.4200106655     
   103.499998175548        13484.4674218284     
   103.599998169611        13458.8107639264     
   103.699998163674        13433.5064190810     
   103.799998157738        13408.6023046547     
   103.899998151801        13384.1386413961     
   103.999998145864        13360.1486660744     
   104.099998139927        13336.6592941011     
   104.199998133990        13313.6917363400     
   104.299998128054        13291.2620733586     
   104.399998122117        13269.3817896807     
   104.499998116180        13248.0582701342     
   104.599998110243        13227.2952600697     
   104.699998104306        13207.0932910415     
   104.799998098369        13187.4500734256     
   104.899998092433        13168.3608574256     
   104.999998086496        13149.8187638902     
   105.099998080559        13131.8150864001     
   105.199998074622        13114.3395660927     
   105.299998068685        13097.3806407243     
   105.399998062749        13080.9256694927     
   105.499998056812        13064.9611351385     
   105.599998050875        13049.4728248551     
   105.699998044938        13034.4459915125     
   105.799998039001        13019.8654966768     
   105.899998033064        13005.7159368671     
   105.999998027128        12991.9817544427     
   106.099998021191        12978.6473344562     
   106.199998015254        12965.6970887458     
   106.299998009317        12953.1155284688     
   106.399998003380        12940.8873262115     
   106.499997997444        12928.9973687296     
   106.599997991507        12917.4308013064     
   106.699997985570        12906.1730646380     
   106.799997979633        12895.2099250840     
   106.899997973696        12884.5274990496     
   106.999997967759        12874.1122722055     
   107.099997961823        12863.9511141770     
   107.199997955886        12854.0312892827     
   107.299997949949        12844.3404638406     
   107.399997944012        12834.8667105153     
   107.499997938075        12825.5985101145     
   107.599997932139        12816.5247512207     
   107.699997926202        12807.6347279791     
   107.799997920265        12798.9181363457     
   107.899997914328        12790.3650690484     
   107.999997908391        12781.9660094952     
   108.099997902454        12773.7118248273     
   108.199997896518        12765.5937582926     
   108.299997890581        12757.6034210920     
   108.399997884644        12749.7327838316     
   108.499997878707        12741.9741676931     
   108.599997872770        12734.3202354190     
   108.699997866834        12726.7639821952     
   108.799997860897        12719.2987265045     
   108.899997854960        12711.9181010042     
   108.999997849023        12704.6160434808     
   109.099997843086        12697.3867879175     
   109.199997837149        12690.2248557101     
   109.299997831213        12683.1250470542     
   109.399997825276        12676.0824325255     
   109.499997819339        12669.0923448630     
   109.599997813402        12662.1503709714     
   109.699997807465        12655.2523441422     
   109.799997801529        12648.3943365022     
   109.899997795592        12641.5726516854     
   109.999997789655        12634.7838177277     
   110.099997783718        12628.0245801812     
   110.199997777781        12621.2918954410     
   110.299997771844        12614.5829242769     
   110.399997765908        12607.8950255646     
   110.499997759971        12601.2257502046     
   110.599997754034        12594.5728352214     
   110.699997748097        12587.9341980316     
   110.799997742160        12581.3079308723     
   110.899997736224        12574.6922953765     
   110.999997730287        12568.0857172905     
   111.099997724350        12561.4867813160     
   111.199997718413        12554.8942260730     
   111.299997712476        12548.3069391705     
   111.399997706539        12541.7239523758     
   111.499997700603        12535.1444368740     
   111.599997694666        12528.5676986095     
   111.699997688729        12521.9931736975     
   111.799997682792        12515.4204239056     
   111.899997676855        12508.8491321893     
   111.999997670919        12502.2790982802     
   112.099997664982        12495.7102343376     
   112.199997659045        12489.1425605630     
   112.299997653108        12482.5762010046     
   112.399997647171        12476.0113792268     
   112.499997641234        12469.4484141100     
   112.599997635298        12462.8877156369     
   112.699997629361        12456.3297807111     
   112.799997623424        12449.7751890007     
   112.899997617487        12443.2245987933     
   112.999997611550        12436.6787428779     
   113.099997605614        12430.1384244425     
   113.199997599677        12423.6045129933     
   113.299997593740        12417.0779402954     
   113.399997587803        12410.5596963361     
   113.499997581866        12404.0508253121     
   113.599997575929        12397.5524216472     
   113.699997569993        12391.0656260374     
   113.799997564056        12384.5916215299     
   113.899997558119        12378.1316296409     
   113.999997552182        12371.6869065121     
   114.099997546245        12365.2587391120     
   114.199997540309        12358.8484414886     
   114.299997534372        12352.4573510732     
   114.399997528435        12346.0868250425     
   114.499997522498        12339.7382367446     
   114.599997516561        12333.4129721906     
   114.699997510624        12327.1124266195     
   114.799997504688        12320.8380011396     
   114.899997498751        12314.5910994495     
   114.999997492814        12308.3731246474     
   115.099997486877        12302.1854761287     
   115.199997480940        12296.0295465781     
   115.299997475004        12289.9067190612     
   115.399997469067        12283.8183642167     
   115.499997463130        12277.7658375557     
   115.599997457193        12271.7504768692     
   115.699997451256        12265.7735997485     
   115.799997445319        12259.8365012188     
   115.899997439383        12253.9404514927     
   115.999997433446        12248.0866938397     
   116.099997427509        12242.2764425791     
   116.199997421572        12236.5108811944     
   116.299997415635        12230.7911605713     
   116.399997409699        12225.1183973584     
   116.499997403762        12219.4936724549     
   116.599997397825        12213.9180296195     
   116.699997391888        12208.3924742052     
   116.799997385951        12202.9179720166     
   116.899997380014        12197.4954482888     
   116.999997374078        12192.1257867870     
   117.099997368141        12186.8098290251     
   117.199997362204        12181.5483736006     
   117.299997356267        12176.3421756451     
   117.399997350330        12171.1919463850     
   117.499997344394        12166.0983528116     
   117.599997338457        12161.0620174575     
   117.699997332520        12156.0835182764     
   117.799997326583        12151.1633886197     
   117.899997320646        12146.3021173107     
   117.999997314709        12141.5001488094     
   118.099997308773        12136.7578834635     
   118.199997302836        12132.0756778446     
   118.299997296899        12127.4538451690     
   118.399997290962        12122.8926557734     
   118.499997285025        12118.3923377224     
   118.599997279089        12113.9530773104     
   118.699997273152        12109.5750199673     
   118.799997267215        12105.2582707840     
   118.899997261278        12101.0028954485     
   118.999997255341        12096.8089210513     
   119.099997249404        12092.6763369867     
   119.199997243468        12088.6050958910     
   119.299997237531        12084.5951146147     
   119.399997231594        12080.6462752237     
   119.499997225657        12076.7584260384     
   119.599997219720        12072.9313826887     
   119.699997213784        12069.1649291954     
   119.799997207847        12065.4588190671     
   119.899997201910        12061.8127764104     
   119.999997195973        12058.2264970531     
   120.099997190036        12054.6996496751     
   120.199997184100        12051.2318769385     
   120.299997178163        12047.8227966280     
   120.399997172226        12044.4720027805     
   120.499997166289        12041.1790668197     
   120.599997160352        12037.9435386799     
   120.699997154415        12034.7649479209     
   120.799997148479        12031.6428048361     
   120.899997142542        12028.5766015419     
   120.999997136605        12025.5658130606     
   121.099997130668        12022.6098983801     
   121.199997124731        12019.7083015001     
   121.299997118795        12016.8604524572     
   121.399997112858        12014.0657683312     
   121.499997106921        12011.3236542286     
   121.599997100984        12008.6335042449     
   121.699997095047        12005.9947024013     
   121.799997089110        12003.4066235595     
   121.899997083174        12000.8686343108     
   121.999997077237        11998.3800938385     
   122.099997071300        11995.9403547576     
   122.199997065363        11993.5487639229     
   122.299997059426        11991.2046632176     
   122.399997053490        11988.9073903074     
   122.499997047553        11986.6562793742     
   122.599997041616        11984.4506618194     
   122.699997035679        11982.2898669409     
   122.799997029742        11980.1732225834     
   122.899997023805        11978.1000557638     
   122.999997017869        11976.0696932664     
   123.099997011932        11974.0814622156     
   123.199997005995        11972.1346906216     
   123.299997000058        11970.2287079006     
   123.399996994121        11968.3628453685     
   123.499996988185        11966.5364367131     
   123.599996982248        11964.7488184391     
   123.699996976311        11962.9993302911     
   123.799996970374        11961.2873156549     
   123.899996964437        11959.6121219317     
   123.999996958500        11957.9731008951     
   124.099996952564        11956.3696090243     
   124.199996946627        11954.8010078159     
   124.299996940690        11953.2666640779     
   124.399996934753        11951.7659502022     
   124.499996928816        11950.2982444162     
   124.599996922880        11948.8629310222     
   124.699996916943        11947.4594006123     
   124.799996911006        11946.0870502691     
   124.899996905069        11944.7452837509     
   124.999996899132        11943.4335116571     
   125.099996893195        11942.1511515850     
   125.199996887259        11940.8976282629     
   125.299996881322        11939.6723736782     
   125.399996875385        11938.4748271840     
   125.499996869448        11937.3044355988     
   125.599996863511        11936.1606532889     
   125.699996857575        11935.0429422446     
   125.799996851638        11933.9507721379     
   125.899996845701        11932.8836203774     
   125.999996839764        11931.8409721439     
   126.099996833827        11930.8223204257     
   126.199996827890        11929.8271660375     
   126.299996821954        11928.8550176338     
   126.399996816017        11927.9053917131     
   126.499996810080        11926.9778126141     
   126.599996804143        11926.0718125040     
   126.699996798206        11925.1869313631     
   126.799996792270        11924.3227169567     
   126.899996786333        11923.4787248071     
   126.999996780396        11922.6545181544     
   127.099996774459        11921.8496679163     
   127.199996768522        11921.0637526399     
   127.299996762585        11920.2963584501     
   127.399996756649        11919.5470789916     
   127.499996750712        11918.8155153714     
   127.599996744775        11918.1012760898     
   127.699996738838        11917.4039769781     
   127.799996732901        11916.7232411217     
   127.899996726965        11916.0586987905     
   127.999996721028        11915.4099873587     
   128.099996715091        11914.7767512281     
   128.199996709154        11914.1586417421     
   128.299996703217        11913.5553171076     
   128.399996697280        11912.9664423060     
   128.499996691344        11912.3916890058     
   128.599996685407        11911.8307354764     
   128.699996679470        11911.2832664945     
   128.799996673533        11910.7489732585     
   128.899996667596        11910.2275532907     
   128.999996661660        11909.7187103482     
   129.099996655723        11909.2221543292     
   129.199996649786        11908.7376011806     
   129.299996643849        11908.2647727986     
   129.399996637912        11907.8033969410     
   129.499996631975        11907.3532071291     
   129.599996626039        11906.9139425534     
   129.699996620102        11906.4853479802     
   129.799996614165        11906.0671736583     
   129.899996608228        11905.6591752205     
   129.999996602291        11905.2611135965     
   130.099996596355        11904.8727549159     
   130.199996590418        11904.4938704160     
   130.299996584481        11904.1242363510     
   130.399996578544        11903.7636339004     
   130.499996572607        11903.4118490742     
   130.599996566670        11903.0686726296     
   130.699996560734        11902.7338999805     
   130.799996554797        11902.4073311059     
   130.899996548860        11902.0887704610     
   130.999996542923        11901.7780268991     
   131.099996536986        11901.4749135780     
   131.199996531050        11901.1792478800     
   131.299996525113        11900.8908513269     
   131.399996519176        11900.6095494935     
   131.499996513239        11900.3351719373     
   131.599996507302        11900.0675521057     
   131.699996501365        11899.8065272629     
   131.799996495429        11899.5519384130     
   131.899996489492        11899.3036302167     
   131.999996483555        11899.0614509281     
   132.099996477618        11898.8252523049     
   132.199996471681        11898.5948895397     
   132.299996465745        11898.3702211964     
   132.399996459808        11898.1511091307     
   132.499996453871        11897.9374184174     
   132.599996447934        11897.7290172874     
   132.699996441997        11897.5257770620     
   132.799996436060        11897.3275720758     
   132.899996430124        11897.1342796226     
   132.999996424187        11896.9457798877     
   133.099996418250        11896.7619558716     
   133.199996412313        11896.5826933610     
   133.299996406376        11896.4078808226     
   133.399996400440        11896.2374093869     
   133.499996394503        11896.0711727606     
   133.599996388566        11895.9090671798     
   133.699996382629        11895.7509913516     
   133.799996376692        11895.5968464018     
   133.899996370756        11895.4465358156     
   133.999996364819        11895.2999653848     
   134.099996358882        11895.1570431670     
   134.199996352945        11895.0176794129     
   134.299996347008        11894.8817865360     
   134.399996341071        11894.7492790520     
   134.499996335135        11894.6200735347     
   134.599996329198        11894.4940885763     
   134.699996323261        11894.3712447173     
   134.799996317324        11894.2514644315     
   134.899996311387        11894.1346720672     
   134.999996305451        11894.0207937840     
   135.099996299514        11893.9097575576     
   135.199996293577        11893.8014930994     
   135.299996287640        11893.6959318135     
   135.399996281703        11893.5930068013     
   135.499996275766        11893.4926527615     
   135.599996269830        11893.3948059987     
   135.699996263893        11893.2994043658     
   135.799996257956        11893.2063872370     
   135.899996252019        11893.1156954471     
   135.999996246082        11893.0272713027     
   136.099996240146        11892.9410585090     
   136.199996234209        11892.8570021366     
   136.299996228272        11892.7750486120     
   136.399996222335        11892.6951456868     
   136.499996216398        11892.6172423745     
   136.599996210461        11892.5412889455     
   136.699996204525        11892.4672368895     
   136.799996198588        11892.3950388918     
   136.899996192651        11892.3246488119     
   136.999996186714        11892.2560216146     
   137.099996180777        11892.1891133938     
   137.199996174841        11892.1238813347     
   137.299996168904        11892.0602836582     
   137.399996162967        11891.9982796237     
   137.499996157030        11891.9378294868     
   137.599996151093        11891.8788944981     
   137.699996145156        11891.8214368618     
   137.799996139220        11891.7654197131     
   137.899996133283        11891.7108070994     
   137.999996127346        11891.6575639457     
   138.099996121409        11891.6056560618     
   138.199996115472        11891.5550501041     
   138.299996109536        11891.5057135491     
   138.399996103599        11891.4576146755     
   138.499996097662        11891.4107225607     
   138.599996091725        11891.3650070215     
   138.699996085788        11891.3204386534     
   138.799996079851        11891.2769887730     
   138.899996073915        11891.2346294134     
   138.999996067978        11891.1933332791     
   139.099996062041        11891.1530737887     
   139.199996056104        11891.1138249918     
   139.299996050167        11891.0755615901     
   139.399996044231        11891.0382589215     
   139.499996038294        11891.0018929356     
   139.599996032357        11890.9664401900     
   139.699996026420        11890.9318777975     
   139.799996020483        11890.8981834715     
   139.899996014546        11890.8653354547     
   139.999996008610        11890.8333125637     
   140.099996002673        11890.8020941124     
   140.199995996736        11890.7716599510     
   140.299995990799        11890.7419904086     
   140.399995984862        11890.7130663221     
   140.499995978926        11890.6848690086     
   140.599995972989        11890.6573802575     
   140.699995967052        11890.6305823006     
   140.799995961115        11890.6044578059     
   140.899995955178        11890.5789898828     
   140.999995949241        11890.5541620732     
   141.099995943305        11890.5299583160     
   141.199995937368        11890.5063629571     
   141.299995931431        11890.4833607394     
   141.399995925494        11890.4609367427     
   141.499995919557        11890.4390765006     
   141.599995913621        11890.4177658344     
   141.699995907684        11890.3969909821     
   141.799995901747        11890.3767384832     
   141.899995895810        11890.3569952173     
   141.999995889873        11890.3377483971     
   142.099995883936        11890.3189855606     
   142.199995878000        11890.3006945615     
   142.299995872063        11890.2828635644     
   142.399995866126        11890.2654810015     
   142.499995860189        11890.2485356065     
   142.599995854252        11890.2320164110     
   142.699995848316        11890.2159127263     
   142.799995842379        11890.2002140582     
   142.899995836442        11890.1849102787     
   142.999995830505        11890.1699914583     
   143.099995824568        11890.1554479208     
   143.199995818631        11890.1412702415     
   143.299995812695        11890.1274492340     
   143.399995806758        11890.1139759368     
   143.499995800821        11890.1008415678     
   143.599995794884        11890.0880376670     
   143.699995788947        11890.0755559207     
   143.799995783011        11890.0633881891     
   143.899995777074        11890.0515266364     
   143.999995771137        11890.0399635243     
   144.099995765200        11890.0286913562     
   144.199995759263        11890.0177028494     
   144.299995753326        11890.0069908615     
   144.399995747390        11889.9965483898     
   144.499995741453        11889.9863687049     
   144.599995735516        11889.9764451965     
   144.699995729579        11889.9667714218     
   144.799995723642        11889.9573411021     
   144.899995717706        11889.9481481177     
   144.999995711769        11889.9391864921     
   145.099995705832        11889.9304503734     
   145.199995699895        11889.9219341366     
   145.299995693958        11889.9136322651     
   145.399995688021        11889.9055393429     
   145.499995682085        11889.8976500705     
   145.599995676148        11889.8899594256     
   145.699995670211        11889.8824622997     
   145.799995664274        11889.8751539221     
   145.899995658337        11889.8680294582     
   145.999995652401        11889.8610843788     
   146.099995646464        11889.8543140490     
   146.199995640527        11889.8477141995     
   146.299995634590        11889.8412804703     
   146.399995628653        11889.8350086611     
   146.499995622716        11889.8288947671     
   146.599995616780        11889.8229348073     
   146.699995610843        11889.8171248371     
   146.799995604906        11889.8114611170     
   146.899995598969        11889.8059399843     
   146.999995593032        11889.8005578528     
   147.099995587096        11889.7953112196     
   147.199995581159        11889.7901966717     
   147.299995575222        11889.7852108825     
   147.399995569285        11889.7803506102     
   147.499995563348        11889.7756126969     
   147.599995557411        11889.7709940620     
   147.699995551475        11889.7664917075     
   147.799995545538        11889.7621027090     
   147.899995539601        11889.7578242204     
   147.999995533664        11889.7536534583     
   148.099995527727        11889.7495877081     
   148.199995521791        11889.7456243040     
   148.299995515854        11889.7417606486     
   148.399995509917        11889.7379943000     
   148.499995503980        11889.7343228148     
   148.599995498043        11889.7307437755     
   148.699995492106        11889.7272547668     
   148.799995486170        11889.7238536569     
   148.899995480233        11889.7205382197     
   148.999995474296        11889.7173061925     
   149.099995468359        11889.7141555661     
   149.199995462422        11889.7110843207     
   149.299995456486        11889.7080903124     
   149.399995450549        11889.7051717642     
   149.499995444612        11889.7023266941     
   149.599995438675        11889.6995532141     
   149.699995432738        11889.6968496567     
   149.799995426802        11889.6942140566     
   149.899995420865        11889.6916449378     
   149.999995414928        11889.6891404008     
