   95.0999986742407        11889.5922041958     
   95.1999986683039        11889.5922041826     
   95.2999986623671        11889.5922041693     
   95.3999986564303        11889.5922041561     
   95.4999986504935        11889.5922041428     
   95.5999986445566        11889.5922041296     
   95.6999986386198        11889.5922041163     
   95.7999986326830        11889.5922041031     
   95.8999986267462        11889.5922040898     
   95.9999986208094        11889.5922040766     
   96.0999986148725        11889.5922040634     
   96.1999986089357        11889.5922040501     
   96.2999986029989        11889.5922040369     
   96.3999985970621        11889.5922040236     
   96.4999985911253        11889.5922040103     
   96.5999985851885        11889.5922039971     
   96.6999985792516        11889.5922039838     
   96.7999985733148        11889.5922039706     
   96.8999985673780        11889.5922039573     
   96.9999985614412        11889.5922039441     
   97.0999985555044        11889.5922039308     
   97.1999985495676        11889.5922039176     
   97.2999985436307        11889.5922039043     
   97.3999985376939        11889.5922038910     
   97.4999985317571        11889.5922038778     
   97.5999985258203        11889.5922038645     
   97.6999985198835        11889.5922038513     
   97.7999985139466        11889.5922038380     
   97.8999985080098        11889.5922038247     
   97.9999985020730        11889.5922038115     
   98.0999984961362        11889.5922037982     
   98.1999984901994        11889.5922037849     
   98.2999984842626        11889.5922037717     
   98.3999984783257        11889.5922037584     
   98.4999984723889        11889.5922037451     
   98.5999984664521        11889.5922037318     
   98.6999984605153        11889.5922037186     
   98.7999984545785        11889.5922037053     
   98.8999984486417        11889.5922036920     
   98.9999984427048        11889.5922036788     
   99.0999984367680        11889.5922036655     
   99.1999984308312        11889.5922036522     
   99.2999984248944        11889.5922036389     
   99.3999984189576        11889.5922036257     
   99.4999984130207        11889.5922036124     
   99.5999984070839        11889.5922035991     
   99.6999984011471        11889.5922035858     
   99.7999983952103        11889.5922035725     
   99.8999983892735        11889.5922035593     
   99.9999983833367        11889.5922035460     
   100.099998377400        12435.6643013951     
   100.199998371463        12738.6138649256     
   100.299998365526        12978.2708433578     
   100.399998359589        13171.6954669503     
   100.499998353653        13328.1034592310     
   100.599998347716        13454.6382451249     
   100.699998341779        13556.9203387177     
   100.799998335842        13639.3521862381     
   100.899998329905        13705.3848388127     
   100.999998323968        13757.7287563164     
   101.099998318032        13798.5196552715     
   101.199998312095        13829.4567219929     
   101.299998306158        13851.9171629966     
   101.399998300221        13867.0434377078     
   101.499998294284        13875.8036422070     
   101.599998288348        13879.0312747749     
   101.699998282411        13877.4517679759     
   101.799998276474        13871.7011271944     
   101.899998270537        13862.3397372241     
   101.999998264600        13849.8630369295     
   102.099998258663        13834.7100899962     
   102.199998252727        13817.2706938253     
   102.299998246790        13797.8914088664     
   102.399998240853        13776.8807294923     
   102.499998234916        13754.5135344525     
   102.599998228979        13731.0349183212     
   102.699998223043        13706.6634892274     
   102.799998217106        13681.5942087988     
   102.899998211169        13656.0008425448     
   102.999998205232        13630.0380814409     
   103.099998199295        13603.8433880993     
   103.199998193358        13577.5386136803     
   103.299998187422        13551.2314247929     
   103.399998181485        13525.0165731926     
   103.499998175548        13498.9770352665     
   103.599998169611        13473.1850431552     
   103.699998163674        13447.7030249441     
   103.799998157738        13422.5844676507     
   103.899998151801        13397.8747136886     
   103.999998145864        13373.6116990207     
   104.099998139927        13349.8266393029     
   104.199998133990        13326.5446688043     
   104.299998128054        13303.7854357813     
   104.399998122117        13281.5636571567     
   104.499998116180        13259.8896347701     
   104.599998110243        13238.7697350729     
   104.699998104306        13218.2068338947     
   104.799998098369        13198.2007277480     
   104.899998092433        13178.7485130777     
   104.999998086496        13159.8449348359     
   105.099998080559        13141.4827057644     
   105.199998074622        13123.6527978029     
   105.299998068685        13106.3447070532     
   105.399998062749        13089.5466937830     
   105.499998056812        13073.2459989335     
   105.599998050875        13057.4290386414     
   105.699998044938        13042.0815782561     
   105.799998039001        13027.1888873254     
   105.899998033064        13012.7358769950     
   105.999998027128        12998.7072212250     
   106.099998021191        12985.0874631740     
   106.199998015254        12971.8611080537     
   106.299998009317        12959.0127036833     
   106.399998003380        12946.5269099135     
   106.499997997444        12934.3885580101     
   106.599997991507        12922.5827010276     
   106.699997985570        12911.0946561171     
   106.799997979633        12899.9100396511     
   106.899997973696        12889.0147959713     
   106.999997967759        12878.3952205027     
   107.099997961823        12868.0379779053     
   107.199997955886        12857.9301158816     
   107.299997949949        12848.0590751909     
   107.399997944012        12838.4126963764     
   107.499997938075        12828.9792236457     
   107.599997932139        12819.7473063198     
   107.699997926202        12810.7059981962     
   107.799997920265        12801.8447551586     
   107.899997914328        12793.1534313026     
   107.999997908391        12784.6222738381     
   108.099997902454        12776.2419169816     
   108.199997896518        12768.0033750342     
   108.299997890581        12759.8980348102     
   108.399997884644        12751.9176475636     
   108.499997878707        12744.0543205408     
   108.599997872770        12736.3005082641     
   108.699997866834        12728.6490036425     
   108.799997860897        12721.0929289869     
   108.899997854960        12713.6257269973     
   108.999997849023        12706.2411517775     
   109.099997843086        12698.9332599230     
   109.199997837149        12691.6964017226     
   109.299997831213        12684.5252124999     
   109.399997825276        12677.4146041218     
   109.499997819339        12670.3597566920     
   109.599997813402        12663.3561104417     
   109.699997807465        12656.3993578279     
   109.799997801529        12649.4854358450     
   109.899997795592        12642.6105185506     
   109.999997789655        12635.7710098085     
   110.099997783718        12628.9635362439     
   110.199997777781        12622.1849404072     
   110.299997771844        12615.4322741429     
   110.399997765908        12608.7027921534     
   110.499997759971        12601.9939457527     
   110.599997754034        12595.3033768004     
   110.699997748097        12588.6289118050     
   110.799997742160        12581.9685561911     
   110.899997736224        12575.3204887167     
   110.999997730287        12568.6830560325     
   111.099997724350        12562.0547673735     
   111.199997718413        12555.4342893715     
   111.299997712476        12548.8204409821     
   111.399997706539        12542.2121885127     
   111.499997700603        12535.6086407450     
   111.599997694666        12529.0090441455     
   111.699997688729        12522.4127781495     
   111.799997682792        12515.8193505171     
   111.899997676855        12509.2283927527     
   111.999997670919        12502.6396555784     
   112.099997664982        12496.0530044700     
   112.199997659045        12489.4684151688     
   112.299997653108        12482.8859694005     
   112.399997647171        12476.3058504205     
   112.499997641234        12469.7283387298     
   112.599997635298        12463.1538077768     
   112.699997629361        12456.5827196900     
   112.799997623424        12450.0156210324     
   112.899997617487        12443.4531385843     
   112.999997611550        12436.8959751475     
   113.099997605614        12430.3449053701     
   113.199997599677        12423.8007715991     
   113.299997593740        12417.2644797539     
   113.399997587803        12410.7369952280     
   113.499997581866        12404.2193388168     
   113.599997575929        12397.7125826773     
   113.699997569993        12391.2178463188     
   113.799997564056        12384.7362926315     
   113.899997558119        12378.2691239529     
   113.999997552182        12371.8175781791     
   114.099997546245        12365.3829249201     
   114.199997540309        12358.9664617100     
   114.299997534372        12352.5695102693     
   114.399997528435        12346.1934128306     
   114.499997522498        12339.8395285244     
   114.599997516561        12333.5092298378     
   114.699997510624        12327.2038991452     
   114.799997504688        12320.9249253175     
   114.899997498751        12314.6737004131     
   114.999997492814        12308.4516164581     
   115.099997486877        12302.2600623162     
   115.199997480940        12296.1004206551     
   115.299997475004        12289.9740650121     
   115.399997469067        12283.8823569646     
   115.499997463130        12277.8266434040     
   115.599997457193        12271.8082539240     
   115.699997451256        12265.8284983194     
   115.799997445319        12259.8886642009     
   115.899997439383        12253.9900147289     
   115.999997433446        12248.1337864664     
   116.099997427509        12242.3211873554     
   116.199997421572        12236.5533948136     
   116.299997415635        12230.8315539592     
   116.399997409699        12225.1567759561     
   116.499997403762        12219.5301364878     
   116.599997397825        12213.9526743532     
   116.699997391888        12208.4253901898     
   116.799997385951        12202.9492453175     
   116.899997380014        12197.5251607075     
   116.999997374078        12192.1540160712     
   117.099997368141        12186.8366490677     
   117.199997362204        12181.5738546293     
   117.299997356267        12176.3663844041     
   117.399997350330        12171.2149463047     
   117.499997344394        12166.1202041726     
   117.599997338457        12161.0827775474     
   117.699997332520        12156.1032415358     
   117.799997326583        12151.1821267834     
   117.899997320646        12146.3199195404     
   117.999997314709        12141.5170618211     
   118.099997308773        12136.7739516503     
   118.199997302836        12132.0909433909     
   118.299997296899        12127.4683481533     
   118.399997290962        12122.9064342931     
   118.499997285025        12118.4054279501     
   118.599997279089        12113.9655136464     
   118.699997273152        12109.5868350773     
   118.799997267215        12105.2694957101     
   118.899997261278        12101.0135596848     
   118.999997255341        12096.8190526204     
   119.099997249404        12092.6859625133     
   119.199997243468        12088.6142406713     
   119.299997237531        12084.6038026817     
   119.399997231594        12080.6545294090     
   119.499997225657        12076.7662680347     
   119.599997219720        12072.9388331052     
   119.699997213784        12069.1720076093     
   119.799997207847        12065.4655440789     
   119.899997201910        12061.8191656908     
   119.999997195973        12058.2325673898     
   120.099997190036        12054.7054170148     
   120.199997184100        12051.2373564319     
   120.299997178163        12047.8280026663     
   120.399997172226        12044.4769490365     
   120.499997166289        12041.1837662817     
   120.599997160352        12037.9480036859     
   120.699997154415        12034.7691901924     
   120.799997148479        12031.6468355062     
   120.899997142542        12028.5804311885     
   120.999997136605        12025.5694517310     
   121.099997130668        12022.6133556190     
   121.199997124731        12019.7115863747     
   121.299997118795        12016.8635735796     
   121.399997112858        12014.0687338840     
   121.499997106921        12011.3264719838     
   121.599997100984        12008.6361815847     
   121.699997095047        12005.9972463394     
   121.799997089110        12003.4090407582     
   121.899997083174        12000.8709310988     
   121.999997077237        11998.3822762274     
   122.099997071300        11995.9424284584     
   122.199997065363        11993.5507343611     
   122.299997059426        11991.2065355461     
   122.399997053490        11988.9091694223     
   122.499997047553        11986.6579699262     
   122.599997041616        11984.4522682258     
   122.699997035679        11982.2913933985     
   122.799997029742        11980.1746730791     
   122.899997023805        11978.1014340849     
   122.999997017869        11976.0710030107     
   123.099997011932        11974.0827068011     
   123.199997005995        11972.1358732955     
   123.299997000058        11970.2298317475     
   123.399996994121        11968.3639133191     
   123.499996988185        11966.5374515512     
   123.599996982248        11964.7497828096     
   123.699996976311        11963.0002467069     
   123.799996970374        11961.2881865037     
   123.899996964437        11959.6129494809     
   123.999996958500        11957.9738873000     
   124.099996952564        11956.3703563313     
   124.199996946627        11954.8017179706     
   124.299996940690        11953.2673389283     
   124.399996934753        11951.7665915035     
   124.499996928816        11950.2988538376     
   124.599996922880        11948.8635101483     
   124.699996916943        11947.4599509491     
   124.799996911006        11946.0875732477     
   124.899996905069        11944.7457807303     
   124.999996899132        11943.4339839302     
   125.099996893195        11942.1516003787     
   125.199996887259        11940.8980547446     
   125.299996881322        11939.6727789558     
   125.399996875385        11938.4752123104     
   125.499996869448        11937.3048015749     
   125.599996863511        11936.1610010663     
   125.699996857575        11935.0432727267     
   125.799996851638        11933.9510861844     
   125.899996845701        11932.8839188032     
   125.999996839764        11931.8412557254     
   126.099996833827        11930.8225899001     
   126.199996827890        11929.8274221051     
   126.299996821954        11928.8552609604     
   126.399996816017        11927.9056229311     
   126.499996810080        11926.9780323247     
   126.599996804143        11926.0720212792     
   126.699996798206        11925.1871297456     
   126.799996792270        11924.3229054630     
   126.899996786333        11923.4789039276     
   126.999996780396        11922.6546883548     
   127.099996774459        11921.8498296403     
   127.199996768522        11921.0639063082     
   127.299996762585        11920.2965044633     
   127.399996756649        11919.5472177298     
   127.499996750712        11918.8156471960     
   127.599996744775        11918.1014013450     
   127.699996738838        11917.4040959903     
   127.799996732901        11916.7233542010     
   127.899996726965        11916.0588062322     
   127.999996721028        11915.4100894433     
   128.099996715091        11914.7768482219     
   128.199996709154        11914.1587338987     
   128.299996703217        11913.5554046676     
   128.399996697280        11912.9665254980     
   128.499996691344        11912.3917680475     
   128.599996685407        11911.8308105748     
   128.699996679470        11911.2833378456     
   128.799996673533        11910.7490410489     
   128.899996667596        11910.2276176980     
   128.999996661660        11909.7187715412     
   129.099996655723        11909.2222124679     
   129.199996649786        11908.7376564174     
   129.299996643849        11908.2648252785     
   129.399996637912        11907.8034468012     
   129.499996631975        11907.3532545005     
   129.599996626039        11906.9139875602     
   129.699996620102        11906.4853907404     
   129.799996614165        11906.0672142840     
   129.899996608228        11905.6592138185     
   129.999996602291        11905.2611502680     
   130.099996596355        11904.8727897570     
   130.199996590418        11904.4939035184     
   130.299996584481        11904.1242678015     
   130.399996578544        11903.7636637815     
   130.499996572607        11903.4118774645     
   130.599996566670        11903.0686996038     
   130.699996560734        11902.7339256092     
   130.799996554797        11902.4073554563     
   130.899996548860        11902.0887935974     
   130.999996542923        11901.7780488819     
   131.099996536986        11901.4749344652     
   131.199996531050        11901.1792677262     
   131.299996525113        11900.8908701841     
   131.399996519176        11900.6095674113     
   131.499996513239        11900.3351889627     
   131.599996507302        11900.0675682833     
   131.699996501365        11899.8065426352     
   131.799996495429        11899.5519530203     
   131.899996489492        11899.3036440970     
   131.999996483555        11899.0614641179     
   132.099996477618        11898.8252648390     
   132.199996471681        11898.5949014506     
   132.299996465745        11898.3702325153     
   132.399996459808        11898.1511198872     
   132.499996453871        11897.9374286395     
   132.599996447934        11897.7290270019     
   132.699996441997        11897.5257862943     
   132.799996436060        11897.3275808499     
   132.899996430124        11897.1342879613     
   132.999996424187        11896.9457878129     
   133.099996418250        11896.7619634037     
   133.199996412313        11896.5827005197     
   133.299996406376        11896.4078876265     
   133.399996400440        11896.2374158537     
   133.499996394503        11896.0711789071     
   133.599996388566        11895.9090730220     
   133.699996382629        11895.7509969045     
   133.799996376692        11895.5968516799     
   133.899996370756        11895.4465408325     
   133.999996364819        11895.2999701535     
   134.099996358882        11895.1570476997     
   134.199996352945        11895.0176837214     
   134.299996347008        11894.8817906315     
   134.399996341071        11894.7492829450     
   134.499996335135        11894.6200772353     
   134.599996329198        11894.4940920939     
   134.699996323261        11894.3712480611     
   134.799996317324        11894.2514676100     
   134.899996311387        11894.1346750886     
   134.999996305451        11894.0207966561     
   135.099996299514        11893.9097602878     
   135.199996293577        11893.8014956946     
   135.299996287640        11893.6959342804     
   135.399996281703        11893.5930091462     
   135.499996275766        11893.4926549906     
   135.599996269830        11893.3948081176     
   135.699996263893        11893.2994063798     
   135.799996257956        11893.2063891514     
   135.899996252019        11893.1156972668     
   135.999996246082        11893.0272730323     
   136.099996240146        11892.9410601530     
   136.199996234209        11892.8570036992     
   136.299996228272        11892.7750500973     
   136.399996222335        11892.6951470985     
   136.499996216398        11892.6172437162     
   136.599996210461        11892.5412902207     
   136.699996204525        11892.4672381013     
   136.799996198588        11892.3950400435     
   136.899996192651        11892.3246499065     
   136.999996186714        11892.2560226548     
   137.099996180777        11892.1891143822     
   137.199996174841        11892.1238822740     
   137.299996168904        11892.0602845508     
   137.399996162967        11891.9982804719     
   137.499996157030        11891.9378302927     
   137.599996151093        11891.8788952639     
   137.699996145156        11891.8214375894     
   137.799996139220        11891.7654204044     
   137.899996133283        11891.7108077562     
   137.999996127346        11891.6575645696     
   138.099996121409        11891.6056566545     
   138.199996115472        11891.5550506672     
   138.299996109536        11891.5057140840     
   138.399996103599        11891.4576151837     
   138.499996097662        11891.4107230433     
   138.599996091725        11891.3650074800     
   138.699996085788        11891.3204390888     
   138.799996079851        11891.2769891866     
   138.899996073915        11891.2346298061     
   138.999996067978        11891.1933336521     
   139.099996062041        11891.1530741430     
   139.199996056104        11891.1138253282     
   139.299996050167        11891.0755619095     
   139.399996044231        11891.0382592248     
   139.499996038294        11891.0018932236     
   139.599996032357        11890.9664404635     
   139.699996026420        11890.9318780572     
   139.799996020483        11890.8981837180     
   139.899996014546        11890.8653356889     
   139.999996008610        11890.8333127859     
   140.099996002673        11890.8020943234     
   140.199995996736        11890.7716601513     
   140.299995990799        11890.7419905989     
   140.399995984862        11890.7130665027     
   140.499995978926        11890.6848691801     
   140.599995972989        11890.6573804202     
   140.699995967052        11890.6305824551     
   140.799995961115        11890.6044579526     
   140.899995955178        11890.5789900221     
   140.999995949241        11890.5541622054     
   141.099995943305        11890.5299584415     
   141.199995937368        11890.5063630762     
   141.299995931431        11890.4833608525     
   141.399995925494        11890.4609368500     
   141.499995919557        11890.4390766025     
   141.599995913621        11890.4177659312     
   141.699995907684        11890.3969910740     
   141.799995901747        11890.3767385704     
   141.899995895810        11890.3569953000     
   141.999995889873        11890.3377484757     
   142.099995883936        11890.3189856352     
   142.199995878000        11890.3006946324     
   142.299995872063        11890.2828636317     
   142.399995866126        11890.2654810653     
   142.499995860189        11890.2485356671     
   142.599995854252        11890.2320164685     
   142.699995848316        11890.2159127809     
   142.799995842379        11890.2002141101     
   142.899995836442        11890.1849103279     
   142.999995830505        11890.1699915050     
   143.099995824568        11890.1554479651     
   143.199995818631        11890.1412702836     
   143.299995812695        11890.1274492740     
   143.399995806758        11890.1139759747     
   143.499995800821        11890.1008416039     
   143.599995794884        11890.0880377012     
   143.699995788947        11890.0755559532     
   143.799995783011        11890.0633882200     
   143.899995777074        11890.0515266657     
   143.999995771137        11890.0399635520     
   144.099995765200        11890.0286913826     
   144.199995759263        11890.0177028744     
   144.299995753326        11890.0069908853     
   144.399995747390        11889.9965484123     
   144.499995741453        11889.9863687263     
   144.599995735516        11889.9764452168     
   144.699995729579        11889.9667714411     
   144.799995723642        11889.9573411203     
   144.899995717706        11889.9481481350     
   144.999995711769        11889.9391865086     
   145.099995705832        11889.9304503890     
   145.199995699895        11889.9219341514     
   145.299995693958        11889.9136322791     
   145.399995688021        11889.9055393562     
   145.499995682085        11889.8976500831     
   145.599995676148        11889.8899594375     
   145.699995670211        11889.8824623110     
   145.799995664274        11889.8751539328     
   145.899995658337        11889.8680294683     
   145.999995652401        11889.8610843884     
   146.099995646464        11889.8543140581     
   146.199995640527        11889.8477142081     
   146.299995634590        11889.8412804785     
   146.399995628653        11889.8350086687     
   146.499995622716        11889.8288947743     
   146.599995616780        11889.8229348142     
   146.699995610843        11889.8171248436     
   146.799995604906        11889.8114611231     
   146.899995598969        11889.8059399901     
   146.999995593032        11889.8005578583     
   147.099995587096        11889.7953112247     
   147.199995581159        11889.7901966765     
   147.299995575222        11889.7852108870     
   147.399995569285        11889.7803506144     
   147.499995563348        11889.7756127008     
   147.599995557411        11889.7709940657     
   147.699995551475        11889.7664917110     
   147.799995545538        11889.7621027123     
   147.899995539601        11889.7578242234     
   147.999995533664        11889.7536534612     
   148.099995527727        11889.7495877108     
   148.199995521791        11889.7456243064     
   148.299995515854        11889.7417606509     
   148.399995509917        11889.7379943021     
   148.499995503980        11889.7343228168     
   148.599995498043        11889.7307437773     
   148.699995492106        11889.7272547685     
   148.799995486170        11889.7238536585     
   148.899995480233        11889.7205382212     
   148.999995474296        11889.7173061938     
   149.099995468359        11889.7141555672     
   149.199995462422        11889.7110843217     
   149.299995456486        11889.7080903133     
   149.399995450549        11889.7051717650     
   149.499995444612        11889.7023266948     
   149.599995438675        11889.6995532148     
   149.699995432738        11889.6968496572     
   149.799995426802        11889.6942140571     
   149.899995420865        11889.6916449382     
   149.999995414928        11889.6891404012     
