   95.0999986742407       -34526.1906804671     
   95.1999986683039       -34526.1906804801     
   95.2999986623671       -34526.1906804931     
   95.3999986564303       -34526.1906805060     
   95.4999986504935       -34526.1906805190     
   95.5999986445566       -34526.1906805320     
   95.6999986386198       -34526.1906805449     
   95.7999986326830       -34526.1906805579     
   95.8999986267462       -34526.1906805709     
   95.9999986208094       -34526.1906805838     
   96.0999986148725       -34526.1906805968     
   96.1999986089357       -34526.1906806098     
   96.2999986029989       -34526.1906806228     
   96.3999985970621       -34526.1906806357     
   96.4999985911253       -34526.1906806487     
   96.5999985851885       -34526.1906806617     
   96.6999985792516       -34526.1906806747     
   96.7999985733148       -34526.1906806876     
   96.8999985673780       -34526.1906807006     
   96.9999985614412       -34526.1906807136     
   97.0999985555044       -34526.1906807266     
   97.1999985495676       -34526.1906807396     
   97.2999985436307       -34526.1906807525     
   97.3999985376939       -34526.1906807655     
   97.4999985317571       -34526.1906807785     
   97.5999985258203       -34526.1906807915     
   97.6999985198835       -34526.1906808045     
   97.7999985139466       -34526.1906808175     
   97.8999985080098       -34526.1906808304     
   97.9999985020730       -34526.1906808434     
   98.0999984961362       -34526.1906808564     
   98.1999984901994       -34526.1906808694     
   98.2999984842626       -34526.1906808824     
   98.3999984783257       -34526.1906808954     
   98.4999984723889       -34526.1906809084     
   98.5999984664521       -34526.1906809214     
   98.6999984605153       -34526.1906809344     
   98.7999984545785       -34526.1906809474     
   98.8999984486417       -34526.1906809604     
   98.9999984427048       -34526.1906809734     
   99.0999984367680       -34526.1906809864     
   99.1999984308312       -34526.1906809994     
   99.2999984248944       -34526.1906810124     
   99.3999984189576       -34526.1906810253     
   99.4999984130207       -34526.1906810384     
   99.5999984070839       -34526.1906810514     
   99.6999984011471       -34526.1906810644     
   99.7999983952103       -34526.1906810774     
   99.8999983892735       -34526.1906810904     
   99.9999983833367       -34526.1906811034     
   100.099998377400       -32778.4831046979     
   100.199998371463       -32144.9617361541     
   100.299998365526       -31574.5060482059     
   100.399998359589       -31069.5631194074     
   100.499998353653       -30620.1172360645     
   100.599998347716       -30215.9302381248     
   100.699998341779       -29848.8975886950     
   100.799998335842       -29512.8967691639     
   100.899998329905       -29203.3280698863     
   100.999998323968       -28916.6742625914     
   101.099998318032       -28650.1398737085     
   101.199998312095       -28401.4068492635     
   101.299998306158       -28168.5025293207     
   101.399998300221       -27949.7421061266     
   101.499998294284       -27743.6983103349     
   101.599998288348       -27549.1693493434     
   101.699998282411       -27365.1408300535     
   101.799998276474       -27190.7475120477     
   101.899998270537       -27025.2390677092     
   101.999998264600       -26867.9504448471     
   102.099998258663       -26718.2763240113     
   102.199998252727       -26575.6504806494     
   102.299998246790       -26439.5328535374     
   102.399998240853       -26309.4073925816     
   102.499998234916       -26184.7906846485     
   102.599998228979       -26065.2462799179     
   102.699998223043       -25950.3966935362     
   102.799998217106       -25839.9270383346     
   102.899998211169       -25733.5794104113     
   102.999998205232       -25631.1413976107     
   103.099998199295       -25532.4332002695     
   103.199998193358       -25437.2965702039     
   103.299998187422       -25345.5868645478     
   103.399998181485       -25257.1681209113     
   103.499998175548       -25171.9104299588     
   103.599998169611       -25089.6887879708     
   103.699998163674       -25010.3827681797     
   103.799998157738       -24933.8765643257     
   103.899998151801       -24860.0591440828     
   103.999998145864       -24788.8243795701     
   104.099998139927       -24720.0711019065     
   104.199998133990       -24653.7030703129     
   104.299998128054       -24589.6288666799     
   104.399998122117       -24527.7617337167     
   104.499998116180       -24468.0193751342     
   104.599998110243       -24410.3237337197     
   104.699998104306       -24354.6007596428     
   104.799998098369       -24300.7801779499     
   104.899998092433       -24248.7952613500     
   104.999998086496       -24198.5826121879     
   105.099998080559       -24150.0819558442     
   105.199998074622       -24103.2359466618     
   105.299998068685       -24057.9899867118     
   105.399998062749       -24014.2920571895     
   105.499998056812       -23972.0925619543     
   105.599998050875       -23931.3441824967     
   105.699998044938       -23892.0017435893     
   105.799998039001       -23854.0220888056     
   105.899998033064       -23817.3639651298     
   105.999998027128       -23781.9879159050     
   106.099998021191       -23747.8561814118     
   106.199998015254       -23714.9326064303     
   106.299998009317       -23683.1825541753     
   106.399998003380       -23652.5728260678     
   106.499997997444       -23623.0715868357     
   106.599997991507       -23594.6482944966     
   106.699997985570       -23567.2736348092     
   106.799997979633       -23540.9194598263     
   106.899997973696       -23515.5587302104     
   106.999997967759       -23491.1654610054     
   107.099997961823       -23467.7146705981     
   107.199997955886       -23445.1823326055     
   107.299997949949       -23423.5453304746     
   107.399997944012       -23402.7814145817     
   107.499997938075       -23382.8691616420     
   107.599997932139       -23363.7879362639     
   107.699997926202       -23345.5178544937     
   107.799997920265       -23328.0397491991     
   107.899997914328       -23311.3351371807     
   107.999997908391       -23295.3861878675     
   108.099997902454       -23280.1756935155     
   108.199997896518       -23265.6870407900     
   108.299997890581       -23251.9041836588     
   108.399997884644       -23238.8116174929     
   108.499997878707       -23226.3943543122     
   108.599997872770       -23214.6378991143     
   108.699997866834       -23203.5282271997     
   108.799997860897       -23193.0517624535     
   108.899997854960       -23183.1953565170     
   108.999997849023       -23173.9462688184     
   109.099997843086       -23165.2921473918     
   109.199997837149       -23157.2210104593     
   109.299997831213       -23149.7212287410     
   109.399997825276       -23142.7815084378     
   109.499997819339       -23136.3908748821     
   109.599997813402       -23130.5386567953     
   109.699997807465       -23125.2144711577     
   109.799997801529       -23120.4082086388     
   109.899997795592       -23116.1100195800     
   109.999997789655       -23112.3103004979     
   110.099997783718       -23108.9996811072     
   110.199997777781       -23106.1690118218     
   110.299997771844       -23103.8093517346     
   110.399997765908       -23101.9119570543     
   110.499997759971       -23100.4682699888     
   110.599997754034       -23099.4699080584     
   110.699997748097       -23098.9086538329     
   110.799997742160       -23098.7764450785     
   110.899997736224       -23099.0653652983     
   110.999997730287       -23099.7676346804     
   111.099997724350       -23100.8756014077     
   111.199997718413       -23102.3817333676     
   111.299997712476       -23104.2786102104     
   111.399997706539       -23106.5589157786     
   111.499997700603       -23109.2154308906     
   111.599997694666       -23112.2410264804     
   111.699997688729       -23115.6286570705     
   111.799997682792       -23119.3713545916     
   111.899997676855       -23123.4622225333     
   111.999997670919       -23127.8944304273     
   112.099997664982       -23132.6612086468     
   112.199997659045       -23137.7558435359     
   112.299997653108       -23143.1716728449     
   112.399997647171       -23148.9020814741     
   112.499997641234       -23154.9404975265     
   112.599997635298       -23161.2803886609     
   112.699997629361       -23167.9152587270     
   112.799997623424       -23174.8386447088     
   112.899997617487       -23182.0441139294     
   112.999997611550       -23189.5252615511     
   113.099997605614       -23197.2757083263     
   113.199997599677       -23205.2890986455     
   113.299997593740       -23213.5590988079     
   113.399997587803       -23222.0793955675     
   113.499997581866       -23230.8436949133     
   113.599997575929       -23239.8457211015     
   113.699997569993       -23249.0792158965     
   113.799997564056       -23258.5379380608     
   113.899997558119       -23268.2156630372     
   113.999997552182       -23278.1061828547     
   114.099997546245       -23288.2033062271     
   114.199997540309       -23298.5008588437     
   114.299997534372       -23308.9926838383     
   114.399997528435       -23319.6726424462     
   114.499997522498       -23330.5346148046     
   114.599997516561       -23341.5725009245     
   114.699997510624       -23352.7802218053     
   114.799997504688       -23364.1517206883     
   114.899997498751       -23375.6809644273     
   114.999997492814       -23387.3619449979     
   115.099997486877       -23399.1886810962     
   115.199997480940       -23411.1552198531     
   115.299997475004       -23423.2556386227     
   115.399997469067       -23435.4840468778     
   115.499997463130       -23447.8345881475     
   115.599997457193       -23460.3014420395     
   115.699997451256       -23472.8788263038     
   115.799997445319       -23485.5609989591     
   115.899997439383       -23498.3422604285     
   115.999997433446       -23511.2169557267     
   116.099997427509       -23524.1794766653     
   116.199997421572       -23537.2242640482     
   116.299997415635       -23550.3458099002     
   116.399997409699       -23563.5386596684     
   116.499997403762       -23576.7974144292     
   116.599997397825       -23590.1167330587     
   116.699997391888       -23603.4913344044     
   116.799997385951       -23616.9159993966     
   116.899997380014       -23630.3855731477     
   116.999997374078       -23643.8949669853     
   117.099997368141       -23657.4391604544     
   117.199997362204       -23671.0132032603     
   117.299997356267       -23684.6122171427     
   117.399997350330       -23698.2313977099     
   117.499997344394       -23711.8660161708     
   117.599997338457       -23725.5114210372     
   117.699997332520       -23739.1630397105     
   117.799997326583       -23752.8163800337     
   117.899997320646       -23766.4670317119     
   117.999997314709       -23780.1106676927     
   118.099997308773       -23793.7430454471     
   118.199997302836       -23807.3600081538     
   118.299997296899       -23820.9574858086     
   118.399997290962       -23834.5314962373     
   118.499997285025       -23848.0781460195     
   118.599997279089       -23861.5936313208     
   118.699997273152       -23875.0742386330     
   118.799997267215       -23888.5163454188     
   118.899997261278       -23901.9164206735     
   118.999997255341       -23915.2710253945     
   119.099997249404       -23928.5768129386     
   119.199997243468       -23941.8305293295     
   119.299997237531       -23955.0290134416     
   119.399997231594       -23968.1691971052     
   119.499997225657       -23981.2481051312     
   119.599997219720       -23994.2628552560     
   119.699997213784       -24007.2106579808     
   119.799997207847       -24020.0888163534     
   119.899997201910       -24032.8947256691     
   119.999997195973       -24045.6258730657     
   120.099997190036       -25126.8535644712     
   120.199997184100       -25605.5035078251     
   120.299997178163       -26072.0703134251     
   120.399997172226       -26529.2313701875     
   120.499997166289       -26977.7714120962     
   120.599997160352       -27418.1708499730     
   120.699997154415       -27850.6331547429     
   120.799997148479       -28275.0987706278     
   120.899997142542       -28691.2534131212     
   120.999997136605       -29098.5240969853     
   121.099997130668       -29496.0362642512     
   121.199997124731       -29882.4800402852     
   121.299997118795       -30255.9565199305     
   121.399997112858       -30614.4683150871     
   121.499997106921       -30957.3235312043     
   121.599997100984       -31284.9763681951     
   121.699997095047       -31597.2845022746     
   121.799997089110       -31893.1229677242     
   121.899997083174       -32171.0217484828     
   121.999997077237       -32429.7051596754     
   122.099997071300       -32668.3462894746     
   122.199997065363       -32886.6214645034     
   122.299997059426       -33084.6611831370     
   122.399997053490       -33262.9734600072     
   122.499997047553       -33422.3710253947     
   122.599997041616       -33563.9042107138     
   122.699997035679       -33688.7962040229     
   122.799997029742       -33798.3808382811     
   122.899997023805       -33894.0454707023     
   122.999997017869       -33977.1816235978     
   123.099997011932       -34049.1450503589     
   123.199997005995       -34111.2256876592     
   123.299997000058       -34164.6269751438     
   123.399996994121       -34210.4533870120     
   123.499996988185       -34249.7047072045     
   123.599996982248       -34283.2755178310     
   123.699996976311       -34311.9584744416     
   123.799996970374       -34336.4501372191     
   123.899996964437       -34357.3583578475     
   123.999996958500       -34375.2104504236     
   124.099996952564       -34390.4615799679     
   124.199996946627       -34403.5029741894     
   124.299996940690       -34414.6697012569     
   124.399996934753       -34424.2478608264     
   124.499996928816       -34432.4811120764     
   124.599996922880       -34439.5765162829     
   124.699996916943       -34445.7097074507     
   124.799996911006       -34451.0294272454     
   124.899996905069       -34455.6614734472     
   124.999996899132       -34459.7121173434     
   125.099996893195       -34463.2710470285     
   125.199996887259       -34466.4138921374     
   125.299996881322       -34469.2043822640     
   125.399996875385       -34471.6961870498     
   125.499996869448       -34473.9344812140     
   125.599996863511       -34475.9572730175     
   125.699996857575       -34477.7965300528     
   125.799996851638       -34479.4791319297     
   125.899996845701       -34481.0276755202     
   125.999996839764       -34482.4611548807     
   126.099996833827       -34483.7955348401     
   126.199996827890       -34485.0442345324     
   126.299996821954       -34486.2185347479     
   126.399996816017       -34487.3279208628     
   126.499996810080       -34488.3803714413     
   126.599996804143       -34489.3826009572     
   126.699996798206       -34490.3402638383     
   126.799996792270       -34491.2581261142     
   126.899996786333       -34492.1402092055     
   126.999996780396       -34492.9899111646     
   127.099996774459       -34493.8101081714     
   127.199996768522       -34494.6032397241     
   127.299996762585       -34495.3713801727     
   127.399996756649       -34496.1162986694     
   127.499996750712       -34496.8395094932     
   127.599996744775       -34497.5423140394     
   127.699996738838       -34498.2258362001     
   127.799996732901       -34498.8910518323     
   127.899996726965       -34499.5388135926     
   127.999996721028       -34500.1698713989     
   128.099996715091       -34500.7848898432     
   128.199996709154       -34501.3844626696     
   128.299996703217       -34501.9691245493     
   128.399996697280       -34502.5393614292     
   128.499996691344       -34503.0956186523     
   128.599996685407       -34503.6383080457     
   128.699996679470       -34504.1678135109     
   128.799996673533       -34504.6844960905     
   128.899996667596       -34505.1886974698     
   128.999996661660       -34505.6807435656     
   129.099996655723       -34506.1609470431     
   129.199996649786       -34506.6296095559     
   129.299996643849       -34507.0870233522     
   129.399996637912       -34507.5334726519     
   129.499996631975       -34507.9692349607     
   129.599996626039       -34508.3945818017     
   129.699996620102       -34508.8097791976     
   129.799996614165       -34509.2150886358     
   129.899996608228       -34509.6107664829     
   129.999996602291       -34509.9970653785     
   130.099996596355       -34510.3742331801     
   130.199996590418       -34510.7425137741     
   130.299996584481       -34511.1021468290     
   130.399996578544       -34511.4533672932     
   130.499996572607       -34511.7964057484     
   130.599996566670       -34512.1314882116     
   130.699996560734       -34512.4588354332     
   130.799996554797       -34512.7786631157     
   130.899996548860       -34513.0911816162     
   130.999996542923       -34513.3965956996     
   131.099996536986       -34513.6951043233     
   131.199996531050       -34513.9869004614     
   131.299996525113       -34514.2721709270     
   131.399996519176       -34514.5510962312     
   131.499996513239       -34514.8238504636     
   131.599996507302       -34515.0906012198     
   131.699996501365       -34515.3515095574     
   131.799996495429       -34515.6067300251     
   131.899996489492       -34515.8564107140     
   131.999996483555       -34516.1006931645     
   132.099996477618       -34516.3397123767     
   132.199996471681       -34516.5735974795     
   132.299996465745       -34516.8024714181     
   132.399996459808       -34517.0264510405     
   132.499996453871       -34517.2456478750     
   132.599996447934       -34517.4601675808     
   132.699996441997       -34517.6701113707     
   132.799996436060       -34517.8755747227     
   132.899996430124       -34518.0766493824     
   132.999996424187       -34518.2734219648     
   133.099996418250       -34518.4659759825     
   133.199996412313       -34518.6543905475     
   133.299996406376       -34518.8387415334     
   133.399996400440       -34519.0191022283     
   133.499996394503       -34519.1955425394     
   133.599996388566       -34519.3681299755     
   133.699996382629       -34519.5369303035     
   133.799996376692       -34519.7020067416     
   133.899996370756       -34519.8634207971     
   133.999996364819       -34520.0212329113     
   134.099996358882       -34520.1755019002     
   134.199996352945       -34520.3262854289     
   134.299996347008       -34520.4736400929     
   134.399996341071       -34520.6176222540     
   134.499996335135       -34520.7582870962     
   134.599996329198       -34520.8956893857     
   134.699996323261       -34521.0298833243     
   134.799996317324       -34521.1609231470     
   134.899996311387       -34521.2888625893     
   134.999996305451       -34521.4137550646     
   135.099996299514       -34521.5356538287     
   135.199996293577       -34521.6546120971     
   135.299996287640       -34521.7706831413     
   135.399996281703       -34521.8839197789     
   135.499996275766       -34521.9943748379     
   135.599996269830       -34522.1021009520     
   135.699996263893       -34522.2071511080     
   135.799996257956       -34522.3095776217     
   135.899996252019       -34522.4094328270     
   135.999996246082       -34522.5067687246     
   136.099996240146       -34522.6016376532     
   136.199996234209       -34522.6940911716     
   136.299996228272       -34522.7841807217     
   136.399996222335       -34522.8719573228     
   136.499996216398       -34522.9574719462     
   136.599996210461       -34523.0407751024     
   136.699996204525       -34523.1219167053     
   136.799996198588       -34523.2009462851     
   136.899996192651       -34523.2779128722     
   136.999996186714       -34523.3528653462     
   137.099996180777       -34523.4258515622     
   137.199996174841       -34523.4969189823     
   137.299996168904       -34523.5661142963     
   137.399996162967       -34523.6334840006     
   137.499996157030       -34523.6990736191     
   137.599996151093       -34523.7629279518     
   137.699996145156       -34523.8250911621     
   137.799996139220       -34523.8856065362     
   137.899996133283       -34523.9445171840     
   137.999996127346       -34524.0018648281     
   138.099996121409       -34524.0576906598     
   138.199996115472       -34524.1120350499     
   138.299996109536       -34524.1649374238     
   138.399996103599       -34524.2164369267     
   138.499996097662       -34524.2665713829     
   138.599996091725       -34524.3153779246     
   138.699996085788       -34524.3628928884     
   138.799996079851       -34524.4091517323     
   138.899996073915       -34524.4541890954     
   138.999996067978       -34524.4980391157     
   139.099996062041       -34524.5407346833     
   139.199996056104       -34524.5823079989     
   139.299996050167       -34524.6227904744     
   139.399996044231       -34524.6622127178     
   139.499996038294       -34524.7006043832     
   139.599996032357       -34524.7379947145     
   139.699996026420       -34524.7744119072     
   139.799996020483       -34524.8098833281     
   139.899996014546       -34524.8444356616     
   139.999996008610       -34524.8780948438     
   140.099996002673       -34524.9108860558     
   140.199995996736       -34524.9428337104     
   140.299995990799       -34524.9739614324     
   140.399995984862       -34525.0042925391     
   140.499995978926       -34525.0338492742     
   140.599995972989       -34525.0626532545     
   140.699995967052       -34525.0907255074     
   140.799995961115       -34525.1180864024     
   140.899995955178       -34525.1447556283     
   140.999995949241       -34525.1707523837     
   141.099995943305       -34525.1960951357     
   141.199995937368       -34525.2208018123     
   141.299995931431       -34525.2448897331     
   141.399995925494       -34525.2683758511     
   141.499995919557       -34525.2912765049     
   141.599995913621       -34525.3136073635     
   141.699995907684       -34525.3353837694     
   141.799995901747       -34525.3566204240     
   141.899995895810       -34525.3773317108     
   141.999995889873       -34525.3975314254     
   142.099995883936       -34525.4172330575     
   142.199995878000       -34525.4364495742     
   142.299995872063       -34525.4551935515     
   142.399995866126       -34525.4734771858     
   142.499995860189       -34525.4913122930     
   142.599995854252       -34525.5087103127     
   142.699995848316       -34525.5256823139     
   142.799995842379       -34525.5422390012     
   142.899995836442       -34525.5583907830     
   142.999995830505       -34525.5741480327     
   143.099995824568       -34525.5895203369     
   143.199995818631       -34525.6045171810     
   143.299995812695       -34525.6191479197     
   143.399995806758       -34525.6334213688     
   143.499995800821       -34525.6473463556     
   143.599995794884       -34525.6609312087     
   143.699995788947       -34525.6741843032     
   143.799995783011       -34525.6871134891     
   143.899995777074       -34525.6997265640     
   143.999995771137       -34525.7120311724     
   144.099995765200       -34525.7240345846     
   144.199995759263       -34525.7357439616     
   144.299995753326       -34525.7471662922     
   144.399995747390       -34525.7583083712     
   144.499995741453       -34525.7691768241     
   144.599995735516       -34525.7797781089     
   144.699995729579       -34525.7901185163     
   144.799995723642       -34525.8002041870     
   144.899995717706       -34525.8100411092     
   144.999995711769       -34525.8196351219     
   145.099995705832       -34525.8289919258     
   145.199995699895       -34525.8381170850     
   145.299995693958       -34525.8470160346     
   145.399995688021       -34525.8556941881     
   145.499995682085       -34525.8641566672     
   145.599995676148       -34525.8724084899     
   145.699995670211       -34525.8804547350     
   145.799995664274       -34525.8883001814     
   145.899995658337       -34525.8959495763     
   145.999995652401       -34525.9034077626     
   146.099995646464       -34525.9106790706     
   146.199995640527       -34525.9177680636     
   146.299995634590       -34525.9246790154     
   146.399995628653       -34525.9314161800     
   146.499995622716       -34525.9379838247     
   146.599995616780       -34525.9443858903     
   146.699995610843       -34525.9506264060     
   146.799995604906       -34525.9567093781     
   146.899995598969       -34525.9626385143     
   146.999995593032       -34525.9684175588     
   147.099995587096       -34525.9740501662     
   147.199995581159       -34525.9795399501     
   147.299995575222       -34525.9848904471     
   147.399995569285       -34525.9901050288     
   147.499995563348       -34525.9951870550     
   147.599995557411       -34526.0001398029     
   147.699995551475       -34526.0049664719     
   147.799995545538       -34526.0096702092     
   147.899995539601       -34526.0142540651     
   147.999995533664       -34526.0187210533     
   148.099995527727       -34526.0230740926     
   148.199995521791       -34526.0273161244     
   148.299995515854       -34526.0314498749     
   148.399995509917       -34526.0354780530     
   148.499995503980       -34526.0394033386     
   148.599995498043       -34526.0432283567     
   148.699995492106       -34526.0469557487     
   148.799995486170       -34526.0505879369     
   148.899995480233       -34526.0541272779     
   148.999995474296       -34526.0575762011     
   149.099995468359       -34526.0609371757     
   149.199995462422       -34526.0642122117     
   149.299995456486       -34526.0674036266     
   149.399995450549       -34526.0705137118     
   149.499995444612       -34526.0735443063     
   149.599995438675       -34526.0764976946     
   149.699995432738       -34526.0793757104     
   149.799995426802       -34526.0821803897     
   149.899995420865       -34526.0849136407     
   149.999995414928       -34526.0875772296     
