   95.0999986742407        11889.5922041958     
   95.1999986683039        11889.5922041826     
   95.2999986623671        11889.5922041693     
   95.3999986564303        11889.5922041561     
   95.4999986504935        11889.5922041428     
   95.5999986445566        11889.5922041296     
   95.6999986386198        11889.5922041163     
   95.7999986326830        11889.5922041031     
   95.8999986267462        11889.5922040898     
   95.9999986208094        11889.5922040766     
   96.0999986148725        11889.5922040634     
   96.1999986089357        11889.5922040501     
   96.2999986029989        11889.5922040369     
   96.3999985970621        11889.5922040236     
   96.4999985911253        11889.5922040103     
   96.5999985851885        11889.5922039971     
   96.6999985792516        11889.5922039838     
   96.7999985733148        11889.5922039706     
   96.8999985673780        11889.5922039573     
   96.9999985614412        11889.5922039441     
   97.0999985555044        11889.5922039308     
   97.1999985495676        11889.5922039176     
   97.2999985436307        11889.5922039043     
   97.3999985376939        11889.5922038910     
   97.4999985317571        11889.5922038778     
   97.5999985258203        11889.5922038645     
   97.6999985198835        11889.5922038513     
   97.7999985139466        11889.5922038380     
   97.8999985080098        11889.5922038247     
   97.9999985020730        11889.5922038115     
   98.0999984961362        11889.5922037982     
   98.1999984901994        11889.5922037849     
   98.2999984842626        11889.5922037717     
   98.3999984783257        11889.5922037584     
   98.4999984723889        11889.5922037451     
   98.5999984664521        11889.5922037318     
   98.6999984605153        11889.5922037186     
   98.7999984545785        11889.5922037053     
   98.8999984486417        11889.5922036920     
   98.9999984427048        11889.5922036788     
   99.0999984367680        11889.5922036655     
   99.1999984308312        11889.5922036522     
   99.2999984248944        11889.5922036389     
   99.3999984189576        11889.5922036257     
   99.4999984130207        11889.5922036124     
   99.5999984070839        11889.5922035991     
   99.6999984011471        11889.5922035858     
   99.7999983952103        11889.5922035725     
   99.8999983892735        11889.5922035593     
   99.9999983833367        11889.5922035460     
   100.099998377400        6612.94022129674     
   100.199998371463        6981.51938462838     
   100.299998365526        7257.35870108516     
   100.399998359589        7471.51125362287     
   100.499998353653        7641.80811600897     
   100.599998347716        7780.00581165469     
   100.699998341779        7894.10621040072     
   100.799998335842        7989.68028214035     
   100.899998329905        8070.69444647158     
   100.999998323968        8140.04799740789     
   101.099998318032        8199.92260770414     
   101.199998312095        8252.00490235528     
   101.299998306158        8297.62451021249     
   101.399998300221        8337.84043512804     
   101.499998294284        8373.50151456640     
   101.599998288348        8405.29407887030     
   101.699998282411        8433.77992248107     
   101.799998276474        8459.42463635231     
   101.899998270537        8482.61704250365     
   101.999998264600        8503.68204763833     
   102.099998258663        8522.89008864610     
   102.199998252727        8540.46563431300     
   102.299998246790        8556.59553636629     
   102.399998240853        8571.43678353087     
   102.499998234916        8585.12300535419     
   102.599998228979        8597.76946870039     
   102.699998223043        8609.47671597428     
   102.799998217106        8620.33317447688     
   102.899998211169        8630.41706306043     
   102.999998205232        8639.79784244281     
   103.099998199295        8648.53736999603     
   103.199998193358        8656.69085539784     
   103.299998187422        8664.30767268020     
   103.399998181485        8671.43206092158     
   103.499998175548        8678.10373350386     
   103.599998169611        8684.35840957483     
   103.699998163674        8690.22827814966     
   103.799998157738        8695.74240350564     
   103.899998151801        8700.92707937008     
   103.999998145864        8705.80613850888     
   104.099998139927        8710.40122354390     
   104.199998133990        8714.73202412401     
   104.299998128054        8718.81648492375     
   104.399998122117        8722.67098835870     
   104.499998116180        8726.31051538246     
   104.599998110243        8729.74878726637     
   104.699998104306        8732.99839086028     
   104.799998098369        8736.07088948405     
   104.899998092433        8738.97692129625     
   104.999998086496        8741.72628673101     
   105.099998080559        8744.32802637257     
   105.199998074622        8746.79049044827     
   105.299998068685        8749.12140096060     
   105.399998062749        8751.32790734137     
   105.499998056812        8753.41663639356     
   105.599998050875        8755.39373718459     
   105.699998044938        8757.26492147415     
   105.799998039001        8759.03550017600     
   105.899998033064        8760.71041629934     
   105.999998027128        8762.29427475518     
   106.099998021191        8763.79136936686     
   106.199998015254        8765.20570738353     
   106.299998009317        8766.54103175927     
   106.399998003380        8767.80084142996     
   106.499997997444        8768.98840979344     
   106.599997991507        8770.10680157413     
   106.699997985570        8771.15888823399     
   106.799997979633        8772.14736207307     
   106.899997973696        8773.07474914701     
   106.999997967759        8773.94342111569     
   107.099997961823        8774.75560612432     
   107.199997955886        8775.51339880836     
   107.299997949949        8776.21876950297     
   107.399997944012        8776.87357273081     
   107.499997938075        8777.47955503299     
   107.599997932139        8778.03836220258     
   107.699997926202        8778.55154597428     
   107.799997920265        8779.02057021577     
   107.899997914328        8779.44681666741     
   107.999997908391        8779.83159026651     
   108.099997902454        8780.17612409260     
   108.199997896518        8780.48158396523     
   108.299997890581        8780.74907272354     
   108.399997884644        8780.97963421373     
   108.499997878707        8781.17425700796     
   108.599997872770        8781.33387787693     
   108.699997866834        8781.45938503531     
   108.799997860897        8781.55162117793     
   108.899997854960        8781.61138632362     
   108.999997849023        8781.63944048076     
   109.099997843086        8781.63650614895     
   109.199997837149        8781.60327066834     
   109.299997831213        8781.54038842866     
   109.399997825276        8781.44848294783     
   109.499997819339        8781.32814882992     
   109.599997813402        8781.17995361070     
   109.699997807465        8781.00443949895     
   109.799997801529        8780.80212502108     
   109.899997795592        8780.57350657484     
   109.999997789655        8780.31905989902     
   110.099997783718        8780.03924146445     
   110.199997777781        8779.73448979102     
   110.299997771844        8779.40522669600     
   110.399997765908        8779.05185847771     
   110.499997759971        8778.67477703805     
   110.599997754034        8778.27436094830     
   110.699997748097        8777.85097646092     
   110.799997742160        8777.40497847053     
   110.899997736224        8776.93671142688     
   110.999997730287        8776.44651020236     
   111.099997724350        8775.93470091655     
   111.199997718413        8775.40160171959     
   111.299997712476        8774.84752353687     
   111.399997706539        8774.27277077629     
   111.499997700603        8773.67764200009     
   111.599997694666        8773.06243056322     
   111.699997688729        8772.42742521851     
   111.799997682792        8771.77291069106     
   111.899997676855        8771.09916822268     
   111.999997670919        8770.40647608703     
   112.099997664982        8769.69511007742     
   112.199997659045        8768.96534396741     
   112.299997653108        8768.21744994536     
   112.399997647171        8767.45169902396     
   112.499997641234        8766.66836142516     
   112.599997635298        8765.86770694147     
   112.699997629361        8765.05000527413     
   112.799997623424        8764.21552634910     
   112.899997617487        8763.36454061080     
   112.999997611550        8762.49731929510     
   113.099997605614        8761.61413468119     
   113.199997599677        8760.71526032353     
   113.299997593740        8759.80097126392     
   113.399997587803        8758.87154422455     
   113.499997581866        8757.92725778212     
   113.599997575929        8756.96839252381     
   113.699997569993        8755.99523118534     
   113.799997564056        8755.00805877164     
   113.899997558119        8754.00716266065     
   113.999997552182        8752.99283269045     
   114.099997546245        8751.96536123043     
   114.199997540309        8750.92504323661     
   114.299997534372        8749.87217629203     
   114.399997528435        8748.80706063196     
   114.499997522498        8747.72999915505     
   114.599997516561        8746.64129742044     
   114.699997510624        8745.54126363122     
   114.799997504688        8744.43020860520     
   114.899997498751        8743.30844573272     
   114.999997492814        8742.17629092257     
   115.099997486877        8741.03406253601     
   115.199997480940        8739.88208130983     
   115.299997475004        8738.72067026844     
   115.399997469067        8737.55015462572     
   115.499997463130        8736.37086167717     
   115.599997457193        8735.18312068256     
   115.699997451256        8733.98726273994     
   115.799997445319        8732.78362065106     
   115.899997439383        8731.57252877912     
   115.999997433446        8730.35432289909     
   116.099997427509        8729.12934004102     
   116.199997421572        8727.89791832713     
   116.299997415635        8726.66039680288     
   116.399997409699        8725.41711526277     
   116.499997403762        8724.16841407099     
   116.599997397825        8722.91463397789     
   116.699997391888        8721.65611593238     
   116.799997385951        8720.39320089093     
   116.899997380014        8719.12622962354     
   116.999997374078        8717.85554251736     
   117.099997368141        8716.58147937798     
   117.199997362204        8715.30437922926     
   117.299997356267        8714.02458011329     
   117.399997350330        8712.74241888672     
   117.499997344394        8711.45823101997     
   117.599997338457        8710.17235039518     
   117.699997332520        8708.88510910494     
   117.799997326583        8707.59683725227     
   117.899997320646        8706.30786275189     
   117.999997314709        8705.01851113349     
   118.099997308773        8703.72910534725     
   118.199997302836        8702.43996557174     
   118.299997296899        8701.15140902502     
   118.399997290962        8699.86374977861     
   118.499997285025        8698.57729857579     
   118.599997279089        8697.29236265318     
   118.699997273152        8696.00924556675     
   118.799997267215        8694.72824702257     
   118.899997261278        8693.44966271173     
   118.999997255341        8692.17378415083     
   119.099997249404        8690.90089852753     
   119.199997243468        8689.63128855155     
   119.299997237531        8688.36523231121     
   119.399997231594        8687.10300313629     
   119.499997225657        8685.84486946596     
   119.599997219720        8684.59109472361     
   119.699997213784        8683.34193719797     
   119.799997207847        8682.09764993083     
   119.899997201910        8680.85848061012     
   119.999997195973        8679.62467147085     
   120.099997190036        16942.8785881752     
   120.199997184100        16852.0638438167     
   120.299997178163        16754.7887616413     
   120.399997172226        16648.9105407898     
   120.499997166289        16533.9278340679     
   120.599997160352        16409.3874090333     
   120.699997154415        16274.9080540352     
   120.799997148479        16130.2183369333     
   120.899997142542        15975.2005683975     
   120.999997136605        15809.9411820524     
   121.099997130668        15634.7902918027     
   121.199997124731        15450.4376268850     
   121.299997118795        15257.9928743455     
   121.399997112858        15058.9362192551     
   121.499997106921        14854.7975844308     
   121.599997100984        14647.0749776097     
   121.699997095047        14437.6401923029     
   121.799997089110        14228.8551880808     
   121.899997083174        14023.3151258565     
   121.999997077237        13823.5695990718     
   122.099997071300        13631.9267387579     
   122.199997065363        13450.3310832510     
   122.299997059426        13280.2968260639     
   122.399997053490        13122.8807465755     
   122.499997047553        12978.6866631487     
   122.599997041616        12847.8975240229     
   122.699997035679        12730.3296875137     
   122.799997029742        12625.5012914223     
   122.899997023805        12532.7059167582     
   122.999997017869        12451.0840084643     
   123.099997011932        12379.6867354156     
   123.199997005995        12317.5293090430     
   123.299997000058        12263.6327520486     
   123.399996994121        12217.0545277605     
   123.499996988185        12176.9093063633     
   123.599996982248        12142.3815533398     
   123.699996976311        12112.7317072469     
   123.799996970374        12087.2975913784     
   123.899996964437        12065.4924751208     
   123.999996958500        12046.8009350566     
   124.099996952564        12030.7734062031     
   124.199996946627        12017.0200833710     
   124.299996940690        12005.2046409202     
   124.399996934753        11995.0380872500     
   124.499996928816        11986.2729545769     
   124.599996922880        11978.6979394794     
   124.699996916943        11972.1330492665     
   124.799996911006        11966.4252679481     
   124.899996905069        11961.4447286340     
   124.999996899132        11957.0813626877     
   125.099996893195        11953.2419868486     
   125.199996887259        11949.8477855156     
   125.299996881322        11946.8321447280     
   125.399996875385        11944.1387958550     
   125.499996869448        11941.7202297489     
   125.599996863511        11939.5363455136     
   125.699996857575        11937.5533016901     
   125.799996851638        11935.7425413233     
   125.899996845701        11934.0799658500     
   125.999996839764        11932.5452359873     
   126.099996833827        11931.1211807340     
   126.199996827890        11929.7932982188     
   126.299996821954        11928.5493344429     
   126.399996816017        11927.3789279901     
   126.499996810080        11926.2733105384     
   126.599996804143        11925.2250545277     
   126.699996798206        11924.2278606417     
   126.799996792270        11923.2763788737     
   126.899996786333        11922.3660579343     
   126.999996780396        11921.4930185122     
   127.099996774459        11920.6539466546     
   127.199996768522        11919.8460040817     
   127.299996762585        11919.0667527539     
   127.399996756649        11918.3140914382     
   127.499996750712        11917.5862023699     
   127.599996744775        11916.8815064051     
   127.699996738838        11916.1986253174     
   127.799996732901        11915.5363501008     
   127.899996726965        11914.8936143247     
   127.999996721028        11914.2694717368     
   128.099996715091        11913.6630774383     
   128.199996709154        11913.0736720614     
   128.299996703217        11912.5005684751     
   128.399996697280        11911.9431406136     
   128.499996691344        11911.4008140944     
   128.599996685407        11910.8730583413     
   128.699996679470        11910.3593799718     
   128.799996673533        11909.8593172546     
   128.899996667596        11909.3724354684     
   128.999996661660        11908.8983230158     
   129.099996655723        11908.4365881852     
   129.199996649786        11907.9868564498     
   129.299996643849        11907.5487682298     
   129.399996637912        11907.1219770457     
   129.499996631975        11906.7061480008     
   129.599996626039        11906.3009565437     
   129.699996620102        11905.9060874755     
   129.799996614165        11905.5212341582     
   129.899996608228        11905.1460978981     
   129.999996602291        11904.7803874765     
   130.099996596355        11904.4238188074     
   130.199996590418        11904.0761146994     
   130.299996584481        11903.7370047088     
   130.399996578544        11903.4062250643     
   130.499996572607        11903.0835186493     
   130.599996566670        11902.7686350388     
   130.699996560734        11902.4613305714     
   130.799996554797        11902.1613684327     
   130.899996548860        11901.8685187797     
   130.999996542923        11901.5825588574     
   131.099996536986        11901.3032731145     
   131.199996531050        11901.0304533291     
   131.299996525113        11900.7638987017     
   131.399996519176        11900.5034159424     
   131.499996513239        11900.2488193351     
   131.599996507302        11899.9999307656     
   131.699996501365        11899.7565797451     
   131.799996495429        11899.5186033511     
   131.899996489492        11899.2858462058     
   131.999996483555        11899.0581603425     
   132.099996477618        11898.8354051314     
   132.199996471681        11898.6174470828     
   132.299996465745        11898.4041596468     
   132.399996459808        11898.1954229612     
   132.499996453871        11897.9911237523     
   132.599996447934        11897.7911549324     
   132.699996441997        11897.5954152852     
   132.799996436060        11897.4038092578     
   132.899996430124        11897.2162465541     
   132.999996424187        11897.0326418480     
   133.099996418250        11896.8529144461     
   133.199996412313        11896.6769879072     
   133.299996406376        11896.5047897254     
   133.399996400440        11896.3362510132     
   133.499996394503        11896.1713061351     
   133.599996388566        11896.0098923861     
   133.699996382629        11895.8519497240     
   133.799996376692        11895.6974204281     
   133.899996370756        11895.5462488482     
   133.999996364819        11895.3983811234     
   134.099996358882        11895.2537649604     
   134.199996352945        11895.1123493837     
   134.299996347008        11894.9740845334     
   134.399996341071        11894.8389214910     
   134.499996335135        11894.7068121050     
   134.599996329198        11894.5777088284     
   134.699996323261        11894.4515645974     
   134.799996317324        11894.3283327103     
   134.899996311387        11894.2079667491     
   134.999996305451        11894.0904204750     
   135.099996299514        11893.9756477607     
   135.199996293577        11893.8636025484     
   135.299996287640        11893.7542388190     
   135.399996281703        11893.6475105402     
   135.499996275766        11893.5433716570     
   135.599996269830        11893.4417760796     
   135.699996263893        11893.3426776866     
   135.799996257956        11893.2460303454     
   135.899996252019        11893.1517878970     
   135.999996246082        11893.0599041836     
   136.099996240146        11892.9703330822     
   136.199996234209        11892.8830285309     
   136.299996228272        11892.7979445480     
   136.399996222335        11892.7150352654     
   136.499996216398        11892.6342549653     
   136.599996210461        11892.5555581270     
   136.699996204525        11892.4788994523     
   136.799996198588        11892.4042338936     
   136.899996192651        11892.3315166960     
   136.999996186714        11892.2607034557     
   137.099996180777        11892.1917501282     
   137.199996174841        11892.1246130647     
   137.299996168904        11892.0592490564     
   137.399996162967        11891.9956153563     
   137.499996157030        11891.9336697216     
   137.599996151093        11891.8733704446     
   137.699996145156        11891.8146763523     
   137.799996139220        11891.7575468582     
   137.899996133283        11891.7019419745     
   137.999996127346        11891.6478223553     
   138.099996121409        11891.5951492734     
   138.199996115472        11891.5438846760     
   138.299996109536        11891.4939911897     
   138.399996103599        11891.4454321260     
   138.499996097662        11891.3981715115     
   138.599996091725        11891.3521740832     
   138.699996085788        11891.3074053023     
   138.799996079851        11891.2638313603     
   138.899996073915        11891.2214191843     
   138.999996067978        11891.1801364564     
   139.099996062041        11891.1399515873     
   139.199996056104        11891.1008337539     
   139.299996050167        11891.0627528672     
   139.399996044231        11891.0256795764     
   139.499996038294        11890.9895852885     
   139.599996032357        11890.9544421269     
   139.699996026420        11890.9202229766     
   139.799996020483        11890.8869014515     
   139.899996014546        11890.8544518530     
   139.999996008610        11890.8228492257     
   140.099996002673        11890.7920693117     
   140.199995996736        11890.7620885288     
   140.299995990799        11890.7328840286     
   140.399995984862        11890.7044335611     
   140.499995978926        11890.6767156143     
   140.599995972989        11890.6497092935     
   140.699995967052        11890.6233943429     
   140.799995961115        11890.5977511010     
   140.899995955178        11890.5727605953     
   140.999995949241        11890.5484043493     
   141.099995943305        11890.5246645599     
   141.199995937368        11890.5015239410     
   141.299995931431        11890.4789657639     
   141.399995925494        11890.4569738449     
   141.499995919557        11890.4355325380     
   141.599995913621        11890.4146267066     
   141.699995907684        11890.3942416599     
   141.799995901747        11890.3743632565     
   141.899995895810        11890.3549777621     
   141.999995889873        11890.3360719481     
   142.099995883936        11890.3176329221     
   142.199995878000        11890.2996483234     
   142.299995872063        11890.2821061424     
   142.399995866126        11890.2649947604     
   142.499995860189        11890.2483029389     
   142.599995854252        11890.2320198044     
   142.699995848316        11890.2161348357     
   142.799995842379        11890.2006378486     
   142.899995836442        11890.1855189845     
   142.999995830505        11890.1707686485     
   143.099995824568        11890.1563776306     
   143.199995818631        11890.1423369895     
   143.299995812695        11890.1286379528     
   143.399995806758        11890.1152721832     
   143.499995800821        11890.1022314340     
   143.599995794884        11890.0895078536     
   143.699995788947        11890.0770936428     
   143.799995783011        11890.0649814205     
   143.899995777074        11890.0531639070     
   143.999995771137        11890.0416339897     
   144.099995765200        11890.0303848731     
   144.199995759263        11890.0194098819     
   144.299995753326        11890.0087025231     
   144.399995747390        11889.9982564777     
   144.499995741453        11889.9880655941     
   144.599995735516        11889.9781238828     
   144.699995729579        11889.9684255063     
   144.799995723642        11889.9589647779     
   144.899995717706        11889.9497361515     
   144.999995711769        11889.9407342197     
   145.099995705832        11889.9319537068     
   145.199995699895        11889.9233894650     
   145.299995693958        11889.9150364675     
   145.399995688021        11889.9068897327     
   145.499995682085        11889.8989445076     
   145.599995676148        11889.8911961319     
   145.699995670211        11889.8836399287     
   145.799995664274        11889.8762714681     
   145.899995658337        11889.8690863653     
   145.999995652401        11889.8620802705     
   146.099995646464        11889.8552490645     
   146.199995640527        11889.8485885606     
   146.299995634590        11889.8420947812     
   146.399995628653        11889.8357638032     
   146.499995622716        11889.8295916848     
   146.599995616780        11889.8235747583     
   146.699995610843        11889.8177093020     
   146.799995604906        11889.8119916206     
   146.899995598969        11889.8064182491     
   146.999995593032        11889.8009857257     
   147.099995587096        11889.7956906471     
   147.199995581159        11889.7905296741     
   147.299995575222        11889.7854995221     
   147.399995569285        11889.7805970419     
   147.499995563348        11889.7758191157     
   147.599995557411        11889.7711626905     
   147.699995551475        11889.7666247787     
   147.799995545538        11889.7622024566     
   147.899995539601        11889.7578928643     
   147.999995533664        11889.7536932028     
   148.099995527727        11889.7496007310     
   148.199995521791        11889.7456127276     
   148.299995515854        11889.7417266247     
   148.399995509917        11889.7379398707     
   148.499995503980        11889.7342499676     
   148.599995498043        11889.7306544493     
   148.699995492106        11889.7271508661     
   148.799995486170        11889.7237369259     
   148.899995480233        11889.7204104042     
   148.999995474296        11889.7171690254     
   149.099995468359        11889.7140104970     
   149.199995462422        11889.7109328806     
   149.299995456486        11889.7079340192     
   149.399995450549        11889.7050117863     
   149.499995444612        11889.7021643954     
   149.599995438675        11889.6993897318     
   149.699995432738        11889.6966860415     
   149.799995426802        11889.6940514271     
   149.899995420865        11889.6914840782     
   149.999995414928        11889.6889823267     
