   95.0999986742407       0.000000000000000E+000
   95.1999986683039       0.000000000000000E+000
   95.2999986623671       0.000000000000000E+000
   95.3999986564303       0.000000000000000E+000
   95.4999986504935       0.000000000000000E+000
   95.5999986445566       0.000000000000000E+000
   95.6999986386198       0.000000000000000E+000
   95.7999986326830       0.000000000000000E+000
   95.8999986267462       0.000000000000000E+000
   95.9999986208094       0.000000000000000E+000
   96.0999986148725       0.000000000000000E+000
   96.1999986089357       0.000000000000000E+000
   96.2999986029989       0.000000000000000E+000
   96.3999985970621       0.000000000000000E+000
   96.4999985911253       0.000000000000000E+000
   96.5999985851885       0.000000000000000E+000
   96.6999985792516       0.000000000000000E+000
   96.7999985733148       0.000000000000000E+000
   96.8999985673780       0.000000000000000E+000
   96.9999985614412       0.000000000000000E+000
   97.0999985555044       0.000000000000000E+000
   97.1999985495676       0.000000000000000E+000
   97.2999985436307       0.000000000000000E+000
   97.3999985376939       0.000000000000000E+000
   97.4999985317571       0.000000000000000E+000
   97.5999985258203       0.000000000000000E+000
   97.6999985198835       0.000000000000000E+000
   97.7999985139466       0.000000000000000E+000
   97.8999985080098       0.000000000000000E+000
   97.9999985020730       0.000000000000000E+000
   98.0999984961362       0.000000000000000E+000
   98.1999984901994       0.000000000000000E+000
   98.2999984842626       0.000000000000000E+000
   98.3999984783257       0.000000000000000E+000
   98.4999984723889       0.000000000000000E+000
   98.5999984664521       0.000000000000000E+000
   98.6999984605153       0.000000000000000E+000
   98.7999984545785       0.000000000000000E+000
   98.8999984486417       0.000000000000000E+000
   98.9999984427048       0.000000000000000E+000
   99.0999984367680       0.000000000000000E+000
   99.1999984308312       0.000000000000000E+000
   99.2999984248944       0.000000000000000E+000
   99.3999984189576       0.000000000000000E+000
   99.4999984130207       0.000000000000000E+000
   99.5999984070839       0.000000000000000E+000
   99.6999984011471       0.000000000000000E+000
   99.7999983952103       0.000000000000000E+000
   99.8999983892735       0.000000000000000E+000
   99.9999983833367       0.000000000000000E+000
   100.099998377400       0.278322428391176     
   100.199998371463       0.125850050284880     
   100.299998365526       9.429416335759416E-002
   100.399998359589       8.615120586133401E-002
   100.499998353653       8.262107020295850E-002
   100.599998347716       8.006446693405243E-002
   100.699998341779       7.776754364858629E-002
   100.799998335842       7.558393989807194E-002
   100.899998329905       7.347929920808172E-002
   100.999998323968       7.144258658023117E-002
   101.099998318032       6.946832119620713E-002
   101.199998312095       6.755273449467457E-002
   101.299998306158       6.569282165176768E-002
   101.399998300221       6.388606746153534E-002
   101.499998294284       6.213033807169938E-002
   101.599998288348       6.042380352089546E-002
   101.699998282411       5.876486495165895E-002
   101.799998276474       5.715209019521850E-002
   101.899998270537       5.558416178229129E-002
   101.999998264600       5.405983685528718E-002
   102.099998258663       5.257791701549496E-002
   102.199998252727       5.113722764092275E-002
   102.299998246790       4.973660820888780E-002
   102.399998240853       4.837491502782734E-002
   102.499998234916       4.705103430486773E-002
   102.599998228979       4.576389869013349E-002
   102.699998223043       4.451249870011687E-002
   102.799998217106       4.329588386878920E-002
   102.899998211169       4.211315440311746E-002
   102.999998205232       4.096344809950803E-002
   103.099998199295       3.984592756039813E-002
   103.199998193358       3.875977070934184E-002
   103.299998187422       3.770416533117732E-002
   103.399998181485       3.667830696523199E-002
   103.499998175548       3.568139901355455E-002
   103.599998169611       3.471265402216276E-002
   103.699998163674       3.377129539351552E-002
   103.799998157738       3.285655908886602E-002
   103.899998151801       3.196769510328396E-002
   103.999998145864       3.110396863712913E-002
   104.099998139927       3.026466096461241E-002
   104.199998133990       2.944907003496298E-002
   104.299998128054       2.865651085265444E-002
   104.399998122117       2.788631568202688E-002
   104.499998116180       2.713783411541555E-002
   104.599998110243       2.641043303642029E-002
   104.699998104306       2.570349650303370E-002
   104.799998098369       2.501642556940529E-002
   104.899998092433       2.434863806057232E-002
   104.999998086496       2.369956831093532E-002
   105.099998080559       2.306866687475237E-002
   105.199998074622       2.245540021502231E-002
   105.299998068685       2.185925037578869E-002
   105.399998062749       2.127971464187380E-002
   105.499998056812       2.071630518934944E-002
   105.599998050875       2.016854872942718E-002
   105.699998044938       1.963598614809871E-002
   105.799998039001       1.911817214342772E-002
   105.899998033064       1.861467486219850E-002
   105.999998027128       1.812507553730932E-002
   106.099998021191       1.764896812718293E-002
   106.199998015254       1.718595895823124E-002
   106.299998009317       1.673566637128993E-002
   106.399998003380       1.629772037280992E-002
   106.499997997444       1.587176229145402E-002
   106.599997991507       1.545744444066738E-002
   106.699997985570       1.505442978766990E-002
   106.799997979633       1.466239162926832E-002
   106.899997973696       1.428101327477305E-002
   106.999997967759       1.390998773626813E-002
   107.099997961823       1.354901742640872E-002
   107.199997955886       1.319781386388495E-002
   107.299997949949       1.285609738660365E-002
   107.399997944012       1.252359687266190E-002
   107.499997938075       1.220004946909028E-002
   107.599997932139       1.188520032835403E-002
   107.699997926202       1.157880235255524E-002
   107.799997920265       1.128061594524673E-002
   107.899997914328       1.099040877078506E-002
   107.999997908391       1.070795552107977E-002
   108.099997902454       1.043303768963517E-002
   108.199997896518       1.016544335273397E-002
   108.299997890581       9.904966957612331E-003
   108.399997884644       9.651409117470559E-003
   108.499997878707       9.404576413160174E-003
   108.599997872770       9.164281201375805E-003
   108.699997866834       8.930341429177688E-003
   108.799997860897       8.702580454680578E-003
   108.899997854960       8.480826873724463E-003
   108.999997849023       8.264914352362094E-003
   109.099997843086       8.054681464980527E-003
   109.199997837149       7.849971537889921E-003
   109.299997831213       7.650632498212280E-003
   109.399997825276       7.456516727881338E-003
   109.499997819339       7.267480922618361E-003
   109.599997813402       7.083385955693663E-003
   109.699997807465       6.904096746329056E-003
   109.799997801529       6.729482132579039E-003
   109.899997795592       6.559414748538106E-003
   109.999997789655       6.393770905724959E-003
   110.099997783718       6.232430478507826E-003
   110.199997777781       6.075276793410227E-003
   110.299997771844       5.922196522180335E-003
   110.399997765908       5.773079578477553E-003
   110.499997759971       5.627819018056516E-003
   110.599997754034       5.486310942314335E-003
   110.699997748097       5.348454405088434E-003
   110.799997742160       5.214151322584733E-003
   110.899997736224       5.083306386319239E-003
   110.999997730287       4.955826978975284E-003
   111.099997724350       4.831623093054435E-003
   111.199997718413       4.710607252236251E-003
   111.299997712476       4.592694435335483E-003
   111.399997706539       4.477802002769403E-003
   111.499997700603       4.365849625443887E-003
   111.599997694666       4.256759215966962E-003
   111.699997688729       4.150454862106530E-003
   111.799997682792       4.046862762411992E-003
   111.899997676855       3.945911163921944E-003
   111.999997670919       3.847530301879516E-003
   112.099997664982       3.751652341385239E-003
   112.199997659045       3.658211320916926E-003
   112.299997653108       3.567143097649573E-003
   112.399997647171       3.478385294509645E-003
   112.499997641234       3.391877248904531E-003
   112.599997635298       3.307559963063680E-003
   112.699997629361       3.225376055936240E-003
   112.799997623424       3.145269716592797E-003
   112.899997617487       3.067186659069845E-003
   112.999997611550       2.991074078617549E-003
   113.099997605614       2.916880609291191E-003
   113.199997599677       2.844556282848474E-003
   113.299997593740       2.774052488899394E-003
   113.399997587803       2.705321936271570E-003
   113.499997581866       2.638318615545934E-003
   113.599997575929       2.572997762725471E-003
   113.699997569993       2.509315823995089E-003
   113.799997564056       2.447230421539004E-003
   113.899997558119       2.386700320377988E-003
   113.999997552182       2.327685396194441E-003
   114.099997546245       2.270146604110083E-003
   114.199997540309       2.214045948387066E-003
   114.299997534372       2.159346453020573E-003
   114.399997528435       2.106012133195662E-003
   114.499997522498       2.054007967577973E-003
   114.599997516561       2.003299871413928E-003
   114.699997510624       1.953854670413320E-003
   114.799997504688       1.905640075389148E-003
   114.899997498751       1.858624657631632E-003
   114.999997492814       1.812777824993198E-003
   115.099997486877       1.768069798661681E-003
   115.199997480940       1.724471590601689E-003
   115.299997475004       1.681954981641673E-003
   115.399997469067       1.640492500190060E-003
   115.499997463130       1.600057401556662E-003
   115.599997457193       1.560623647867044E-003
   115.699997451256       1.522165888545881E-003
   115.799997445319       1.484659441357696E-003
   115.899997439383       1.448080273983984E-003
   115.999997433446       1.412404986124672E-003
   116.099997427509       1.377610792106258E-003
   116.199997421572       1.343675503981350E-003
   116.299997415635       1.310577515107947E-003
   116.399997409699       1.278295784191289E-003
   116.499997403762       1.246809819778220E-003
   116.599997397825       1.216099665187534E-003
   116.699997391888       1.186145883867473E-003
   116.799997385951       1.156929545164968E-003
   116.899997380014       1.128432210497342E-003
   116.999997374078       1.100635919913022E-003
   117.099997368141       1.073523179032039E-003
   117.199997362204       1.047076946354470E-003
   117.299997356267       1.021280620926467E-003
   117.399997350330       9.961180303549859E-004
   117.499997344394       9.715734191584999E-004
   117.599997338457       9.476314374493168E-004
   117.699997332520       9.242771299317360E-004
   117.799997326583       9.014959252135712E-004
   117.899997320646       8.792736254163181E-004
   117.999997314709       8.575963960808536E-004
   118.099997308773       8.364507563567877E-004
   118.199997302836       8.158235694691782E-004
   118.299997296899       7.957020334532894E-004
   118.399997290962       7.760736721525760E-004
   118.499997285025       7.569263264694035E-004
   118.599997279089       7.382481458632453E-004
   118.699997273152       7.200275800887681E-004
   118.799997267215       7.022533711672070E-004
   118.899997261278       6.849145455842526E-004
   118.999997255341       6.680004067081074E-004
   119.099997249404       6.515005274217371E-004
   119.199997243468       6.354047429618293E-004
   119.299997237531       6.197031439613840E-004
   119.399997231594       6.043860696867488E-004
   119.499997225657       5.894441014660982E-004
   119.599997219720       5.748680563026697E-004
   119.699997213784       5.606489806674404E-004
   119.799997207847       5.467781444667363E-004
   119.899997201910       5.332470351790406E-004
   119.999997195973       5.200473521563660E-004
   120.099997190036       5.293514512132039E-004
   120.199997184100       5.271968478000427E-004
   120.299997178163       5.244984985300551E-004
   120.399997172226       5.213596171611696E-004
   120.499997166289       5.178278426104141E-004
   120.599997160352       5.139413138609703E-004
   120.699997154415       5.097302527203427E-004
   120.799997148479       5.052181006874049E-004
   120.899997142542       5.004224747878925E-004
   120.999997136605       4.953559248511982E-004
   121.099997130668       4.900262903067801E-004
   121.199997124731       4.844362411249083E-004
   121.299997118795       4.785826895798962E-004
   121.399997112858       4.724619478606862E-004
   121.499997106921       4.660829311840368E-004
   121.599997100984       4.594657654743170E-004
   121.699997095047       4.526254456389110E-004
   121.799997089110       4.455686499606055E-004
   121.899997083174       4.383004401209609E-004
   121.999997077237       4.308294728583106E-004
   122.099997071300       4.231699788076831E-004
   122.199997065363       4.153416316710107E-004
   122.299997059426       4.073684112095157E-004
   122.399997053490       3.992772453513173E-004
   122.499997047553       3.910967568943019E-004
   122.599997041616       3.828561584953532E-004
   122.699997035679       3.745842880843097E-004
   122.799997029742       3.663087981535773E-004
   122.899997023805       3.580555202045407E-004
   122.999997017869       3.498480142879188E-004
   123.099997011932       3.417072965378212E-004
   123.199997005995       3.336517236127663E-004
   123.299997000058       3.256970048487321E-004
   123.399996994121       3.178563103959495E-004
   123.499996988185       3.101404451893922E-004
   123.599996982248       3.025580626499662E-004
   123.699996976311       2.951158971394807E-004
   123.799996970374       2.878189994163076E-004
   123.899996964437       2.806709640601416E-004
   123.999996958500       2.736741417711613E-004
   124.099996952564       2.668298325248496E-004
   124.199996946627       2.601384578357238E-004
   124.299996940690       2.535997119687117E-004
   124.399996934753       2.472126929730241E-004
   124.499996928816       2.409760150334330E-004
   124.599996922880       2.348879039526084E-004
   124.699996916943       2.289462776889841E-004
   124.799996911006       2.231488138490530E-004
   124.899996905069       2.174930059240395E-004
   124.999996899132       2.119762099061769E-004
   125.099996893195       2.065956827451530E-004
   125.199996887259       2.013486139270329E-004
   125.299996881322       1.962321512867855E-004
   125.399996875385       1.912434220077339E-004
   125.499996869448       1.863795496185578E-004
   125.599996863511       1.816376676729518E-004
   125.699996857575       1.770149306879543E-004
   125.799996851638       1.725085228220531E-004
   125.899996845701       1.681156646956599E-004
   125.999996839764       1.638336186867798E-004
   126.099996833827       1.596596929787463E-004
   126.199996827890       1.555912445888973E-004
   126.299996821954       1.516256815668568E-004
   126.399996816017       1.477604645178126E-004
   126.499996810080       1.439931075790453E-004
   126.599996804143       1.403211789547097E-004
   126.699996798206       1.367423010949729E-004
   126.799996792270       1.332541505914173E-004
   126.899996786333       1.298544578432973E-004
   126.999996780396       1.265410065472381E-004
   127.099996774459       1.233116330442233E-004
   127.199996768522       1.201642255577001E-004
   127.299996762585       1.170967233482883E-004
   127.399996756649       1.141071158056836E-004
   127.499996750712       1.111934414949686E-004
   127.599996744775       1.083537871703635E-004
   127.699996738838       1.055862867687707E-004
   127.799996732901       1.028891203907847E-004
   127.899996726965       1.002605132774852E-004
   127.999996721028       9.769873478716996E-005
   128.099996715091       9.520209737864188E-005
   128.199996709154       9.276895560327082E-005
   128.299996703217       9.039770510816980E-005
   128.399996697280       8.808678165503379E-005
   128.499996691344       8.583466015329920E-005
   128.599996685407       8.363985371134417E-005
   128.699996679470       8.150091270485739E-005
   128.799996673533       7.941642386494186E-005
   128.899996667596       7.738500938350560E-005
   128.999996661660       7.540532603979044E-005
   129.099996655723       7.347606434512513E-005
   129.199996649786       7.159594770753621E-005
   129.299996643849       6.976373161516499E-005
   129.399996637912       6.797820283905117E-005
   129.499996631975       6.623817865524174E-005
   129.599996626039       6.454250608475832E-005
   129.699996620102       6.289006115208375E-005
   129.799996614165       6.127974816233011E-005
   129.899996608228       5.971049899403015E-005
   129.999996602291       5.818127241265261E-005
   130.099996596355       5.669105339704068E-005
   130.199996590418       5.523885248572299E-005
   130.299996584481       5.382370513773124E-005
   130.399996578544       5.244467110896537E-005
   130.499996572607       5.110083384542058E-005
   130.599996566670       4.979129989065973E-005
   130.699996560734       4.851519830734538E-005
   130.799996554797       4.727168011451209E-005
   130.899996548860       4.605991773812298E-005
   130.999996542923       4.487910447538239E-005
   131.099996536986       4.372845397242408E-005
   131.199996531050       4.260719971508063E-005
   131.299996525113       4.151459453229654E-005
   131.399996519176       4.044991011196293E-005
   131.499996513239       3.941243652878144E-005
   131.599996507302       3.840148178396303E-005
   131.699996501365       3.741637135636949E-005
   131.799996495429       3.645644776487075E-005
   131.899996489492       3.552107014160397E-005
   131.999996483555       3.460961381567660E-005
   132.099996477618       3.372146990729982E-005
   132.199996471681       3.285604493264614E-005
   132.299996465745       3.201276041749226E-005
   132.399996459808       3.119105252099863E-005
   132.499996453871       3.039037166907987E-005
   132.599996447934       2.961018219621284E-005
   132.699996441997       2.884996199737072E-005
   132.799996436060       2.810920218646087E-005
   132.899996430124       2.738740676601298E-005
   132.999996424187       2.668409230224069E-005
   133.099996418250       2.599878761085429E-005
   133.199996412313       2.533103344815985E-005
   133.299996406376       2.468038221165769E-005
   133.399996400440       2.404639764768191E-005
   133.499996394503       2.342865456528329E-005
   133.599996388566       2.282673855848976E-005
   133.699996382629       2.224024573519953E-005
   133.799996376692       2.166878245188968E-005
   133.899996370756       2.111196505599641E-005
   133.999996364819       2.056941963456955E-005
   134.099996358882       2.004078176844509E-005
   134.199996352945       1.952569629320509E-005
   134.299996347008       1.902381706584918E-005
   134.399996341071       1.853480673770744E-005
   134.499996335135       1.805833653204743E-005
   134.599996329198       1.759408602818409E-005
   134.699996323261       1.714174295048099E-005
   134.799996317324       1.670100296301238E-005
   134.899996311387       1.627156946880270E-005
   134.999996305451       1.585315341444403E-005
   135.099996299514       1.544547309960276E-005
   135.199996293577       1.504825399125804E-005
   135.299996287640       1.466122854260053E-005
   135.399996281703       1.428413601619160E-005
   135.499996275766       1.391672231200273E-005
   135.599996269830       1.355873979946189E-005
   135.699996263893       1.320994715401760E-005
   135.799996257956       1.287010919720265E-005
   135.899996252019       1.253899674136211E-005
   135.999996246082       1.221638643790291E-005
   136.099996240146       1.190206062969441E-005
   136.199996234209       1.159580720657235E-005
   136.299996228272       1.129741946508955E-005
   136.399996222335       1.100669597145166E-005
   136.499996216398       1.072344042812649E-005
   136.599996210461       1.044746154354902E-005
   136.699996204525       1.017857290520354E-005
   136.799996198588       9.916592855999795E-006
   136.899996192651       9.661344373657077E-006
   136.999996186714       9.412654953250989E-006
   137.099996180777       9.170356492388937E-006
   137.199996174841       8.934285179685689E-006
   137.299996168904       8.704281385766636E-006
   137.399996162967       8.480189557271743E-006
   137.499996157030       8.261858113184357E-006
   137.599996151093       8.049139344025956E-006
   137.699996145156       7.841889313559962E-006
   137.799996139220       7.639967762884165E-006
   137.899996133283       7.443238017158394E-006
   137.999996127346       7.251566894258703E-006
   138.099996121409       7.064824616199475E-006
   138.199996115472       6.882884722523384E-006
   138.299996109536       6.705623985927963E-006
   138.399996103599       6.532922330169565E-006
   138.499996097662       6.364662749711950E-006
   138.599996091725       6.200731231722817E-006
   138.699996085788       6.041016679901959E-006
   138.799996079851       5.885410840238125E-006
   138.899996073915       5.733808228665062E-006
   138.999996067978       5.586106060589233E-006
   139.099996062041       5.442204182026087E-006
   139.199996056104       5.302005002685934E-006
   139.299996050167       5.165413430650566E-006
   139.399996044231       5.032336808713897E-006
   139.499996038294       4.902684852310467E-006
   139.599996032357       4.776369589120973E-006
   139.699996026420       4.653305300030780E-006
   139.799996020483       4.533408461714933E-006
   139.899996014546       4.416597690654455E-006
   139.999996008610       4.302793688552495E-006
   140.099996002673       4.191919189133547E-006
   140.199995996736       4.083898906295174E-006
   140.299995990799       3.978659483571587E-006
   140.399995984862       3.876129444938380E-006
   140.499995978926       3.776239146717018E-006
   140.599995972989       3.678920730843008E-006
   140.699995967052       3.584108079271159E-006
   140.799995961115       3.491736769525875E-006
   140.899995955178       3.401744031383223E-006
   140.999995949241       3.314068704683583E-006
   141.099995943305       3.228651198156073E-006
   141.199995937368       3.145433449349058E-006
   141.299995931431       3.064358885543269E-006
   141.399995925494       2.985372385688024E-006
   141.499995919557       2.908420243262076E-006
   141.599995913621       2.833450130097631E-006
   141.699995907684       2.760411061158963E-006
   141.799995901747       2.689253360151838E-006
   141.899995895810       2.619928626077890E-006
   141.999995889873       2.552389700573224E-006
   142.099995883936       2.486590636139057E-006
   142.199995878000       2.422486665127674E-006
   142.299995872063       2.360034169554866E-006
   142.399995866126       2.299190651668312E-006
   142.499995860189       2.239914705266130E-006
   142.599995854252       2.182165987740663E-006
   142.699995848316       2.125905192845750E-006
   142.799995842379       2.071094024149154E-006
   142.899995836442       2.017695169168776E-006
   142.999995830505       1.965672274180464E-006
   143.099995824568       1.914989919603393E-006
   143.199995818631       1.865613596106280E-006
   143.299995812695       1.817509681277568E-006
   143.399995806758       1.770645416860758E-006
   143.499995800821       1.724988886643546E-006
   143.599995794884       1.680508994831522E-006
   143.699995788947       1.637175445051035E-006
   143.799995783011       1.594958719809083E-006
   143.899995777074       1.553830060550823E-006
   143.999995771137       1.513761448185679E-006
   144.099995765200       1.474725584105474E-006
   144.199995759263       1.436695871717662E-006
   144.299995753326       1.399646398429615E-006
   144.399995747390       1.363551918096305E-006
   144.499995741453       1.328387833919925E-006
   144.599995735516       1.294130181784499E-006
   144.699995729579       1.260755614017200E-006
   144.799995723642       1.228241383566033E-006
   144.899995717706       1.196565328580500E-006
   144.999995711769       1.165705857388062E-006
   145.099995705832       1.135641933854044E-006
   145.199995699895       1.106353063117494E-006
   145.299995693958       1.077819277690737E-006
   145.399995688021       1.050021123920037E-006
   145.499995682085       1.022939648775843E-006
   145.599995676148       9.965563870024854E-007
   145.699995670211       9.708533485937458E-007
   145.799995664274       9.458130065684485E-007
   145.899995658337       9.214182850853763E-007
   145.999995652401       8.976525478542100E-007
   146.099995646464       8.744995868218925E-007
   146.199995640527       8.519436111913017E-007
   146.299995634590       8.299692366796784E-007
   146.399995628653       8.085614750799790E-007
   146.499995622716       7.877057240811326E-007
   146.599995616780       7.673877573365803E-007
   146.699995610843       7.475937148130827E-007
   146.799995604906       7.283100933690798E-007
   146.899995598969       7.095237375700465E-007
   146.999995593032       6.912218307583732E-007
   147.099995587096       6.733918863380709E-007
   147.199995581159       6.560217392880976E-007
   147.299995575222       6.390995378912002E-007
   147.399995569285       6.226137356737131E-007
   147.499995563348       6.065530835584936E-007
   147.599995557411       5.909066222133185E-007
   147.699995551475       5.756636745976982E-007
   147.799995545538       5.608138387013442E-007
   147.899995539601       5.463469804676461E-007
   147.999995533664       5.322532269009558E-007
   148.099995527727       5.185229593484006E-007
   148.199995521791       5.051468069578041E-007
   148.299995515854       4.921156402962833E-007
   148.399995509917       4.794205651418454E-007
   148.499995503980       4.670529164299332E-007
   148.599995498043       4.550042523553088E-007
   148.699995492106       4.432663486270039E-007
   148.799995486170       4.318311928656506E-007
   148.899995480233       4.206909791517586E-007
   148.999995474296       4.098381027135858E-007
   149.099995468359       3.992651547483253E-007
   149.199995462422       3.889649173690120E-007
   149.299995456486       3.789303587021496E-007
   149.399995450549       3.691546280929617E-007
   149.499995444612       3.596310514332485E-007
   149.599995438675       3.503531266292519E-007
   149.699995432738       3.413145191590262E-007
   149.799995426802       3.325090577671645E-007
   149.899995420865       3.239307302555349E-007
   149.999995414928       3.155736793873460E-007
