   95.0999986742407        1138.12155765517     
   95.1999986683039        1138.12155765941     
   95.2999986623671        1138.12155766365     
   95.3999986564303        1138.12155766790     
   95.4999986504935        1138.12155767215     
   95.5999986445566        1138.12155767639     
   95.6999986386198        1138.12155768064     
   95.7999986326830        1138.12155768489     
   95.8999986267462        1138.12155768913     
   95.9999986208094        1138.12155769338     
   96.0999986148725        1138.12155769763     
   96.1999986089357        1138.12155770188     
   96.2999986029989        1138.12155770613     
   96.3999985970621        1138.12155771038     
   96.4999985911253        1138.12155771462     
   96.5999985851885        1138.12155771888     
   96.6999985792516        1138.12155772312     
   96.7999985733148        1138.12155772738     
   96.8999985673780        1138.12155773162     
   96.9999985614412        1138.12155773588     
   97.0999985555044        1138.12155774013     
   97.1999985495676        1138.12155774437     
   97.2999985436307        1138.12155774863     
   97.3999985376939        1138.12155775288     
   97.4999985317571        1138.12155775713     
   97.5999985258203        1138.12155776139     
   97.6999985198835        1138.12155776564     
   97.7999985139466        1138.12155776989     
   97.8999985080098        1138.12155777415     
   97.9999985020730        1138.12155777840     
   98.0999984961362        1138.12155778265     
   98.1999984901994        1138.12155778690     
   98.2999984842626        1138.12155779116     
   98.3999984783257        1138.12155779542     
   98.4999984723889        1138.12155779966     
   98.5999984664521        1138.12155780392     
   98.6999984605153        1138.12155780818     
   98.7999984545785        1138.12155781243     
   98.8999984486417        1138.12155781669     
   98.9999984427048        1138.12155782095     
   99.0999984367680        1138.12155782520     
   99.1999984308312        1138.12155782945     
   99.2999984248944        1138.12155783371     
   99.3999984189576        1138.12155783797     
   99.4999984130207        1138.12155784223     
   99.5999984070839        1138.12155784649     
   99.6999984011471        1138.12155785074     
   99.7999983952103        1138.12155785500     
   99.8999983892735        1138.12155785926     
   99.9999983833367        1138.12155786352     
   100.099998377400        1112.78718832518     
   100.199998371463        1085.34281862153     
   100.299998365526        1064.72318433894     
   100.399998359589        1047.68330152612     
   100.499998353653        1033.04555997903     
   100.599998347716        1020.19516819297     
   100.699998341779        1008.72784161070     
   100.799998335842        998.359255777675     
   100.899998329905        988.892453046327     
   100.999998323968        980.193044333196     
   101.099998318032        972.165153678666     
   101.199998312095        964.733637490609     
   101.299998306158        957.834334173917     
   101.399998300221        951.409838162737     
   101.499998294284        945.408036867668     
   101.599998288348        939.781771784371     
   101.699998282411        934.488809991342     
   101.799998276474        929.491773959617     
   101.899998270537        924.757937475918     
   101.999998264600        920.258913033649     
   102.099998258663        915.970277689967     
   102.199998252727        911.871159619867     
   102.299998246790        907.943776951647     
   102.399998240853        904.172915236531     
   102.499998234916        900.545364261204     
   102.599998228979        897.049387368362     
   102.699998223043        893.674317032836     
   102.799998217106        890.410330384595     
   102.899998211169        887.248385855919     
   102.999998205232        884.180251142519     
   103.099998199295        881.198548389222     
   103.199998193358        878.296770081600     
   103.299998187422        875.469251419330     
   103.399998181485        872.711106033782     
   103.499998175548        870.018139841611     
   103.599998169611        867.386757260350     
   103.699998163674        864.813869992564     
   103.799998157738        862.296814246848     
   103.899998151801        859.833278890314     
   103.999998145864        857.421244867116     
   104.099998139927        855.058935037178     
   104.199998133990        852.744773081657     
   104.299998128054        850.477350008720     
   104.399998122117        848.255396888402     
   104.499998116180        846.077762625077     
   104.599998110243        843.943395777886     
   104.699998104306        841.851329627841     
   104.799998098369        839.800669851863     
   104.899998092433        837.790584298474     
   104.999998086496        835.820294465787     
   105.099998080559        833.889068365537     
   105.199998074622        831.996214523446     
   105.299998068685        830.141076916023     
   105.399998062749        828.323030682755     
   105.499998056812        826.541478484517     
   105.599998050875        824.795847402187     
   105.699998044938        823.085586289252     
   105.799998039001        821.410163506709     
   105.899998033064        819.769064980900     
   105.999998027128        818.161792535750     
   106.099998021191        816.587862456911     
   106.199998015254        815.046804254806     
   106.299998009317        813.538159595339     
   106.399998003380        812.061481375894     
   106.499997997444        810.616332923546     
   106.599997991507        809.202287299419     
   106.699997985570        807.818926692925     
   106.799997979633        806.465841894090     
   106.899997973696        805.142631831824     
   106.999997967759        803.848903169311     
   107.099997961823        802.584269949125     
   107.199997955886        801.348353279342     
   107.299997949949        800.140781056683     
   107.399997944012        798.961187720605     
   107.499997938075        797.809214033297     
   107.599997932139        796.684506883135     
   107.699997926202        795.586719107654     
   107.799997920265        794.515509332282     
   107.899997914328        793.470541824439     
   107.999997908391        792.451486358427     
   108.099997902454        791.458018090946     
   108.199997896518        790.489817444990     
   108.299997890581        789.546570000730     
   108.399997884644        788.627966392140     
   108.499997878707        787.733702207880     
   108.599997872770        786.863477896148     
   108.699997866834        786.016998672635     
   108.799997860897        785.193974430181     
   108.899997854960        784.394119649486     
   108.999997849023        783.617153311919     
   109.099997843086        782.862798811590     
   109.199997837149        782.130783867121     
   109.299997831213        781.420840434813     
   109.399997825276        780.732704618549     
   109.499997819339        780.066116581321     
   109.599997813402        779.420820452733     
   109.699997807465        778.796564237231     
   109.799997801529        778.193099720057     
   109.899997795592        777.610182371307     
   109.999997789655        777.047571247254     
   110.099997783718        776.505028891883     
   110.199997777781        775.982321234653     
   110.299997771844        775.479217486850     
   110.399997765908        774.995490035932     
   110.499997759971        774.530914337964     
   110.599997754034        774.085268807914     
   110.699997748097        773.658334708429     
   110.799997742160        773.249896036706     
   110.899997736224        772.859739408653     
   110.999997730287        772.487653943729     
   111.099997724350        772.133431145154     
   111.199997718413        771.796864782527     
   111.299997712476        771.477750769781     
   111.399997706539        771.175887044198     
   111.499997700603        770.891073443586     
   111.599997694666        770.623111584297     
   111.699997688729        770.371804736849     
   111.799997682792        770.136957702639     
   111.899997676855        769.918376689977     
   111.999997670919        769.715869191338     
   112.099997664982        769.529243859537     
   112.199997659045        769.358310386429     
   112.299997653108        769.202879381664     
   112.399997647171        769.062762251917     
   112.499997641234        768.937771083116     
   112.599997635298        768.827718523960     
   112.699997629361        768.732417670324     
   112.799997623424        768.651681954439     
   112.899997617487        768.585325033706     
   112.999997611550        768.533160685073     
   113.099997605614        768.495002699429     
   113.199997599677        768.470664783934     
   113.299997593740        768.459960462848     
   113.399997587803        768.462702985780     
   113.499997581866        768.478705238171     
   113.599997575929        768.507779658174     
   113.699997569993        768.549738155158     
   113.799997564056        768.604392036207     
   113.899997558119        768.671551934896     
   113.999997552182        768.751027747028     
   114.099997546245        768.842628571185     
   114.199997540309        768.946162654477     
   114.299997534372        769.061437344055     
   114.399997528435        769.188259045925     
   114.499997522498        769.326433186869     
   114.599997516561        769.475764184572     
   114.699997510624        769.636055423497     
   114.799997504688        769.807109236751     
   114.899997498751        769.988726893086     
   114.999997492814        770.180708592732     
   115.099997486877        770.382853466492     
   115.199997480940        770.594959583678     
   115.299997475004        770.816823963480     
   115.399997469067        771.048242596505     
   115.499997463130        771.289010467747     
   115.599997457193        771.538921589191     
   115.699997451256        771.797769035718     
   115.799997445319        772.065344990044     
   115.899997439383        772.341440788947     
   115.999997433446        772.625846978374     
   116.099997427509        772.918353373653     
   116.199997421572        773.218749121886     
   116.299997415635        773.526822773046     
   116.399997409699        773.842362352905     
   116.499997403762        774.165155442456     
   116.599997397825        774.494989258927     
   116.699997391888        774.831650744722     
   116.799997385951        775.174926655778     
   116.899997380014        775.524603656947     
   116.999997374078        775.880468417237     
   117.099997368141        776.242307710668     
   117.199997362204        776.609908518650     
   117.299997356267        776.983058133465     
   117.399997350330        777.361544266804     
   117.499997344394        777.745155155267     
   117.599997338457        778.133679672863     
   117.699997332520        778.526907440020     
   117.799997326583        778.924628934748     
   117.899997320646        779.326635605755     
   117.999997314709        779.732719983674     
   118.099997308773        780.142675793517     
   118.199997302836        780.556298065861     
   118.299997296899        780.973383248042     
   118.399997290962        781.393729314111     
   118.499997285025        781.817135873583     
   118.599997279089        782.243404278842     
   118.699997273152        782.672337730807     
   118.799997267215        783.103741382006     
   118.899997261278        783.537422438853     
   118.999997255341        783.973190261449     
   119.099997249404        784.410856457937     
   119.199997243468        784.850234980563     
   119.299997237531        785.291142215995     
   119.399997231594        785.733397072430     
   119.499997225657        786.176821064825     
   119.599997219720        786.621238396064     
   119.699997213784        787.066476032680     
   119.799997207847        787.512363784369     
   119.899997201910        787.958734367788     
   119.999997195973        788.405423475878     
   120.099997190036        779.077832936288     
   120.199997184100        785.040409524716     
   120.299997178163        792.139927628285     
   120.399997172226        800.276711676642     
   120.499997166289        809.405331318482     
   120.599997160352        819.467821853982     
   120.699997154415        830.394706962806     
   120.799997148479        842.105983048492     
   120.899997142542        854.511878943337     
   120.999997136605        867.513614372705     
   121.099997130668        881.004589517883     
   121.199997124731        894.872706045789     
   121.299997118795        909.003380548609     
   121.399997112858        923.276617186019     
   121.499997106921        937.554025500170     
   121.599997100984        951.683192017613     
   121.699997095047        965.523788868879     
   121.799997089110        978.957772152828     
   121.899997083174        991.884934312623     
   121.999997077237        1004.21945885635     
   122.099997071300        1015.89007169117     
   122.199997065363        1026.84192529641     
   122.299997059426        1037.03844433577     
   122.399997053490        1046.46195480478     
   122.499997047553        1055.11277383148     
   122.599997041616        1063.00706197672     
   122.699997035679        1070.17393617901     
   122.799997029742        1076.65230148057     
   122.899997023805        1082.48775092529     
   122.999997017869        1087.72976835579     
   123.099997011932        1092.42936692976     
   123.199997005995        1096.63721413821     
   123.299997000058        1100.40223447110     
   123.399996994121        1103.77064274495     
   123.499996988185        1106.78534116621     
   123.599996982248        1109.48560696729     
   123.699996976311        1111.90700037781     
   123.799996970374        1114.08143087233     
   123.899996964437        1116.03733012059     
   123.999996958500        1117.79989086661     
   124.099996952564        1119.39134089997     
   124.199996946627        1120.83122978981     
   124.299996940690        1122.13671295251     
   124.399996934753        1123.32282298851     
   124.499996928816        1124.40272224445     
   124.599996922880        1125.38793345788     
   124.699996916943        1126.28854736872     
   124.799996911006        1127.11340753105     
   124.899996905069        1127.87027341236     
   124.999996899132        1128.56596336126     
   125.099996893195        1129.20647926911     
   125.199996887259        1129.79711482670     
   125.299996881322        1130.34254924156     
   125.399996875385        1130.84692818154     
   125.499996869448        1131.31393357103     
   125.599996863511        1131.74684371060     
   125.699996857575        1132.14858503255     
   125.799996851638        1132.52177664944     
   125.899996845701        1132.86876870964     
   125.999996839764        1133.19167543863     
   126.099996833827        1133.49240362971     
   126.199996827890        1133.77267723715     
   126.299996821954        1134.03405864055     
   126.399996816017        1134.27796705314     
   126.499996810080        1134.50569449652     
   126.599996804143        1134.71841968521     
   126.699996798206        1134.91722012682     
   126.799996792270        1135.10308268427     
   126.899996786333        1135.27691283719     
   126.999996780396        1135.43954279037     
   127.099996774459        1135.59173863754     
   127.199996768522        1135.73420666208     
   127.299996762585        1135.86759892865     
   127.399996756649        1135.99251824229     
   127.499996750712        1136.10952257378     
   127.599996744775        1136.21912898524     
   127.699996738838        1136.32181717595     
   127.799996732901        1136.41803264388     
   127.899996726965        1136.50818955767     
   127.999996721028        1136.59267330376     
   128.099996715091        1136.67184283765     
   128.199996709154        1136.74603280550     
   128.299996703217        1136.81555542818     
   128.399996697280        1136.88070229618     
   128.499996691344        1136.94174593208     
   128.599996685407        1136.99894126990     
   128.699996679470        1137.05252696464     
   128.799996673533        1137.10272665690     
   128.899996667596        1137.14975003140     
   128.999996661660        1137.19379389483     
   129.099996655723        1137.23504310032     
   129.199996649786        1137.27367142567     
   129.299996643849        1137.30984234877     
   129.399996637912        1137.34370977523     
   129.499996631975        1137.37541873866     
   129.599996626039        1137.40510600811     
   129.699996620102        1137.43290058141     
   129.799996614165        1137.45892434080     
   129.899996608228        1137.48329234234     
   129.999996602291        1137.50611342946     
   130.099996596355        1137.52749045793     
   130.199996590418        1137.54752076434     
   130.299996584481        1137.56629645979     
   130.399996578544        1137.58390466665     
   130.499996572607        1137.60042785415     
   130.599996566670        1137.61594407568     
   130.699996560734        1137.63052711310     
   130.799996554797        1137.64424673519     
   130.899996548860        1137.65716886294     
   130.999996542923        1137.66935572640     
   131.099996536986        1137.68086601124     
   131.199996531050        1137.69175499267     
   131.299996525113        1137.70207465991     
   131.399996519176        1137.71187383161     
   131.499996513239        1137.72119826445     
   131.599996507302        1137.73009075557     
   131.699996501365        1137.73859124163     
   131.799996495429        1137.74673690167     
   131.899996489492        1137.75456225530     
   131.999996483555        1137.76209922937     
   132.099996477618        1137.76937724455     
   132.199996471681        1137.77642337690     
   132.299996465745        1137.78326239976     
   132.399996459808        1137.78991681588     
   132.499996453871        1137.79640713920     
   132.599996447934        1137.80275174680     
   132.699996441997        1137.80896721154     
   132.799996436060        1137.81506819519     
   132.899996430124        1137.82106775519     
   132.999996424187        1137.82697721242     
   133.099996418250        1137.83280650936     
   133.199996412313        1137.83856406689     
   133.299996406376        1137.84425701643     
   133.399996400440        1137.84989134148     
   133.499996394503        1137.85547182166     
   133.599996388566        1137.86100222842     
   133.699996382629        1137.86648547004     
   133.799996376692        1137.87192353022     
   133.899996370756        1137.87731764278     
   133.999996364819        1137.88266842607     
   134.099996358882        1137.88797586228     
   134.199996352945        1137.89323940651     
   134.299996347008        1137.89845805040     
   134.399996341071        1137.90363048096     
   134.499996335135        1137.90875499546     
   134.599996329198        1137.91382964608     
   134.699996323261        1137.91885226337     
   134.799996317324        1137.92382057675     
   134.899996311387        1137.92873217276     
   134.999996305451        1137.93358456018     
   135.099996299514        1137.93837521719     
   135.199996293577        1137.94310164451     
   135.299996287640        1137.94776140249     
   135.399996281703        1137.95235206338     
   135.499996275766        1137.95687130231     
   135.599996269830        1137.96131688970     
   135.699996263893        1137.96568678867     
   135.799996257956        1137.96997902017     
   135.899996252019        1137.97419178586     
   135.999996246082        1137.97832342163     
   136.099996240146        1137.98237251593     
   136.199996234209        1137.98633774966     
   136.299996228272        1137.99021800388     
   136.399996222335        1137.99401232477     
   136.499996216398        1137.99771997944     
   136.599996210461        1138.00134040182     
   136.699996204525        1138.00487317774     
   136.799996198588        1138.00831807436     
   136.899996192651        1138.01167502702     
   136.999996186714        1138.01494418895     
   137.099996180777        1138.01812580218     
   137.199996174841        1138.02122028758     
   137.299996168904        1138.02422819048     
   137.399996162967        1138.02715025615     
   137.499996157030        1138.02998731433     
   137.599996151093        1138.03274031742     
   137.699996145156        1138.03541033761     
   137.799996139220        1138.03799853662     
   137.899996133283        1138.04050625326     
   137.999996127346        1138.04293483037     
   138.099996121409        1138.04528572353     
   138.199996115472        1138.04756046159     
   138.299996109536        1138.04976062066     
   138.399996103599        1138.05188790798     
   138.499996097662        1138.05394400902     
   138.599996091725        1138.05593067324     
   138.699996085788        1138.05784969015     
   138.799996079851        1138.05970287013     
   138.899996073915        1138.06149205101     
   138.999996067978        1138.06321913230     
   139.099996062041        1138.06488595854     
   139.199996056104        1138.06649440710     
   139.299996050167        1138.06804635375     
   139.399996044231        1138.06954366607     
   139.499996038294        1138.07098818848     
   139.599996032357        1138.07238179754     
   139.699996026420        1138.07372631686     
   139.799996020483        1138.07502354028     
   139.899996014546        1138.07627524461     
   139.999996008610        1138.07748317644     
   140.099996002673        1138.07864905017     
   140.199995996736        1138.07977453993     
   140.299995990799        1138.08086127505     
   140.399995984862        1138.08191089138     
   140.499995978926        1138.08292493375     
   140.599995972989        1138.08390491267     
   140.699995967052        1138.08485229740     
   140.799995961115        1138.08576851160     
   140.899995955178        1138.08665493438     
   140.999995949241        1138.08751289123     
   141.099995943305        1138.08834366574     
   141.199995937368        1138.08914848623     
   141.299995931431        1138.08992852717     
   141.399995925494        1138.09068494181     
   141.499995919557        1138.09141882529     
   141.599995913621        1138.09213120439     
   141.699995907684        1138.09282306793     
   141.799995901747        1138.09349536533     
   141.899995895810        1138.09414899277     
   141.999995889873        1138.09478480818     
   142.099995883936        1138.09540361829     
   142.199995878000        1138.09600619208     
   142.299995872063        1138.09659325710     
   142.399995866126        1138.09716549556     
   142.499995860189        1138.09772355740     
   142.599995854252        1138.09826804876     
   142.699995848316        1138.09879954167     
   142.799995842379        1138.09931856551     
   142.899995836442        1138.09982562503     
   142.999995830505        1138.10032121467     
   143.099995824568        1138.10080575928     
   143.199995818631        1138.10127967048     
   143.299995812695        1138.10174332550     
   143.399995806758        1138.10219708887     
   143.499995800821        1138.10264128631     
   143.599995794884        1138.10307623222     
   143.699995788947        1138.10350220614     
   143.799995783011        1138.10391948023     
   143.899995777074        1138.10432829940     
   143.999995771137        1138.10472888789     
   144.099995765200        1138.10512146108     
   144.199995759263        1138.10550621538     
   144.299995753326        1138.10588333186     
   144.399995747390        1138.10625297782     
   144.499995741453        1138.10661531000     
   144.599995735516        1138.10697047322     
   144.699995729579        1138.10731860246     
   144.799995723642        1138.10765982355     
   144.899995717706        1138.10799425404     
   144.999995711769        1138.10832200452     
   145.099995705832        1138.10864317967     
   145.199995699895        1138.10895787725     
   145.299995693958        1138.10926619046     
   145.399995688021        1138.10956820299     
   145.499995682085        1138.10986400355     
   145.599995676148        1138.11015367171     
   145.699995670211        1138.11043728134     
   145.799995664274        1138.11071491118     
   145.899995658337        1138.11098663720     
   145.999995652401        1138.11125254760     
   146.099995646464        1138.11151270160     
   146.199995640527        1138.11176715986     
   146.299995634590        1138.11201600065     
   146.399995628653        1138.11225931195     
   146.499995622716        1138.11249713868     
   146.599995616780        1138.11272956761     
   146.699995610843        1138.11295666551     
   146.799995604906        1138.11317849907     
   146.899995598969        1138.11339514662     
   146.999995593032        1138.11360668034     
   147.099995587096        1138.11381317370     
   147.199995581159        1138.11401470139     
   147.299995575222        1138.11421133720     
   147.399995569285        1138.11440315869     
   147.499995563348        1138.11459024538     
   147.599995557411        1138.11477267359     
   147.699995551475        1138.11495052339     
   147.799995545538        1138.11512387456     
   147.899995539601        1138.11529280806     
   147.999995533664        1138.11545740407     
   148.099995527727        1138.11561774545     
   148.199995521791        1138.11577391125     
   148.299995515854        1138.11592598579     
   148.399995509917        1138.11607405593     
   148.499995503980        1138.11621820229     
   148.599995498043        1138.11635850966     
   148.699995492106        1138.11649505547     
   148.799995486170        1138.11662792753     
   148.899995480233        1138.11675721263     
   148.999995474296        1138.11688299072     
   149.099995468359        1138.11700533704     
   149.199995462422        1138.11712434626     
   149.299995456486        1138.11724009531     
   149.399995450549        1138.11735265738     
   149.499995444612        1138.11746212659     
   149.599995438675        1138.11756857066     
   149.699995432738        1138.11767207721     
   149.799995426802        1138.11777271768     
   149.899995420865        1138.11787057051     
   149.999995414928        1138.11796571458     
