   95.0999986742407      -1.093798912966289E-004
   95.1999986683039      -1.093798899017443E-004
   95.2999986623671      -1.093798885067690E-004
   95.3999986564303      -1.093798871117024E-004
   95.4999986504935      -1.093798857165448E-004
   95.5999986445566      -1.093798843212961E-004
   95.6999986386198      -1.093798829259560E-004
   95.7999986326830      -1.093798815305251E-004
   95.8999986267462      -1.093798801350030E-004
   95.9999986208094      -1.093798787393897E-004
   96.0999986148725      -1.093798773436853E-004
   96.1999986089357      -1.093798759478897E-004
   96.2999986029989      -1.093798745520031E-004
   96.3999985970621      -1.093798731560252E-004
   96.4999985911253      -1.093798717599562E-004
   96.5999985851885      -1.093798703637959E-004
   96.6999985792516      -1.093798689675445E-004
   96.7999985733148      -1.093798675712018E-004
   96.8999985673780      -1.093798661747679E-004
   96.9999985614412      -1.093798647782427E-004
   97.0999985555044      -1.093798633816268E-004
   97.1999985495676      -1.093798619849191E-004
   97.2999985436307      -1.093798605881202E-004
   97.3999985376939      -1.093798591912302E-004
   97.4999985317571      -1.093798577942488E-004
   97.5999985258203      -1.093798563971762E-004
   97.6999985198835      -1.093798550000122E-004
   97.7999985139466      -1.093798536027571E-004
   97.8999985080098      -1.093798522054106E-004
   97.9999985020730      -1.093798508079725E-004
   98.0999984961362      -1.093798494104436E-004
   98.1999984901994      -1.093798480128231E-004
   98.2999984842626      -1.093798466151115E-004
   98.3999984783257      -1.093798452173083E-004
   98.4999984723889      -1.093798438194135E-004
   98.5999984664521      -1.093798424214279E-004
   98.6999984605153      -1.093798410233506E-004
   98.7999984545785      -1.093798396251820E-004
   98.8999984486417      -1.093798382269219E-004
   98.9999984427048      -1.093798368285707E-004
   99.0999984367680      -1.093798354301276E-004
   99.1999984308312      -1.093798340315934E-004
   99.2999984248944      -1.093798326329676E-004
   99.3999984189576      -1.093798312342506E-004
   99.4999984130207      -1.093798298354420E-004
   99.5999984070839      -1.093798284365418E-004
   99.6999984011471      -1.093798270375502E-004
   99.7999983952103      -1.093798256384676E-004
   99.8999983892735      -1.093798242392966E-004
   99.9999983833367      -1.093798228400359E-004
   100.099998377400       1.571018382524554E-004
   100.199998371463       3.321555615862684E-004
   100.299998365526       4.830130875821959E-004
   100.399998359589       5.911285668137517E-004
   100.499998353653       6.272547048235532E-004
   100.599998347716       5.642782532409922E-004
   100.699998341779       4.072351271209079E-004
   100.799998335842       2.179211146591452E-004
   100.899998329905       8.718022524275582E-005
   100.999998323968       7.669855382273739E-005
   101.099998318032       1.959324993195106E-004
   101.199998312095       4.190458983802536E-004
   101.299998306158       7.093306017501352E-004
   101.399998300221       1.033768543841806E-003
   101.499998294284       1.367832320874620E-003
   101.599998288348       1.695241377288259E-003
   101.699998282411       2.006090458319486E-003
   101.799998276474       2.294909922008488E-003
   101.899998270537       2.559142928284970E-003
   101.999998264600       2.798079300757048E-003
   102.099998258663       3.012151616779335E-003
   102.199998252727       3.202483854671166E-003
   102.299998246790       3.370602110723163E-003
   102.399998240853       3.518241668494263E-003
   102.499998234916       3.647208905373193E-003
   102.599998228979       3.759278427052119E-003
   102.699998223043       3.856121053046471E-003
   102.799998217106       3.939262989681306E-003
   102.899998211169       4.010072950264528E-003
   102.999998205232       4.069768926138207E-003
   103.099998199295       4.119434748122494E-003
   103.199998193358       4.160038722429776E-003
   103.299998187422       4.192450135236362E-003
   103.399998181485       4.217452312574406E-003
   103.499998175548       4.235752540308679E-003
   103.599998169611       4.247989716992101E-003
   103.699998163674       4.254740594256720E-003
   103.799998157738       4.256525221372087E-003
   103.899998151801       4.253811955812365E-003
   103.999998145864       4.247022208088729E-003
   104.099998139927       4.236534969203527E-003
   104.199998133990       4.222691108437418E-003
   104.299998128054       4.205797407604145E-003
   104.399998122117       4.186130298468609E-003
   104.499998116180       4.163939280677654E-003
   104.599998110243       4.139450011068107E-003
   104.699998104306       4.112867067745620E-003
   104.799998098369       4.084376402206833E-003
   104.899998092433       4.054147499706877E-003
   104.999998086496       4.022335272068963E-003
   105.099998080559       3.989081709149201E-003
   105.199998074622       3.954517315340364E-003
   105.299998068685       3.918762356549779E-003
   105.399998062749       3.881927941550666E-003
   105.499998056812       3.844116959422273E-003
   105.599998050875       3.805424892812597E-003
   105.699998044938       3.765940524228415E-003
   105.799998039001       3.725746550779670E-003
   105.899998033064       3.684920120557114E-003
   105.999998027128       3.643533302123950E-003
   106.099998021191       3.601653497013226E-003
   106.199998015254       3.559343803650299E-003
   106.299998009317       3.516663339896127E-003
   106.399998003380       3.473667530342578E-003
   106.499997997444       3.430408363504458E-003
   106.599997991507       3.386934623336961E-003
   106.699997985570       3.343292098727275E-003
   106.799997979633       3.299523774131821E-003
   106.899997973696       3.255670003929547E-003
   106.999997967759       3.211768672729578E-003
   107.099997961823       3.167855343481541E-003
   107.199997955886       3.123963394915728E-003
   107.299997949949       3.080124149659256E-003
   107.399997944012       3.036366994087132E-003
   107.499997938075       2.992719490820143E-003
   107.599997932139       2.949207484683495E-003
   107.699997926202       2.905855202703752E-003
   107.799997920265       2.862685348735348E-003
   107.899997914328       2.819719193140759E-003
   107.999997908391       2.776976657954510E-003
   108.099997902454       2.734476397757229E-003
   108.199997896518       2.692235876658549E-003
   108.299997890581       2.650271441496686E-003
   108.399997884644       2.608598391572257E-003
   108.499997878707       2.567231044995963E-003
   108.599997872770       2.526182801795347E-003
   108.699997866834       2.485466204011834E-003
   108.799997860897       2.445092992790921E-003
   108.899997854960       2.405074162601458E-003
   108.999997849023       2.365420012701772E-003
   109.099997843086       2.326140195891699E-003
   109.199997837149       2.287243764652541E-003
   109.299997831213       2.248739214746989E-003
   109.399997825276       2.210634526318487E-003
   109.499997819339       2.172937202595010E-003
   109.599997813402       2.135654306203566E-003
   109.699997807465       2.098792493204232E-003
   109.799997801529       2.062358044878036E-003
   109.899997795592       2.026356897328001E-003
   109.999997789655       1.990794668944907E-003
   110.099997783718       1.955676685802341E-003
   110.199997777781       1.921008005034064E-003
   110.299997771844       1.886793436250443E-003
   110.399997765908       1.853037561060672E-003
   110.499997759971       1.819744750724959E-003
   110.599997754034       1.786919182059033E-003
   110.699997748097       1.754564851581107E-003
   110.799997742160       1.722685588015028E-003
   110.899997736224       1.691285063177205E-003
   110.999997730287       1.660366801319767E-003
   111.099997724350       1.629934187035711E-003
   111.199997718413       1.599990471717558E-003
   111.299997712476       1.570538778669877E-003
   111.399997706539       1.541582106995063E-003
   111.499997700603       1.513123334214810E-003
   111.599997694666       1.485165217798909E-003
   111.699997688729       1.457710395602265E-003
   111.799997682792       1.430761385317558E-003
   111.899997676855       1.404320583014320E-003
   111.999997670919       1.378390260805608E-003
   112.099997664982       1.352972563752623E-003
   112.199997659045       1.328069506065457E-003
   112.299997653108       1.303682966672171E-003
   112.399997647171       1.279814684223292E-003
   112.499997641234       1.256466251613905E-003
   112.599997635298       1.233639110090685E-003
   112.699997629361       1.211334543031800E-003
   112.799997623424       1.189553669427758E-003
   112.899997617487       1.168297437188697E-003
   112.999997611550       1.147566616292926E-003
   113.099997605614       1.127361791896836E-003
   113.199997599677       1.107683357412512E-003
   113.299997593740       1.088531507657571E-003
   113.399997587803       1.069906232134477E-003
   113.499997581866       1.051807308482591E-003
   113.599997575929       1.034234296148305E-003
   113.699997569993       1.017186530374370E-003
   113.799997564056       1.000663116487409E-003
   113.899997558119       9.846629246051766E-004
   113.999997552182       9.691845847359107E-004
   114.099997546245       9.542264823648778E-004
   114.199997540309       9.397867545331546E-004
   114.299997534372       9.258632864531829E-004
   114.399997528435       9.124537086899136E-004
   114.499997522498       8.995553949073499E-004
   114.599997516561       8.871654602559828E-004
   114.699997510624       8.752807603639377E-004
   114.799997504688       8.638978909582770E-004
   114.899997498751       8.530131881667287E-004
   114.999997492814       8.426227294389469E-004
   115.099997486877       8.327223351371226E-004
   115.199997480940       8.233075707807621E-004
   115.299997475004       8.143737499313954E-004
   115.399997469067       8.059159377296947E-004
   115.499997463130       7.979289550365917E-004
   115.599997457193       7.904073832181473E-004
   115.699997451256       7.833455694936852E-004
   115.799997445319       7.767376328762892E-004
   115.899997439383       7.705774706512243E-004
   115.999997433446       7.648587653941556E-004
   116.099997427509       7.595749924618054E-004
   116.199997421572       7.547194279748035E-004
   116.299997415635       7.502851572087179E-004
   116.399997409699       7.462650834123381E-004
   116.499997403762       7.426519369796084E-004
   116.599997397825       7.394382849497570E-004
   116.699997391888       7.366165408233956E-004
   116.799997385951       7.341789746148454E-004
   116.899997380014       7.321177231495093E-004
   116.999997374078       7.304248005315593E-004
   117.099997368141       7.290921087690028E-004
   117.199997362204       7.281114485184612E-004
   117.299997356267       7.274745298902819E-004
   117.399997350330       7.271729833121140E-004
   117.499997344394       7.271983703742345E-004
   117.599997338457       7.275421947329882E-004
   117.699997332520       7.281959128118534E-004
   117.799997326583       7.291509444751432E-004
   117.899997320646       7.303986837049386E-004
   117.999997314709       7.319305089555841E-004
   118.099997308773       7.337377933538091E-004
   118.199997302836       7.358119148469781E-004
   118.299997296899       7.381442659526808E-004
   118.399997290962       7.407262633524857E-004
   118.499997285025       7.435493572016938E-004
   118.599997279089       7.466050401480884E-004
   118.699997273152       7.498848560611853E-004
   118.799997267215       7.533804084353413E-004
   118.899997261278       7.570833684649661E-004
   118.999997255341       7.609854827870775E-004
   119.099997249404       7.650785808610205E-004
   119.199997243468       7.693545819814590E-004
   119.299997237531       7.738055019620822E-004
   119.399997231594       7.784234594288435E-004
   119.499997225657       7.832006817352564E-004
   119.599997219720       7.881295104841921E-004
   119.699997213784       7.932024067348770E-004
   119.799997207847       7.984119557882905E-004
   119.899997201910       8.037508715949458E-004
   119.999997195973       8.092120008432379E-004
   120.099997190036      -4.318305150706589E-003
   120.199997184100      -6.224545177982250E-003
   120.299997178163      -7.393154269954332E-003
   120.399997172226      -8.003247118139791E-003
   120.499997166289      -8.194920033976020E-003
   120.599997160352      -8.080381678442213E-003
   120.699997154415      -7.748814727296775E-003
   120.799997148479      -7.270462664916722E-003
   120.899997142542      -6.700068883530232E-003
   120.999997136605      -6.079754905609937E-003
   121.099997130668      -5.441405904559266E-003
   121.199997124731      -4.808628076828869E-003
   121.299997118795      -4.198439198833438E-003
   121.399997112858      -3.623052011331806E-003
   121.499997106921      -3.091443437192603E-003
   121.599997100984      -2.609511380753512E-003
   121.699997095047      -2.179981960053134E-003
   121.799997089110      -1.803286019478975E-003
   121.899997083174      -1.478391099390928E-003
   121.999997077237      -1.203092194467122E-003
   122.099997071300      -9.740045952171915E-004
   122.199997065363      -7.865726320419046E-004
   122.299997059426      -6.353103934691803E-004
   122.399997053490      -5.143013236356222E-004
   122.499997047553      -4.177878090228639E-004
   122.599997041616      -3.406352699519605E-004
   122.699997035679      -2.785641566549449E-004
   122.799997029742      -2.281744732129162E-004
   122.899997023805      -1.868469153553446E-004
   122.999997017869      -1.525980106308446E-004
   123.099997011932      -1.239362714638087E-004
   123.199997005995      -9.973979274172884E-005
   123.299997000058      -7.916001556878600E-005
   123.399996994121      -6.154928497589225E-005
   123.499996988185      -4.640760308169816E-005
   123.599996982248      -3.334396056112838E-005
   123.699996976311      -2.204838613753133E-005
   123.799996970374      -1.227174106582113E-005
   123.899996964437      -3.811063776296546E-006
   123.999996958500       3.501119503754819E-006
   124.099996952564       9.804648450940704E-006
   124.199996946627       1.521754907448481E-005
   124.299996940690       1.984038989349779E-005
   124.399996934753       2.375957792812349E-005
   124.499996928816       2.704988224821270E-005
   124.599996922880       2.977639074949879E-005
   124.699996916943       3.199604779409299E-005
   124.799996911006       3.375887917945951E-005
   124.899996905069       3.510898159214827E-005
   124.999996899132       3.608533275726074E-005
   125.099996893195       3.672246347137838E-005
   125.199996887259       3.705102189470789E-005
   125.299996881322       3.709825266773184E-005
   125.399996875385       3.688840775622817E-005
   125.499996869448       3.644310180977921E-005
   125.599996863511       3.578162181235995E-005
   125.699996857575       3.492119859392712E-005
   125.799996851638       3.387724614597525E-005
   125.899996845701       3.266357347034683E-005
   125.999996839764       3.129257278421976E-005
   126.099996833827       2.977538721873640E-005
   126.199996827890       2.812206061682322E-005
   126.299996821954       2.634167162963407E-005
   126.399996816017       2.444245398305992E-005
   126.499996810080       2.243190452491515E-005
   126.599996804143       2.031688044775965E-005
   126.699996798206       1.810368690395701E-005
   126.799996792270       1.579815606396005E-005
   126.899996786333       1.340571857918499E-005
   126.999996780396       1.093146820723847E-005
   127.099996774459       8.380220362886090E-006
   127.199996768522       5.756565177525221E-006
   127.299996762585       3.064915608420838E-006
   127.399996756649       3.095510514320055E-007
   127.499996750712      -2.505343159737572E-006
   127.599996744775      -5.375640047735800E-006
   127.699996738838      -8.297238819045206E-006
   127.799996732901      -1.126603601790102E-005
   127.899996726965      -1.427789984960815E-005
   127.999996721028      -1.732864756042146E-005
   128.099996715091      -2.041402579976209E-005
   128.199996709154      -2.352969392685076E-005
   128.299996703217      -2.667121025141872E-005
   128.399996697280      -2.983402122337489E-005
   128.499996691344      -3.301345360441200E-005
   128.599996685407      -3.620470966629575E-005
   128.699996679470      -3.940286546785653E-005
   128.799996673533      -4.260287225976036E-005
   128.899996667596      -4.579956106137377E-005
   128.999996661660      -4.898765043813353E-005
   129.099996655723      -5.216175748564939E-005
   129.199996649786      -5.531641200025599E-005
   129.299996643849      -5.844607378062920E-005
   129.399996637912      -6.154515296311831E-005
   129.499996631975      -6.460803324969776E-005
   129.599996626039      -6.762909783419391E-005
   129.699996620102      -7.060275780427804E-005
   129.799996614165      -7.352348266388233E-005
   129.899996608228      -7.638583270967963E-005
   129.999996602291      -7.918449279252099E-005
   130.099996596355      -8.191430704754648E-005
   130.199996590418      -8.457031409952883E-005
   130.299996584481      -8.714778222301754E-005
   130.399996578544      -8.964224391699329E-005
   130.499996572607      -9.204952934012712E-005
   130.599996566670      -9.436579805303050E-005
   130.699996560734      -9.658756853200419E-005
   130.799996554797      -9.871174494051929E-005
   130.899996548860      -1.007356406888503E-004
   130.999996542923      -1.026569983625865E-004
   131.099996536986      -1.044740056644111E-004
   131.199996531050      -1.061853070886627E-004
   131.299996525113      -1.077900111230407E-004
   131.399996519176      -1.092876928620802E-004
   131.499996513239      -1.106783920013667E-004
   131.599996507302      -1.119626062708631E-004
   131.699996501365      -1.131412804476115E-004
   131.799996495429      -1.142157911691801E-004
   131.899996489492      -1.151879278419149E-004
   131.999996483555      -1.160598700019137E-004
   132.099996477618      -1.168341615302546E-004
   132.199996471681      -1.175136821834003E-004
   132.299996465745      -1.181016169034342E-004
   132.399996459808      -1.186014234261062E-004
   132.499996453871      -1.190167986257180E-004
   132.599996447934      -1.193516442082368E-004
   132.699996441997      -1.196100320766701E-004
   132.799996436060      -1.197961699271330E-004
   132.899996430124      -1.199143674588882E-004
   132.999996424187      -1.199690035659014E-004
   133.099996418250      -1.199644948418932E-004
   133.199996412313      -1.199052656969314E-004
   133.299996406376      -1.197957203106393E-004
   133.399996400440      -1.196402166091949E-004
   133.499996394503      -1.194430424141645E-004
   133.599996388566      -1.192083938523462E-004
   133.699996382629      -1.189403560760443E-004
   133.799996376692      -1.186428863185579E-004
   133.899996370756      -1.183197992551837E-004
   133.999996364819      -1.179747546243351E-004
   134.099996358882      -1.176112470220242E-004
   134.199996352945      -1.172325977916886E-004
   134.299996347008      -1.168419488729461E-004
   134.399996341071      -1.164422584933535E-004
   134.499996335135      -1.160362985587911E-004
   134.599996329198      -1.156266536112124E-004
   134.699996323261      -1.152157211918216E-004
   134.799996317324      -1.148057134747635E-004
   134.899996311387      -1.143986600208517E-004
   134.999996305451      -1.139964115190015E-004
   135.099996299514      -1.136006443763950E-004
   135.199996293577      -1.132128660272082E-004
   135.299996287640      -1.128344208433078E-004
   135.399996281703      -1.124664965422364E-004
   135.499996275766      -1.121101309779963E-004
   135.599996269830      -1.117662192285744E-004
   135.699996263893      -1.114355208895364E-004
   135.799996257956      -1.111186675082363E-004
   135.899996252019      -1.108161700771469E-004
   135.999996246082      -1.105284265382738E-004
   136.099996240146      -1.102557292332868E-004
   136.199996234209      -1.099982722686832E-004
   136.299996228272      -1.097561587496568E-004
   136.399996222335      -1.095294078474792E-004
   136.499996216398      -1.093179616792612E-004
   136.599996210461      -1.091216919707490E-004
   136.699996204525      -1.089404064954660E-004
   136.799996198588      -1.087738552656275E-004
   136.899996192651      -1.086217364688593E-004
   136.999996186714      -1.084837021398964E-004
   137.099996180777      -1.083593635732904E-004
   137.199996174841      -1.082482964630539E-004
   137.299996168904      -1.081500457730271E-004
   137.399996162967      -1.080641303414408E-004
   137.499996157030      -1.079900472179948E-004
   137.599996151093      -1.079272757437770E-004
   137.699996145156      -1.078752813758196E-004
   137.799996139220      -1.078335192574125E-004
   137.899996133283      -1.078014375468167E-004
   137.999996127346      -1.077784805078951E-004
   138.099996121409      -1.077640913763005E-004
   138.199996115472      -1.077577149951285E-004
   138.299996109536      -1.077588002410904E-004
   138.399996103599      -1.077668022420530E-004
   138.499996097662      -1.077811843943752E-004
   138.599996091725      -1.078014201917166E-004
   138.699996085788      -1.078269948679723E-004
   138.799996079851      -1.078574068653397E-004
   138.899996073915      -1.078921691331857E-004
   138.999996067978      -1.079308102656637E-004
   139.099996062041      -1.079728754920193E-004
   139.199996056104      -1.080179275128072E-004
   139.299996050167      -1.080655472068493E-004
   139.399996044231      -1.081153342030782E-004
   139.499996038294      -1.081669073255089E-004
   139.599996032357      -1.082199049301455E-004
   139.699996026420      -1.082739851222170E-004
   139.799996020483      -1.083288258800396E-004
   139.899996014546      -1.083841250786678E-004
   139.999996008610      -1.084396004236436E-004
   140.099996002673      -1.084949893012209E-004
   140.199995996736      -1.085500485540659E-004
   140.299995990799      -1.086045541849340E-004
   140.399995984862      -1.086583010000324E-004
   140.499995978926      -1.087111021848859E-004
   140.599995972989      -1.087627888367714E-004
   140.699995967052      -1.088132094484946E-004
   140.799995961115      -1.088622293455299E-004
   140.899995955178      -1.089097300873800E-004
   140.999995949241      -1.089556088516294E-004
   141.099995943305      -1.089997777633527E-004
   141.199995937368      -1.090421632327870E-004
   141.299995931431      -1.090827052582198E-004
   141.399995925494      -1.091213567192241E-004
   141.499995919557      -1.091580826608788E-004
   141.599995913621      -1.091928595762745E-004
   141.699995907684      -1.092256746904897E-004
   141.799995901747      -1.092565252254860E-004
   141.899995895810      -1.092854177057129E-004
   141.999995889873      -1.093123672334151E-004
   142.099995883936      -1.093373968103882E-004
   142.199995878000      -1.093605366403721E-004
   142.299995872063      -1.093818234698935E-004
   142.399995866126      -1.094012999384834E-004
   142.499995860189      -1.094190139475400E-004
   142.599995854252      -1.094350180502468E-004
   142.699995848316      -1.094493688653494E-004
   142.799995842379      -1.094621265132120E-004
   142.899995836442      -1.094733540761572E-004
   142.999995830505      -1.094831170903127E-004
   143.099995824568      -1.094914830422102E-004
   143.199995818631      -1.094985209215894E-004
   143.299995812695      -1.095043007916429E-004
   143.399995806758      -1.095088933536022E-004
   143.499995800821      -1.095123696005079E-004
   143.599995794884      -1.095148004286827E-004
   143.699995788947      -1.095162563443665E-004
   143.799995783011      -1.095168071234239E-004
   143.899995777074      -1.095165215655821E-004
   143.999995771137      -1.095154672352934E-004
   144.099995765200      -1.095137102200388E-004
   144.199995759263      -1.095113149440614E-004
   144.299995753326      -1.095083439831502E-004
   144.399995747390      -1.095048579048972E-004
   144.499995741453      -1.095009151328236E-004
   144.599995735516      -1.094965718296585E-004
   144.699995729579      -1.094918817999161E-004
   144.799995723642      -1.094868964119313E-004
   144.899995717706      -1.094816645360283E-004
   144.999995711769      -1.094762324998084E-004
   145.099995705832      -1.094706440589787E-004
   145.199995699895      -1.094649403822793E-004
   145.299995693958      -1.094591600500929E-004
   145.399995688021      -1.094533390715971E-004
   145.499995682085      -1.094475108923556E-004
   145.599995676148      -1.094417064349679E-004
   145.699995670211      -1.094359541537362E-004
   145.799995664274      -1.094302800617967E-004
   145.899995658337      -1.094247078057234E-004
   145.999995652401      -1.094192587341368E-004
   146.099995646464      -1.094139519489012E-004
   146.199995640527      -1.094088044121713E-004
   146.299995634590      -1.094038309984287E-004
   146.399995628653      -1.093990445980171E-004
   146.499995622716      -1.093944562062421E-004
   146.599995616780      -1.093900749927595E-004
   146.699995610843      -1.093859084209387E-004
   146.799995604906      -1.093819623331094E-004
   146.899995598969      -1.093782410280092E-004
   146.999995593032      -1.093747473768828E-004
   147.099995587096      -1.093714829094806E-004
   147.199995581159      -1.093684479104124E-004
   147.299995575222      -1.093656415095733E-004
   147.399995569285      -1.093630617675026E-004
   147.499995563348      -1.093607057745444E-004
   147.599995557411      -1.093585697335440E-004
   147.699995551475      -1.093566490448070E-004
   147.799995545538      -1.093549383907836E-004
   147.899995539601      -1.093534318119191E-004
   147.999995533664      -1.093521227870502E-004
   148.099995527727      -1.093510043044344E-004
   148.199995521791      -1.093500689390204E-004
   148.299995515854      -1.093493089045403E-004
   148.399995509917      -1.093487161296814E-004
   148.499995503980      -1.093482823180094E-004
   148.599995498043      -1.093479990031515E-004
   148.699995492106      -1.093478576072660E-004
   148.799995486170      -1.093478494761035E-004
   148.899995480233      -1.093479659337469E-004
   148.999995474296      -1.093481983366265E-004
   149.099995468359      -1.093485381116670E-004
   149.199995462422      -1.093489767590315E-004
   149.299995456486      -1.093495059347662E-004
   149.399995450549      -1.093501174630378E-004
   149.499995444612      -1.093508033308930E-004
   149.599995438675      -1.093515557736803E-004
   149.699995432738      -1.093523672393030E-004
   149.799995426802      -1.093532304447267E-004
   149.899995420865      -1.093541383770864E-004
   149.999995414928      -1.093550842995002E-004
