   95.0999986742407        2.01012568670875     
   95.1999986683039        2.01012567587216     
   95.2999986623671        2.01012566503487     
   95.3999986564303        2.01012565419687     
   95.4999986504935        2.01012564335815     
   95.5999986445566        2.01012563251874     
   95.6999986386198        2.01012562167861     
   95.7999986326830        2.01012561083778     
   95.8999986267462        2.01012559999624     
   95.9999986208094        2.01012558915399     
   96.0999986148725        2.01012557831103     
   96.1999986089357        2.01012556746737     
   96.2999986029989        2.01012555662299     
   96.3999985970621        2.01012554577791     
   96.4999985911253        2.01012553493212     
   96.5999985851885        2.01012552408563     
   96.6999985792516        2.01012551323842     
   96.7999985733148        2.01012550239050     
   96.8999985673780        2.01012549154187     
   96.9999985614412        2.01012548069254     
   97.0999985555044        2.01012546984250     
   97.1999985495676        2.01012545899175     
   97.2999985436307        2.01012544814029     
   97.3999985376939        2.01012543728812     
   97.4999985317571        2.01012542643524     
   97.5999985258203        2.01012541558167     
   97.6999985198835        2.01012540472737     
   97.7999985139466        2.01012539387236     
   97.8999985080098        2.01012538301664     
   97.9999985020730        2.01012537216023     
   98.0999984961362        2.01012536130309     
   98.1999984901994        2.01012535044525     
   98.2999984842626        2.01012533958670     
   98.3999984783257        2.01012532872744     
   98.4999984723889        2.01012531786746     
   98.5999984664521        2.01012530700678     
   98.6999984605153        2.01012529614539     
   98.7999984545785        2.01012528528329     
   98.8999984486417        2.01012527442048     
   98.9999984427048        2.01012526355696     
   99.0999984367680        2.01012525269273     
   99.1999984308312        2.01012524182779     
   99.2999984248944        2.01012523096214     
   99.3999984189576        2.01012522009577     
   99.4999984130207        2.01012520922870     
   99.5999984070839        2.01012519836092     
   99.6999984011471        2.01012518749242     
   99.7999983952103        2.01012517662322     
   99.8999983892735        2.01012516575333     
   99.9999983833367        2.01012515488275     
   100.099998377400        2.25812317666390     
   100.199998371463        2.97981453327557     
   100.299998365526        4.39373581017327     
   100.399998359589        6.79115328707404     
   100.499998353653        10.1010347246579     
   100.599998347716        13.4332710469823     
   100.699998341779        15.8245122505232     
   100.799998335842        17.1949472036994     
   100.899998329905        17.9256718978888     
   100.999998323968        18.3276958999346     
   101.099998318032        18.5700477627030     
   101.199998312095        18.7365421169350     
   101.299998306158        18.8679877521407     
   101.399998300221        18.9833422157098     
   101.499998294284        19.0902174879651     
   101.599998288348        19.1905869209699     
   101.699998282411        19.2840540634472     
   101.799998276474        19.3696417314038     
   101.899998270537        19.4466253002449     
   101.999998264600        19.5147917606878     
   102.099998258663        19.5744070318556     
   102.199998252727        19.6260748079354     
   102.299998246790        19.6705855363552     
   102.399998240853        19.7087961898649     
   102.499998234916        19.7415493950292     
   102.599998228979        19.7696264904372     
   102.699998223043        19.7937251957921     
   102.799998217106        19.8144531965825     
   102.899998211169        19.8323310113970     
   102.999998205232        19.8477996211708     
   103.099998199295        19.8612300234404     
   103.199998193358        19.8729330633670     
   103.299998187422        19.8831686692910     
   103.399998181485        19.8921540967793     
   103.499998175548        19.9000710603536     
   103.599998169611        19.9070717800788     
   103.699998163674        19.9132840413812     
   103.799998157738        19.9188153934701     
   103.899998151801        19.9237566147581     
   103.999998145864        19.9281845647424     
   104.099998139927        19.9321645278457     
   104.199998133990        19.9357521394703     
   104.299998128054        19.9389949699470     
   104.399998122117        19.9419338289980     
   104.499998116180        19.9446038420859     
   104.599998110243        19.9470353405593     
   104.699998104306        19.9492545996750     
   104.799998098369        19.9512844521581     
   104.899998092433        19.9531447997441     
   104.999998086496        19.9548530409146     
   105.099998080559        19.9564244296215     
   105.199998074622        19.9578723770365     
   105.299998068685        19.9592087061334     
   105.399998062749        19.9604438671172     
   105.499998056812        19.9615871202573     
   105.599998050875        19.9626466915080     
   105.699998044938        19.9636299053450     
   105.799998039001        19.9645432984721     
   105.899998033064        19.9653927174198     
   105.999998027128        19.9661834025438     
   106.099998021191        19.9669200605073     
   106.199998015254        19.9676069269881     
   106.299998009317        19.9682478210624     
   106.399998003380        19.9688461924874     
   106.499997997444        19.9694051629061     
   106.599997991507        19.9699275618396     
   106.699997985570        19.9704159581972     
   106.799997979633        19.9708726879222     
   106.899997973696        19.9712998783010     
   106.999997967759        19.9716994693809     
   107.099997961823        19.9720732328803     
   107.199997955886        19.9724227889165     
   107.299997949949        19.9727496208331     
   107.399997944012        19.9730550883660     
   107.499997938075        19.9733404393566     
   107.599997932139        19.9736068201902     
   107.699997926202        19.9738552851152     
   107.799997920265        19.9740868045772     
   107.899997914328        19.9743022726839     
   107.999997908391        19.9745025139020     
   108.099997902454        19.9746882890762     
   108.199997896518        19.9748603008449     
   108.299997890581        19.9750191985226     
   108.399997884644        19.9751655825058     
   108.499997878707        19.9753000082573     
   108.599997872770        19.9754229899111     
   108.699997866834        19.9755350035415     
   108.799997860897        19.9756364901302     
   108.899997854960        19.9757278582621     
   108.999997849023        19.9758094865804     
   109.099997843086        19.9758817260225     
   109.199997837149        19.9759449018610     
   109.299997831213        19.9759993155675     
   109.399997825276        19.9760452465183     
   109.499997819339        19.9760829535561     
   109.599997813402        19.9761126764222     
   109.699997807465        19.9761346370710     
   109.799997801529        19.9761490408793     
   109.899997795592        19.9761560777581     
   109.999997789655        19.9761559231782     
   110.099997783718        19.9761487391157     
   110.199997777781        19.9761346749257     
   110.299997771844        19.9761138681506     
   110.399997765908        19.9760864452687     
   110.499997759971        19.9760525223880     
   110.599997754034        19.9760122058914     
   110.699997748097        19.9759655930356     
   110.799997742160        19.9759127725097     
   110.899997736224        19.9758538249554     
   110.999997730287        19.9757888234537     
   111.099997724350        19.9757178339792     
   111.199997718413        19.9756409158264     
   111.299997712476        19.9755581220096     
   111.399997706539        19.9754694996387     
   111.499997700603        19.9753750902727     
   111.599997694666        19.9752749302541     
   111.699997688729        19.9751690510238     
   111.799997682792        19.9750574794204     
   111.899997676855        19.9749402379625     
   111.999997670919        19.9748173451191     
   112.099997664982        19.9746888155653     
   112.199997659045        19.9745546604272     
   112.299997653108        19.9744148875162     
   112.399997647171        19.9742695015529     
   112.499997641234        19.9741185043827     
   112.599997635298        19.9739618951833     
   112.699997629361        19.9737996706637     
   112.799997623424        19.9736318252582     
   112.899997617487        19.9734583513130     
   112.999997611550        19.9732792392675     
   113.099997605614        19.9730944778306     
   113.199997599677        19.9729040541523     
   113.299997593740        19.9727079539914     
   113.399997587803        19.9725061618788     
   113.499997581866        19.9722986612775     
   113.599997575929        19.9720854347400     
   113.699997569993        19.9718664640616     
   113.799997564056        19.9716417304322     
   113.899997558119        19.9714112145848     
   113.999997552182        19.9711748969422     
   114.099997546245        19.9709327577614     
   114.199997540309        19.9706847772759     
   114.299997534372        19.9704309358363     
   114.399997528435        19.9701712140488     
   114.499997522498        19.9699055929126     
   114.599997516561        19.9696340539548     
   114.699997510624        19.9693565793644     
   114.799997504688        19.9690731521239     
   114.899997498751        19.9687837561398     
   114.999997492814        19.9684883763713     
   115.099997486877        19.9681869989570     
   115.199997480940        19.9678796113401     
   115.299997475004        19.9675662023915     
   115.399997469067        19.9672467625313     
   115.499997463130        19.9669212838475     
   115.599997457193        19.9665897602138     
   115.699997451256        19.9662521874033     
   115.799997445319        19.9659085632020     
   115.899997439383        19.9655588875174     
   115.999997433446        19.9652031624865     
   116.099997427509        19.9648413925793     
   116.199997421572        19.9644735847004     
   116.299997415635        19.9640997482866     
   116.399997409699        19.9637198954017     
   116.499997403762        19.9633340408274     
   116.599997397825        19.9629422021509     
   116.699997391888        19.9625443998478     
   116.799997385951        19.9621406573618     
   116.899997380014        19.9617310011796     
   116.999997374078        19.9613154609018     
   117.099997368141        19.9608940693082     
   117.199997362204        19.9604668624200     
   117.299997356267        19.9600338795553     
   117.399997350330        19.9595951633803     
   117.499997344394        19.9591507599558     
   117.599997338457        19.9587007187768     
   117.699997332520        19.9582450928082     
   117.799997326583        19.9577839385134     
   117.899997320646        19.9573173158781     
   117.999997314709        19.9568452884278     
   118.099997308773        19.9563679232392     
   118.199997302836        19.9558852909455     
   118.299997296899        19.9553974657360     
   118.399997290962        19.9549045253491     
   118.499997285025        19.9544065510587     
   118.599997279089        19.9539036276553     
   118.699997273152        19.9533958434200     
   118.799997267215        19.9528832900923     
   118.899997261278        19.9523660628318     
   118.999997255341        19.9518442601741     
   119.099997249404        19.9513179839796     
   119.199997243468        19.9507873393766     
   119.299997237531        19.9502524346991     
   119.399997231594        19.9497133814172     
   119.499997225657        19.9491702940632     
   119.599997219720        19.9486232901509     
   119.699997213784        19.9480724900903     
   119.799997207847        19.9475180170957     
   119.899997201910        19.9469599970906     
   119.999997195973        19.9463985586051     
   120.099997190036        19.9429165888870     
   120.199997184100        19.9365955331881     
   120.299997178163        19.9273574681994     
   120.399997172226        19.9146173376004     
   120.499997166289        19.8974448676314     
   120.599997160352        19.8744877113291     
   120.699997154415        19.8438352157560     
   120.799997148479        19.8028126487941     
   120.899997142542        19.7476841836861     
   120.999997136605        19.6732335734569     
   121.099997130668        19.5721845227557     
   121.199997124731        19.4344249955168     
   121.299997118795        19.2460277261473     
   121.399997112858        18.9881388223634     
   121.499997106921        18.6359645317086     
   121.599997100984        18.1584284836290     
   121.699997095047        17.5197523577503     
   121.799997089110        16.6848853529776     
   121.899997083174        15.6304039345636     
   121.999997077237        14.3597504583037     
   122.099997071300        12.9159590566923     
   122.199997065363        11.3808119035479     
   122.299997059426        9.85508027178428     
   122.399997053490        8.42934413687744     
   122.499997047553        7.16286187161458     
   122.599997041616        6.07942686937127     
   122.699997035679        5.17577805454349     
   122.799997029742        4.43346640203572     
   122.899997023805        3.82835619400402     
   122.999997017869        3.33631256587064     
   123.099997011932        2.93585487667803     
   123.199997005995        2.60898354638596     
   123.299997000058        2.34110090098645     
   123.399996994121        2.12057090746098     
   123.499996988185        1.93819321099011     
   123.599996982248        1.78671138162953     
   123.699996976311        1.66039644306798     
   123.799996970374        1.55471098589310     
   123.899996964437        1.46604515495785     
   123.999996958500        1.39151187768728     
   124.099996952564        1.32878900668346     
   124.199996946627        1.27599783385018     
   124.299996940690        1.23160949449383     
   124.399996934753        1.19437265258563     
   124.499996928816        1.16325740508325     
   124.599996922880        1.13741156186088     
   124.699996916943        1.11612639405577     
   124.799996911006        1.09880965322630     
   124.899996905069        1.08496419784842     
   124.999996899132        1.07417096464542     
   125.099996893195        1.06607532322509     
   125.199996887259        1.06037607878034     
   125.299996881322        1.05681655818333     
   125.399996875385        1.05517734381477     
   125.499996869448        1.05527031740932     
   125.599996863511        1.05693375085289     
   125.699996857575        1.06002823800747     
   125.799996851638        1.06443330556436     
   125.899996845701        1.07004457483745     
   125.999996839764        1.07677137271036     
   126.099996833827        1.08453471044027     
   126.199996827890        1.09326556505480     
   126.299996821954        1.10290341070146     
   126.399996816017        1.11339495727313     
   126.499996810080        1.12469306155919     
   126.599996804143        1.13675578250782     
   126.699996798206        1.14954555727028     
   126.799996792270        1.16302847881598     
   126.899996786333        1.17717365925679     
   126.999996780396        1.19195266576940     
   127.099996774459        1.20733901826846     
   127.199996768522        1.22330773987229     
   127.299996762585        1.23983495279160     
   127.399996756649        1.25689751360504     
   127.499996750712        1.27447268303529     
   127.599996744775        1.29253782632154     
   127.699996738838        1.31107014113561     
   127.799996732901        1.33004641073652     
   127.899996726965        1.34944278070190     
   127.999996721028        1.36923455815800     
   128.099996715091        1.38939603291316     
   128.199996709154        1.40990032034877     
   128.299996703217        1.43071922627897     
   128.399996697280        1.45182313430707     
   128.499996691344        1.47318091645019     
   128.599996685407        1.49475986798473     
   128.699996679470        1.51652566758110     
   128.799996673533        1.53844236384389     
   128.899996667596        1.56047238934885     
   128.999996661660        1.58257660315163     
   129.099996655723        1.60471436259623     
   129.199996649786        1.62684362496620     
   129.299996643849        1.64892107921662     
   129.399996637912        1.67090230761935     
   129.499996631975        1.69274197670032     
   129.599996626039        1.71439405633380     
   129.699996620102        1.73581206530940     
   129.799996614165        1.75694934111141     
   129.899996608228        1.77775933106047     
   129.999996602291        1.79819590140227     
   130.099996596355        1.81821366038189     
   130.199996590418        1.83776829085378     
   130.299996584481        1.85681688756683     
   130.399996578544        1.87531829394337     
   130.499996572607        1.89323343295148     
   130.599996566670        1.91052562660128     
   130.699996560734        1.92716089862543     
   130.799996554797        1.94310825509985     
   130.899996548860        1.95833993808151     
   130.999996542923        1.97283164779861     
   131.099996536986        1.98656272949950     
   131.199996531050        1.99951632175701     
   131.299996525113        2.01167946378500     
   131.399996519176        2.02304316015434     
   131.499996513239        2.03360240215833     
   131.599996507302        2.04335614594758     
   131.699996501365        2.05230724840733     
   131.799996495429        2.06046236255504     
   131.899996489492        2.06783179498008     
   131.999996483555        2.07442932849358     
   132.099996477618        2.08027201371360     
   132.199996471681        2.08537993373533     
   132.299996465745        2.08977594635694     
   132.399996459808        2.09348540851820     
   132.499996453871        2.09653588767916     
   132.599996447934        2.09895686482589     
   132.699996441997        2.10077943362911     
   132.799996436060        2.10203600005374     
   132.899996430124        2.10275998640170     
   132.999996424187        2.10298554338174     
   133.099996418250        2.10274727337755     
   133.199996412313        2.10207996764319     
   133.299996406376        2.10101835967027     
   133.399996400440        2.09959689651508     
   133.499996394503        2.09784952941375     
   133.599996388566        2.09580952456996     
   133.699996382629        2.09350929460367     
   133.799996376692        2.09098025077539     
   133.899996370756        2.08825267576937     
   133.999996364819        2.08535561653235     
   134.099996358882        2.08231679643342     
   134.199996352945        2.07916254579650     
   134.299996347008        2.07591774971364     
   134.399996341071        2.07260581192737     
   134.499996335135        2.06924863349573     
   134.599996329198        2.06586660489987     
   134.699996323261        2.06247861024434     
   134.799996317324        2.05910204221304     
   134.899996311387        2.05575282645694     
   134.999996305451        2.05244545416313     
   135.099996299514        2.04919302158843     
   135.199996293577        2.04600727543007     
   135.299996287640        2.04289866298132     
   135.399996281703        2.03987638609677     
   135.499996275766        2.03694845808095     
   135.599996269830        2.03412176270135     
   135.699996263893        2.03140211460968     
   135.799996257956        2.02879432053699     
   135.899996252019        2.02630224070139     
   135.999996246082        2.02392884994891     
   136.099996240146        2.02167629821007     
   136.199996234209        2.01954596992365     
   136.299996228272        2.01753854212890     
   136.399996222335        2.01565404098635     
   136.499996216398        2.01389189653264     
   136.599996210461        2.01225099551845     
   136.699996204525        2.01072973221022     
   136.799996198588        2.00932605707215     
   136.899996192651        2.00803752327399     
   136.999996186714        2.00686133099255     
   137.099996180777        2.00579436949657     
   137.199996174841        2.00483325701610     
   137.299996168904        2.00397437841949     
   137.399996162967        2.00321392072976     
   137.499996157030        2.00254790651843     
   137.599996151093        2.00197222522900     
   137.699996145156        2.00148266247743     
   137.799996139220        2.00107492739281     
   137.899996133283        2.00074467805659     
   137.999996127346        2.00048754510737     
   138.099996121409        2.00029915356853     
   138.199996115472        2.00017514296893     
   138.299996109536        2.00011118581893     
   138.399996103599        2.00010300450776     
   138.499996097662        2.00014638668615     
   138.599996091725        2.00023719919449     
   138.699996085788        2.00037140059976     
   138.799996079851        2.00054505240252     
   138.899996073915        2.00075432897192     
   138.999996067978        2.00099552626930     
   139.099996062041        2.00126506941626     
   139.199996056104        2.00155951916178     
   139.299996050167        2.00187557730486     
   139.399996044231        2.00221009112679     
   139.499996038294        2.00256005688534     
   139.599996032357        2.00292262242284     
   139.699996026420        2.00329508894150     
   139.799996020483        2.00367491199307     
   139.899996014546        2.00405970173290     
   139.999996008610        2.00444722248878     
   140.099996002673        2.00483539169285     
   140.199995996736        2.00522227821355     
   140.299995990799        2.00560610016008     
   140.399995984862        2.00598522216862     
   140.499995978926        2.00635815224401     
   140.599995972989        2.00672353818541     
   140.699995967052        2.00708016364203     
   140.799995961115        2.00742694384062     
   140.899995955178        2.00776292102439     
   140.999995949241        2.00808725964137     
   141.099995943305        2.00839924132123     
   141.199995937368        2.00869825967492     
   141.299995931431        2.00898381495267     
   141.399995925494        2.00925550859386     
   141.499995919557        2.00951303770020     
   141.599995913621        2.00975618946204     
   141.699995907684        2.00998483556455     
   141.799995901747        2.01019892660404     
   141.899995895810        2.01039848653486     
   141.999995889873        2.01058360717530     
   142.099995883936        2.01075444278932     
   142.199995878000        2.01091120476647     
   142.299995872063        2.01105415641792     
   142.399995866126        2.01118360790312     
   142.499995860189        2.01129991130373     
   142.599995854252        2.01140345585663     
   142.699995848316        2.01149466335763     
   142.799995842379        2.01157398374507     
   142.899995836442        2.01164189087247     
   142.999995830505        2.01169887847878     
   143.099995824568        2.01174545635289     
   143.199995818631        2.01178214670554     
   143.299995812695        2.01180948075430     
   143.399995806758        2.01182799550959     
   143.499995800821        2.01183823077122     
   143.599995794884        2.01184072633551     
   143.699995788947        2.01183601940595     
   143.799995783011        2.01182464220974     
   143.899995777074        2.01180711981478     
   143.999995771137        2.01178396814077     
   144.099995765200        2.01175569216449     
   144.199995759263        2.01172278430963     
   144.299995753326        2.01168572301659     
   144.399995747390        2.01164497148600     
   144.499995741453        2.01160097658919     
   144.599995735516        2.01155416793826     
   144.699995729579        2.01150495710839     
   144.799995723642        2.01145373700463     
   144.899995717706        2.01140088136605     
   144.999995711769        2.01134674439836     
   145.099995705832        2.01129166052819     
   145.199995699895        2.01123594427066     
   145.299995693958        2.01117989020178     
   145.399995688021        2.01112377303749     
   145.499995682085        2.01106784776405     
   145.599995676148        2.01101234992477     
   145.699995670211        2.01095749590938     
   145.799995664274        2.01090348334849     
   145.899995658337        2.01085049155748     
   145.999995652401        2.01079868204221     
   146.099995646464        2.01074819904421     
   146.199995640527        2.01069917013521     
   146.299995634590        2.01065170683874     
   146.399995628653        2.01060590529039     
   146.499995622716        2.01056184691416     
   146.599995616780        2.01051959912607     
   146.699995610843        2.01047921604805     
   146.799995604906        2.01044073923041     
   146.899995598969        2.01040419838444     
   146.999995593032        2.01036961211507     
   147.099995587096        2.01033698865084     
   147.199995581159        2.01030632656989     
   147.299995575222        2.01027761551726     
   147.399995569285        2.01025083691240     
   147.499995563348        2.01022596464216     
   147.599995557411        2.01020296573834     
   147.699995551475        2.01018180103733     
   147.799995545538        2.01016242581766     
   147.899995539601        2.01014479042084     
   147.999995533664        2.01012884085842     
   148.099995527727        2.01011451936822     
   148.199995521791        2.01010176496936     
   148.299995515854        2.01009051398482     
   148.399995509917        2.01008070053772     
   148.499995503980        2.01007225702178     
   148.599995498043        2.01006511454527     
   148.699995492106        2.01005920334862     
   148.799995486170        2.01005445319562     
   148.899995480233        2.01005079373273     
   148.999995474296        2.01004815482894     
   149.099995468359        2.01004646689034     
   149.199995462422        2.01004566114110     
   149.299995456486        2.01004566988287     
   149.399995450549        2.01004642674022     
   149.499995444612        2.01004786686235     
   149.599995438675        2.01004992711802     
   149.699995432738        2.01005254626839     
   149.799995426802        2.01005566509883     
   149.899995420865        2.01005922656530     
   149.999995414928        2.01006317587836     
