   95.0999986742407        2.01012568670875     
   95.1999986683039        2.01012567587216     
   95.2999986623671        2.01012566503487     
   95.3999986564303        2.01012565419687     
   95.4999986504935        2.01012564335815     
   95.5999986445566        2.01012563251874     
   95.6999986386198        2.01012562167861     
   95.7999986326830        2.01012561083778     
   95.8999986267462        2.01012559999624     
   95.9999986208094        2.01012558915399     
   96.0999986148725        2.01012557831103     
   96.1999986089357        2.01012556746737     
   96.2999986029989        2.01012555662299     
   96.3999985970621        2.01012554577791     
   96.4999985911253        2.01012553493212     
   96.5999985851885        2.01012552408563     
   96.6999985792516        2.01012551323842     
   96.7999985733148        2.01012550239050     
   96.8999985673780        2.01012549154187     
   96.9999985614412        2.01012548069254     
   97.0999985555044        2.01012546984250     
   97.1999985495676        2.01012545899175     
   97.2999985436307        2.01012544814029     
   97.3999985376939        2.01012543728812     
   97.4999985317571        2.01012542643524     
   97.5999985258203        2.01012541558167     
   97.6999985198835        2.01012540472737     
   97.7999985139466        2.01012539387236     
   97.8999985080098        2.01012538301664     
   97.9999985020730        2.01012537216023     
   98.0999984961362        2.01012536130309     
   98.1999984901994        2.01012535044525     
   98.2999984842626        2.01012533958670     
   98.3999984783257        2.01012532872744     
   98.4999984723889        2.01012531786746     
   98.5999984664521        2.01012530700678     
   98.6999984605153        2.01012529614539     
   98.7999984545785        2.01012528528329     
   98.8999984486417        2.01012527442048     
   98.9999984427048        2.01012526355696     
   99.0999984367680        2.01012525269273     
   99.1999984308312        2.01012524182779     
   99.2999984248944        2.01012523096214     
   99.3999984189576        2.01012522009577     
   99.4999984130207        2.01012520922870     
   99.5999984070839        2.01012519836092     
   99.6999984011471        2.01012518749242     
   99.7999983952103        2.01012517662322     
   99.8999983892735        2.01012516575333     
   99.9999983833367        2.01012515488275     
   100.099998377400        2.21803845875139     
   100.199998371463        2.78626085762382     
   100.299998365526        3.85260145501962     
   100.399998359589        5.63472370796503     
   100.499998353653        8.24262148616451     
   100.599998347716        11.3151459438012     
   100.699998341779        14.0385204390619     
   100.799998335842        15.8995640977246     
   100.899998329905        16.9874756540841     
   100.999998323968        17.5904703087330     
   101.099998318032        17.9279622856061     
   101.199998312095        18.1272406242319     
   101.299998306158        18.2582140683270     
   101.399998300221        18.3593628829017     
   101.499998294284        18.4514202054133     
   101.599998288348        18.5444276234976     
   101.699998282411        18.6418364777810     
   101.799998276474        18.7432589532404     
   101.899998270537        18.8464220544626     
   101.999998264600        18.9484937408685     
   102.099998258663        19.0468772124618     
   102.199998252727        19.1395897570745     
   102.299998246790        19.2253586936257     
   102.399998240853        19.3035554168032     
   102.499998234916        19.3740586812866     
   102.599998228979        19.4371049080105     
   102.699998223043        19.4931557925079     
   102.799998217106        19.5427947552344     
   102.899998211169        19.5866529333782     
   102.999998205232        19.6253603100969     
   103.099998199295        19.6595160424541     
   103.199998193358        19.6896723838537     
   103.299998187422        19.7163276702686     
   103.399998181485        19.7399250226460     
   103.499998175548        19.7608544348871     
   103.599998169611        19.7794566943096     
   103.699998163674        19.7960281375662     
   103.799998157738        19.8108256263856     
   103.899998151801        19.8240713814855     
   103.999998145864        19.8359574780063     
   104.099998139927        19.8466499103093     
   104.199998133990        19.8562921980998     
   104.299998128054        19.8650085434599     
   104.399998122117        19.8729065689315     
   104.499998116180        19.8800796765772     
   104.599998110243        19.8866090711459     
   104.699998104306        19.8925654898107     
   104.799998098369        19.8980106781695     
   104.899998092433        19.9029986484160     
   104.999998086496        19.9075767514574     
   105.099998080559        19.9117865906807     
   105.199998074622        19.9156648012531     
   105.299998068685        19.9192437153993     
   105.399998062749        19.9225519310491     
   105.499998056812        19.9256147986050     
   105.599998050875        19.9284548382969     
   105.699998044938        19.9310920986532     
   105.799998039001        19.9335444649641     
   105.899998033064        19.9358279252247     
   105.999998027128        19.9379567998706     
   106.099998021191        19.9399439406318     
   106.199998015254        19.9418009030056     
   106.299998009317        19.9435380961488     
   106.399998003380        19.9451649134120     
   106.499997997444        19.9466898462414     
   106.599997991507        19.9481205837686     
   106.699997985570        19.9494641000571     
   106.799997979633        19.9507267306838     
   106.899997973696        19.9519142400898     
   106.999997967759        19.9530318809239     
   107.099997961823        19.9540844464277     
   107.199997955886        19.9550763167631     
   107.299997949949        19.9560115000558     
   107.399997944012        19.9568936688210     
   107.499997938075        19.9577261923460     
   107.599997932139        19.9585121655278     
   107.699997926202        19.9592544345950     
   107.799997920265        19.9599556200884     
   107.899997914328        19.9606181374242     
   107.999997908391        19.9612442153227     
   108.099997902454        19.9618359123491     
   108.199997896518        19.9623951317816     
   108.299997890581        19.9629236349945     
   108.399997884644        19.9634230535234     
   108.499997878707        19.9638948999555     
   108.599997872770        19.9643405777736     
   108.699997866834        19.9647613902661     
   108.799997860897        19.9651585486017     
   108.899997854960        19.9655331791569     
   108.999997849023        19.9658863301734     
   109.099997843086        19.9662189778143     
   109.199997837149        19.9665320316797     
   109.299997831213        19.9668263398363     
   109.399997825276        19.9671026934088     
   109.499997819339        19.9673618307766     
   109.599997813402        19.9676044414133     
   109.699997807465        19.9678311694035     
   109.799997801529        19.9680426166689     
   109.899997795592        19.9682393459281     
   109.999997789655        19.9684218834184     
   110.099997783718        19.9685907213985     
   110.199997777781        19.9687463204544     
   110.299997771844        19.9688891116243     
   110.399997765908        19.9690194983602     
   110.499997759971        19.9691378583407     
   110.599997754034        19.9692445451463     
   110.699997748097        19.9693398898115     
   110.799997742160        19.9694242022630     
   110.899997736224        19.9694977726542     
   110.999997730287        19.9695608726040     
   111.099997724350        19.9696137563499     
   111.199997718413        19.9696566618202     
   111.299997712476        19.9696898116342     
   111.399997706539        19.9697134140343     
   111.499997700603        19.9697276637577     
   111.599997694666        19.9697327428507     
   111.699997688729        19.9697288214319     
   111.799997682792        19.9697160584068     
   111.899997676855        19.9696946021394     
   111.999997670919        19.9696645910828     
   112.099997664982        19.9696261543726     
   112.199997659045        19.9695794123869     
   112.299997653108        19.9695244772733     
   112.399997647171        19.9694614534482     
   112.499997641234        19.9693904380686     
   112.599997635298        19.9693115214791     
   112.699997629361        19.9692247876364     
   112.799997623424        19.9691303145126     
   112.899997617487        19.9690281744788     
   112.999997611550        19.9689184346711     
   113.099997605614        19.9688011573398     
   113.199997599677        19.9686764001832     
   113.299997593740        19.9685442166672     
   113.399997587803        19.9684046563316     
   113.499997581866        19.9682577650845     
   113.599997575929        19.9681035854850     
   113.699997569993        19.9679421570154     
   113.799997564056        19.9677735163442     
   113.899997558119        19.9675976975788     
   113.999997552182        19.9674147325111     
   114.099997546245        19.9672246508538     
   114.199997540309        19.9670274804702     
   114.299997534372        19.9668232475965     
   114.399997528435        19.9666119770580     
   114.499997522498        19.9663936924780     
   114.599997516561        19.9661684164822     
   114.699997510624        19.9659361708961     
   114.799997504688        19.9656969769383     
   114.899997498751        19.9654508554074     
   114.999997492814        19.9651978268649     
   115.099997486877        19.9649379118126     
   115.199997480940        19.9646711308659     
   115.299997475004        19.9643975049216     
   115.399997469067        19.9641170553223     
   115.499997463130        19.9638298040152     
   115.599997457193        19.9635357737078     
   115.699997451256        19.9632349880173     
   115.799997445319        19.9629274716178     
   115.899997439383        19.9626132503813     
   115.999997433446        19.9622923515148     
   116.099997427509        19.9619648036934     
   116.199997421572        19.9616306371879     
   116.299997415635        19.9612898839887     
   116.399997409699        19.9609425779239     
   116.499997403762        19.9605887547739     
   116.599997397825        19.9602284523796     
   116.699997391888        19.9598617107472     
   116.799997385951        19.9594885721461     
   116.899997380014        19.9591090812036     
   116.999997374078        19.9587232849924     
   117.099997368141        19.9583312331138     
   117.199997362204        19.9579329777753     
   117.299997356267        19.9575285738618     
   117.399997350330        19.9571180790017     
   117.499997344394        19.9567015536275     
   117.599997338457        19.9562790610289     
   117.699997332520        19.9558506674021     
   117.799997326583        19.9554164418909     
   117.899997320646        19.9549764566228     
   117.999997314709        19.9545307867385     
   118.099997308773        19.9540795104150     
   118.199997302836        19.9536227088827     
   118.299997296899        19.9531604664354     
   118.399997290962        19.9526928704345     
   118.499997285025        19.9522200113067     
   118.599997279089        19.9517419825347     
   118.699997273152        19.9512588806425     
   118.799997267215        19.9507708051729     
   118.899997261278        19.9502778586600     
   118.999997255341        19.9497801465946     
   119.099997249404        19.9492777773837     
   119.199997243468        19.9487708623036     
   119.299997237531        19.9482595154473     
   119.399997231594        19.9477438536655     
   119.499997225657        19.9472239965020     
   119.599997219720        19.9467000661242     
   119.699997213784        19.9461721872464     
   119.799997207847        19.9456404870493     
   119.899997201910        19.9451050950939     
   119.999997195973        19.9445661432301     
   120.099997190036        19.9409975238392     
   120.199997184100        19.9344859745018     
   120.299997178163        19.9249548734433     
   120.399997172226        19.9118007396225     
   120.499997166289        19.8940619289454     
   120.599997160352        19.8703393714026     
   120.699997154415        19.8386556389437     
   120.799997148479        19.7962420071684     
   120.899997142542        19.7392312951514     
   120.999997136605        19.6622248688791     
   121.099997130668        19.5576957751546     
   121.199997124731        19.4151939768489     
   121.299997118795        19.2203518156206     
   121.399997112858        18.9537737305425     
   121.499997106921        18.5900630300876     
   121.599997100984        18.0976113929129     
   121.699997095047        17.4404815241215     
   121.799997089110        16.5843312760348     
   121.899997083174        15.5078456402691     
   121.999997077237        14.2180754745095     
   122.099997071300        12.7622336962366     
   122.199997065363        11.2249683602301     
   122.299997059426        9.70706165820004     
   122.399997053490        8.29641759028577     
   122.499997047553        7.04855292193364     
   122.599997041616        5.98406525479342     
   122.699997035679        5.09772797267521     
   122.799997029742        4.37024911351758     
   122.899997023805        3.77737386497536     
   122.999997017869        3.29520873046774     
   123.099997011932        2.90264187067379     
   123.199997005995        2.58204929550007     
   123.299997000058        2.31916513121738     
   123.399996994121        2.10262727376356     
   123.499996988185        1.92345366159195     
   123.599996982248        1.77455862813656     
   123.699996976311        1.65034559581201     
   123.799996970374        1.54637949151780     
   123.899996964437        1.45912960050155     
   123.999996958500        1.38577022269184     
   124.099996952564        1.32402700495197     
   124.199996946627        1.27205864915297     
   124.299996940690        1.22836573731475     
   124.399996934753        1.19172024912063     
   124.499996928816        1.16111085428980     
   124.599996922880        1.13570024684553     
   124.699996916943        1.11479169731163     
   124.799996911006        1.09780268745343     
   124.899996905069        1.08424401047013     
   124.999996899132        1.07370310870606     
   125.099996893195        1.06583071316296     
   125.199996887259        1.06033006889072     
   125.299996881322        1.05694819610045     
   125.399996875385        1.05546876228799     
   125.499996869448        1.05570623594243     
   125.599996863511        1.05750106507996     
   125.699996857575        1.06071567950128     
   125.799996851638        1.06523115847046     
   125.899996845701        1.07094443858306     
   125.999996839764        1.07776596224718     
   126.099996833827        1.08561768719948     
   126.199996827890        1.09443139314576     
   126.299996821954        1.10414723393725     
   126.399996816017        1.11471249344875     
   126.499996810080        1.12608051107352     
   126.599996804143        1.13820974895028     
   126.699996798206        1.15106297802542     
   126.799996792270        1.16460656408269     
   126.899996786333        1.17880983816580     
   126.999996780396        1.19364453851146     
   127.099996774459        1.20908431334053     
   127.199996768522        1.22510427570952     
   127.299996762585        1.24168060318824     
   127.399996756649        1.25879017644184     
   127.499996750712        1.27641025193104     
   127.599996744775        1.29451816490955     
   127.699996738838        1.31309105974206     
   127.799996732901        1.33210564529833     
   127.899996726965        1.35153797382502     
   127.999996721028        1.37136324225792     
   128.099996715091        1.39155561542950     
   128.199996709154        1.41208807105797     
   128.299996703217        1.43293226676137     
   128.399996697280        1.45405842964992     
   128.499996691344        1.47543526928417     
   128.599996685407        1.49702991496502     
   128.699996679470        1.51880787843065     
   128.799996673533        1.54073304307117     
   128.899996667596        1.56276768073963     
   128.999996661660        1.58487249713610     
   129.099996655723        1.60700670654060     
   129.199996649786        1.62912813642813     
   129.299996643849        1.65119336215615     
   129.399996637912        1.67315787151433     
   129.499996631975        1.69497625846337     
   129.599996626039        1.71660244487603     
   129.699996620102        1.73798992853647     
   129.799996614165        1.75909205507139     
   129.899996608228        1.77986231092905     
   129.999996602291        1.80025463390606     
   130.099996596355        1.82022373722847     
   130.199996590418        1.83972544268818     
   130.299996584481        1.85871701794117     
   130.399996578544        1.87715751275758     
   130.499996572607        1.89500808882586     
   130.599996566670        1.91223233762326     
   130.699996560734        1.92879658094388     
   130.799996554797        1.94467014886398     
   130.899996548860        1.95982563026591     
   130.999996542923        1.97423909151022     
   131.099996536986        1.98789025943055     
   131.199996531050        2.00076266552320     
   131.299996525113        2.01284374897081     
   131.399996519176        2.02412491697370     
   131.499996513239        2.03460156172777     
   131.599996507302        2.04427303425498     
   131.699996501365        2.05314257614257     
   131.799996495429        2.06121721104660     
   131.899996489492        2.06850759854775     
   131.999996483555        2.07502785358801     
   132.099996477618        2.08079533525610     
   132.199996471681        2.08583040911026     
   132.299996465745        2.09015618752774     
   132.399996459808        2.09379825274484     
   132.499996453871        2.09678436733050     
   132.599996447934        2.09914417673235     
   132.699996441997        2.10090890842563     
   132.799996436060        2.10211107193541     
   132.899996430124        2.10278416365548     
   132.999996424187        2.10296238002801     
   133.099996418250        2.10268034220881     
   133.199996412313        2.10197283489640     
   133.299996406376        2.10087456152139     
   133.399996400440        2.09941991754216     
   133.499996394503        2.09764278312093     
   133.599996388566        2.09557633603154     
   133.699996382629        2.09325288524098     
   133.799996376692        2.09070372525191     
   133.899996370756        2.08795901095127     
   133.999996364819        2.08504765244572     
   134.099996358882        2.08199722911904     
   134.199996352945        2.07883392195303     
   134.299996347008        2.07558246300428     
   134.399996341071        2.07226610081728     
   134.499996335135        2.06890658048338     
   134.599996329198        2.06552413700169     
   134.699996323261        2.06213750059453     
   134.799996317324        2.05876391264006     
   134.899996311387        2.05541915090950     
   134.999996305451        2.05211756285574     
   135.099996299514        2.04887210575181     
   135.199996293577        2.04569439255503     
   135.299996287640        2.04259474245502     
   135.399996281703        2.03958223513937     
   135.499996275766        2.03666476789862     
   135.599996269830        2.03384911478158     
   135.699996263893        2.03114098709235     
   135.799996257956        2.02854509460267     
   135.899996252019        2.02606520692726     
   135.999996246082        2.02370421458869     
   136.099996240146        2.02146418936139     
   136.199996234209        2.01934644355264     
   136.299996228272        2.01735158792659     
   136.399996222335        2.01547958803735     
   136.499996216398        2.01372981877977     
   136.599996210461        2.01210111701182     
   136.699996204525        2.01059183213281     
   136.799996198588        2.00919987453520     
   136.899996192651        2.00792276188014     
   136.999996186714        2.00675766316615     
   137.099996180777        2.00570144058059     
   137.199996174841        2.00475068913956     
   137.299996168904        2.00390177413830     
   137.399996162967        2.00315086644558     
   137.499996157030        2.00249397568069     
   137.599996151093        2.00192698132645     
   137.699996145156        2.00144566182531     
   137.799996139220        2.00104572172202     
   137.899996133283        2.00072281691275     
   137.999996127346        2.00047257806438     
   138.099996121409        2.00029063226647     
   138.199996115472        2.00017262298110     
   138.299996109536        2.00011422835639     
   138.399996103599        2.00011117796683     
   138.499996097662        2.00015926804660     
   138.599996091725        2.00025437527482     
   138.699996085788        2.00039246917570     
   138.799996079851        2.00056962319483     
   138.899996073915        2.00078202451080     
   138.999996067978        2.00102598263955     
   139.099996062041        2.00129793689146     
   139.199996056104        2.00159446273107     
   139.299996050167        2.00191227709913     
   139.399996044231        2.00224824274949     
   139.499996038294        2.00259937165354     
   139.599996032357        2.00296282752376     
   139.699996026420        2.00333592750937     
   139.799996020483        2.00371614311200     
   139.899996014546        2.00410110037051     
   139.999996008610        2.00448857936537     
   140.099996002673        2.00487651308911     
   140.199995996736        2.00526298573262     
   140.299995990799        2.00564623042555     
   140.399995984862        2.00602462648671     
   140.499995978926        2.00639669622192     
   140.599995972989        2.00676110131310     
   140.699995967052        2.00711663884148     
   140.799995961115        2.00746223698670     
   140.899995955178        2.00779695044066     
   140.999995949241        2.00811995557595     
   141.099995943305        2.00843054540512     
   141.199995937368        2.00872812436681     
   141.299995931431        2.00901220297409     
   141.399995925494        2.00928239235631     
   141.499995919557        2.00953839872944     
   141.599995913621        2.00978001782063     
   141.699995907684        2.01000712927648     
   141.799995901747        2.01021969108303     
   141.899995895810        2.01041773401935     
   141.999995889873        2.01060135617221     
   142.099995883936        2.01077071752831     
   142.199995878000        2.01092603466667     
   142.299995872063        2.01106757556847     
   142.399995866126        2.01119565455947     
   142.499995860189        2.01131062740088     
   142.599995854252        2.01141288653986     
   142.699995848316        2.01150285653229     
   142.799995842379        2.01158098964626     
   142.899995836442        2.01164776165447     
   142.999995830505        2.01170366782241     
   143.099995824568        2.01174921910159     
   143.199995818631        2.01178493852134     
   143.299995812695        2.01181135778920     
   143.399995806758        2.01182901410176     
   143.499995800821        2.01183844716313     
   143.599995794884        2.01184019641284     
   143.699995788947        2.01183479845769     
   143.799995783011        2.01182278470886     
   143.899995777074        2.01180467921881     
   143.999995771137        2.01178099671251     
   144.099995765200        2.01175224081123     
   144.199995759263        2.01171890244106     
   144.299995753326        2.01168145842038     
   144.399995747390        2.01164037022042     
   144.499995741453        2.01159608289197     
   144.599995735516        2.01154902415102     
   144.699995729579        2.01149960361572     
   144.799995723642        2.01144821218724     
   144.899995717706        2.01139522156666     
   144.999995711769        2.01134098390036     
   145.099995705832        2.01128583154551     
   145.199995699895        2.01123007694821     
   145.299995693958        2.01117401262560     
   145.399995688021        2.01111791124139     
   145.499995682085        2.01106202579835     
   145.599995676148        2.01100658984974     
   145.699995670211        2.01095181785137     
   145.799995664274        2.01089790554818     
   145.899995658337        2.01084503042353     
   145.999995652401        2.01079335220969     
   146.099995646464        2.01074301343710     
   146.199995640527        2.01069414003210     
   146.299995634590        2.01064684194187     
   146.399995628653        2.01060121379689     
   146.499995622716        2.01055733558946     
   146.599995616780        2.01051527337803     
   146.699995610843        2.01047508000205     
   146.799995604906        2.01043679580535     
   146.899995598969        2.01040044936870     
   146.999995593032        2.01036605824209     
   147.099995587096        2.01033362967419     
   147.199995581159        2.01030316133720     
   147.299995575222        2.01027464204310     
   147.399995569285        2.01024805244962     
   147.499995563348        2.01022336575161     
   147.599995557411        2.01020054835657     
   147.699995551475        2.01017956054232     
   147.799995545538        2.01016035709700     
   147.899995539601        2.01014288793207     
   147.999995533664        2.01012709867336     
   148.099995527727        2.01011293123909     
   148.199995521791        2.01010032438212     
   148.299995515854        2.01008921420985     
   148.399995509917        2.01007953467769     
   148.499995503980        2.01007121805669     
   148.599995498043        2.01006419537486     
   148.699995492106        2.01005839683198     
   148.799995486170        2.01005375218805     
   148.899995480233        2.01005019111981     
   148.999995474296        2.01004764355787     
   149.099995468359        2.01004603999895     
   149.199995462422        2.01004531178402     
   149.299995456486        2.01004539135524     
   149.399995450549        2.01004621249894     
   149.499995444612        2.01004771054535     
   149.599995438675        2.01004982256047     
   149.699995432738        2.01005248751764     
   149.799995426802        2.01005564642706     
   149.899995420865        2.01005924247912     
   149.999995414928        2.01006322112832     
