   95.0999986742407        2.01012568670875     
   95.1999986683039        2.01012567587216     
   95.2999986623671        2.01012566503487     
   95.3999986564303        2.01012565419687     
   95.4999986504935        2.01012564335815     
   95.5999986445566        2.01012563251874     
   95.6999986386198        2.01012562167861     
   95.7999986326830        2.01012561083778     
   95.8999986267462        2.01012559999624     
   95.9999986208094        2.01012558915399     
   96.0999986148725        2.01012557831103     
   96.1999986089357        2.01012556746737     
   96.2999986029989        2.01012555662299     
   96.3999985970621        2.01012554577791     
   96.4999985911253        2.01012553493212     
   96.5999985851885        2.01012552408563     
   96.6999985792516        2.01012551323842     
   96.7999985733148        2.01012550239050     
   96.8999985673780        2.01012549154187     
   96.9999985614412        2.01012548069254     
   97.0999985555044        2.01012546984250     
   97.1999985495676        2.01012545899175     
   97.2999985436307        2.01012544814029     
   97.3999985376939        2.01012543728812     
   97.4999985317571        2.01012542643524     
   97.5999985258203        2.01012541558167     
   97.6999985198835        2.01012540472737     
   97.7999985139466        2.01012539387236     
   97.8999985080098        2.01012538301664     
   97.9999985020730        2.01012537216023     
   98.0999984961362        2.01012536130309     
   98.1999984901994        2.01012535044525     
   98.2999984842626        2.01012533958670     
   98.3999984783257        2.01012532872744     
   98.4999984723889        2.01012531786746     
   98.5999984664521        2.01012530700678     
   98.6999984605153        2.01012529614539     
   98.7999984545785        2.01012528528329     
   98.8999984486417        2.01012527442048     
   98.9999984427048        2.01012526355696     
   99.0999984367680        2.01012525269273     
   99.1999984308312        2.01012524182779     
   99.2999984248944        2.01012523096214     
   99.3999984189576        2.01012522009577     
   99.4999984130207        2.01012520922870     
   99.5999984070839        2.01012519836092     
   99.6999984011471        2.01012518749242     
   99.7999983952103        2.01012517662322     
   99.8999983892735        2.01012516575333     
   99.9999983833367        2.01012515488275     
   100.099998377400        2.15211081207401     
   100.199998371463        2.50613728874941     
   100.299998365526        3.08211707792217     
   100.399998359589        3.93589820539388     
   100.499998353653        5.13746201666340     
   100.599998347716        6.72579593857909     
   100.699998341779        8.63212749988649     
   100.799998335842        10.6285099728744     
   100.899998329905        12.4088713699520     
   100.999998323968        13.7651364845984     
   101.099998318032        14.6623549234578     
   101.199998312095        15.1714555118877     
   101.299998306158        15.3836318238609     
   101.399998300221        15.3719445142126     
   101.499998294284        15.1868504334086     
   101.599998288348        14.8628598930872     
   101.699998282411        14.4258801383220     
   101.799998276474        13.8984711186613     
   101.899998270537        13.3027614954668     
   101.999998264600        12.6613668334027     
   102.099998258663        11.9968390053825     
   102.199998252727        11.3303083598099     
   102.299998246790        10.6800046173432     
   102.399998240853        10.0601890030858     
   102.499998234916        9.48074834972656     
   102.599998228979        8.94742179211651     
   102.699998223043        8.46245820449334     
   102.799998217106        8.02546129183770     
   102.899998211169        7.63422758384641     
   102.999998205232        7.28546252471103     
   103.099998199295        6.97533102968827     
   103.199998193358        6.69984556953037     
   103.299998187422        6.45511787403658     
   103.399998181485        6.23750701051008     
   103.499998175548        6.04369437175388     
   103.599998169611        5.87071031328539     
   103.699998163674        5.71593082610480     
   103.799998157738        5.57705708941575     
   103.899998151801        5.45208643380679     
   103.999998145864        5.33928011630982     
   104.099998139927        5.23713114992784     
   104.199998133990        5.14433399895839     
   104.299998128054        5.05975703621468     
   104.399998122117        4.98241809469821     
   104.499998116180        4.91146311498028     
   104.599998110243        4.84614770751258     
   104.699998104306        4.78582136028640     
   104.799998098369        4.72991398979589     
   104.899998092433        4.67792453354276     
   104.999998086496        4.62941130026064     
   105.099998080559        4.58398382052250     
   105.199998074622        4.54129596988889     
   105.299998068685        4.50104016611128     
   105.399998062749        4.46294246943918     
   105.499998056812        4.42675844000660     
   105.599998050875        4.39226962829578     
   105.699998044938        4.35928059389312     
   105.799998039001        4.32761636428297     
   105.899998033064        4.29712025956515     
   105.999998027128        4.26765202105086     
   106.099998021191        4.23908619190765     
   106.199998015254        4.21131070667655     
   106.299998009317        4.18422565381150     
   106.399998003380        4.15774218157402     
   106.499997997444        4.13178152282200     
   106.599997991507        4.10627411863939     
   106.699997985570        4.08115882443827     
   106.799997979633        4.05638218527611     
   106.899997973696        4.03189776972156     
   106.999997967759        4.00766555376246     
   107.099997961823        3.98365134803906     
   107.199997955886        3.95982626315714     
   107.299997949949        3.93616620902769     
   107.399997944012        3.91265142514346     
   107.499997938075        3.88926603946354     
   107.599997932139        3.86599765416381     
   107.699997926202        3.84283695696521     
   107.799997920265        3.81977735707048     
   107.899997914328        3.79681464496781     
   107.999997908391        3.77394667551013     
   108.099997902454        3.75117307375072     
   108.199997896518        3.72849496305242     
   108.299997890581        3.70591471497262     
   108.399997884644        3.68343572039391     
   108.499997878707        3.66106218131247     
   108.599997872770        3.63879892263346     
   108.699997866834        3.61665122324864     
   108.799997860897        3.59462466560676     
   108.899997854960        3.57272500291746     
   108.999997849023        3.55095804307632     
   109.099997843086        3.52932954834877     
   109.199997837149        3.50784514981456     
   109.299997831213        3.48651027554718     
   109.399997825276        3.46533009149492     
   109.499997819339        3.44430945401799     
   109.599997813402        3.42345287305409     
   109.699997807465        3.40276448489803     
   109.799997801529        3.38224803360664     
   109.899997795592        3.36190686007974     
   109.999997789655        3.34174389790152     
   110.099997783718        3.32176167507902     
   110.199997777781        3.30196232085999     
   110.299997771844        3.28234757686572     
   110.399997765908        3.26291881183207     
   110.499997759971        3.24367703930048     
   110.599997754034        3.22462293766331     
   110.699997748097        3.20575687201784     
   110.799997742160        3.18707891733718     
   110.899997736224        3.16858888252267     
   110.999997730287        3.15028633494287     
   111.099997724350        3.13217062511947     
   111.199997718413        3.11424091126218     
   111.299997712476        3.09649618339292     
   111.399997706539        3.07893528684265     
   111.499997700603        3.06155694493679     
   111.599997694666        3.04435978071887     
   111.699997688729        3.02734233759072     
   111.799997682792        3.01050309877467     
   111.899997676855        2.99384050552793     
   111.999997670919        2.97735297405926     
   112.099997664982        2.96103891111780     
   112.199997659045        2.94489672824208     
   112.299997653108        2.92892485466388     
   112.399997647171        2.91312174889559     
   112.499997641234        2.89748590900593     
   112.599997635298        2.88201588162996     
   112.699997629361        2.86671026975117     
   112.799997623424        2.85156773930254     
   112.899997617487        2.83658702463861     
   112.999997611550        2.82176693293451     
   113.099997605614        2.80710634757139     
   113.199997599677        2.79260423056780     
   113.299997593740        2.77825962412123     
   113.399997587803        2.76407165131823     
   113.499997581866        2.75003951608404     
   113.599997575929        2.73616250242384     
   113.699997569993        2.72243997302446     
   113.799997564056        2.70887136727341     
   113.899997558119        2.69545619875497     
   113.999997552182        2.68219405227913     
   114.099997546245        2.66908458049874     
   114.199997540309        2.65612750016699     
   114.299997534372        2.64332258808574     
   114.399997528435        2.63066967679214     
   114.499997522498        2.61816865002846     
   114.599997516561        2.60581943804160     
   114.699997510624        2.59362201274292     
   114.799997504688        2.58157638277950     
   114.899997498751        2.56968258854145     
   114.999997492814        2.55794069714282     
   115.099997486877        2.54635079740509     
   115.199997480940        2.53491299487175     
   115.299997475004        2.52362740687901     
   115.399997469067        2.51249415770661     
   115.499997463130        2.50151337382923     
   115.599997457193        2.49068517928825     
   115.699997451256        2.48000969120037     
   115.799997445319        2.46948701541859     
   115.899997439383        2.45911724235835     
   115.999997433446        2.44890044300134     
   116.099997427509        2.43883666508542     
   116.199997421572        2.42892592949025     
   116.299997415635        2.41916822682472     
   116.399997409699        2.40956351422169     
   116.499997403762        2.40011171234453     
   116.599997397825        2.39081270260679     
   116.699997391888        2.38166632461047     
   116.799997385951        2.37267237379842     
   116.899997380014        2.36383059932492     
   116.999997374078        2.35514070214070     
   117.099997368141        2.34660233329208     
   117.199997362204        2.33821509243010     
   117.299997356267        2.32997852652721     
   117.399997350330        2.32189212879708     
   117.499997344394        2.31395533781305     
   117.599997338457        2.30616753682031     
   117.699997332520        2.29852805323608     
   117.799997326583        2.29103615833211     
   117.899997320646        2.28369106709428     
   117.999997314709        2.27649193825014     
   118.099997308773        2.26943787446154     
   118.199997302836        2.26252792267273     
   118.299997296899        2.25576107460810     
   118.399997290962        2.24913626741240     
   118.499997285025        2.24265238442697     
   118.599997279089        2.23630825609017     
   118.699997273152        2.23010266096927     
   118.799997267215        2.22403432689071     
   118.899997261278        2.21810193218993     
   118.999997255341        2.21230410705620     
   119.099997249404        2.20663943497093     
   119.199997243468        2.20110645423050     
   119.299997237531        2.19570365955012     
   119.399997231594        2.19042950373907     
   119.499997225657        2.18528239944267     
   119.599997219720        2.18026072094317     
   119.699997213784        2.17536280601437     
   119.799997207847        2.17058695782377     
   119.899997201910        2.16593144687581     
   119.999997195973        2.16139451299046     
   120.099997190036        2.15697436731257     
   120.199997184100        2.15266919434523     
   120.299997178163        2.14847715400243     
   120.399997172226        2.14439638367611     
   120.499997166289        2.14042500031202     
   120.599997160352        2.13656110249165     
   120.699997154415        2.13280277251085     
   120.799997148479        2.12914807845673     
   120.899997142542        2.12559507627488     
   120.999997136605        2.12214181182249     
   121.099997130668        2.11878632290608     
   121.199997124731        2.11552664129697     
   121.299997118795        2.11236079472351     
   121.399997112858        2.10928680883474     
   121.499997106921        2.10630270913228     
   121.599997100984        2.10340652286889     
   121.699997095047        2.10059628090870     
   121.799997089110        2.09787001954742     
   121.899997083174        2.09522578228941     
   121.999997077237        2.09266162157908     
   122.099997071300        2.09017560048413     
   122.199997065363        2.08776579432876     
   122.299997059426        2.08543029227430     
   122.399997053490        2.08316719884548     
   122.499997047553        2.08097463540053     
   122.599997041616        2.07885074154385     
   122.699997035679        2.07679367647850     
   122.799997029742        2.07480162029974     
   122.899997023805        2.07287277522500     
   122.999997017869        2.07100536676246     
   123.099997011932        2.06919764481524     
   123.199997005995        2.06744788472177     
   123.299997000058        2.06575438823083     
   123.399996994121        2.06411548441207     
   123.499996988185        2.06252953049996     
   123.599996982248        2.06099491267364     
   123.699996976311        2.05951004676975     
   123.799996970374        2.05807337893105     
   123.899996964437        2.05668338618985     
   123.999996958500        2.05533857698654     
   124.099996952564        2.05403749162534     
   124.199996946627        2.05277870266610     
   124.299996940690        2.05156081525444     
   124.399996934753        2.05038246739100     
   124.499996928816        2.04924233014035     
   124.599996922880        2.04813910778207     
   124.699996916943        2.04707153790357     
   124.799996911006        2.04603839143826     
   124.899996905069        2.04503847264882     
   124.999996899132        2.04407061905889     
   125.099996893195        2.04313370133322     
   125.199996887259        2.04222662310961     
   125.299996881322        2.04134832078418     
   125.399996875385        2.04049776325138     
   125.499996869448        2.03967395160160     
   125.599996863511        2.03887591877782     
   125.699996857575        2.03810272919414     
   125.799996851638        2.03735347831768     
   125.899996845701        2.03662729221669     
   125.999996839764        2.03592332707672     
   126.099996833827        2.03524076868697     
   126.199996827890        2.03457883189963     
   126.299996821954        2.03393676006425     
   126.399996816017        2.03331382443861     
   126.499996810080        2.03270932357978     
   126.599996804143        2.03212258271632     
   126.699996798206        2.03155295310437     
   126.799996792270        2.03099981136941     
   126.899996786333        2.03046255883663     
   126.999996780396        2.02994062085053     
   127.099996774459        2.02943344608747     
   127.199996768522        2.02894050586132     
   127.299996762585        2.02846129342547     
   127.399996756649        2.02799532327272     
   127.499996750712        2.02754213043380     
   127.599996744775        2.02710126977798     
   127.699996738838        2.02667231531547     
   127.799996732901        2.02625485950443     
   127.899996726965        2.02584851256378     
   127.999996721028        2.02545290179272     
   128.099996715091        2.02506767089832     
   128.199996709154        2.02469247933303     
   128.299996703217        2.02432700164264     
   128.399996697280        2.02397092682549     
   128.499996691344        2.02362395770450     
   128.599996685407        2.02328581031237     
   128.699996679470        2.02295621329114     
   128.799996673533        2.02263490730641     
   128.899996667596        2.02232164447704     
   128.999996661660        2.02201618782090     
   129.099996655723        2.02171831071688     
   129.199996649786        2.02142779638387     
   129.299996643849        2.02114443737693     
   129.399996637912        2.02086803510060     
   129.499996631975        2.02059839933988     
   129.599996626039        2.02033534780907     
   129.699996620102        2.02007870571790     
   129.799996614165        2.01982830535578     
   129.899996608228        2.01958398569342     
   129.999996602291        2.01934559200234     
   130.099996596355        2.01911297549120     
   130.199996590418        2.01888599295987     
   130.299996584481        2.01866450647030     
   130.399996578544        2.01844838303376     
   130.499996572607        2.01823749431471     
   130.599996566670        2.01803171635054     
   130.699996560734        2.01783092928704     
   130.799996554797        2.01763501712897     
   130.899996548860        2.01744386750531     
   130.999996542923        2.01725737144899     
   131.099996536986        2.01707542319056     
   131.199996531050        2.01689791996504     
   131.299996525113        2.01672476183164     
   131.399996519176        2.01655585150613     
   131.499996513239        2.01639109420494     
   131.599996507302        2.01623039750051     
   131.699996501365        2.01607367118772     
   131.799996495429        2.01592082716052     
   131.899996489492        2.01577177929856     
   131.999996483555        2.01562644336281     
   132.099996477618        2.01548473690026     
   132.199996471681        2.01534657915694     
   132.299996465745        2.01521189099878     
   132.399996459808        2.01508059483941     
   132.499996453871        2.01495261457525     
   132.599996447934        2.01482787552730     
   132.699996441997        2.01470630438798     
   132.799996436060        2.01458782917405     
   132.899996430124        2.01447237918516     
   132.999996424187        2.01435988496576     
   133.099996418250        2.01425027827265     
   133.199996412313        2.01414349204596     
   133.299996406376        2.01403946038311     
   133.399996400440        2.01393811851740     
   133.499996394503        2.01383940279775     
   133.599996388566        2.01374325067291     
   133.699996382629        2.01364960067606     
   133.799996376692        2.01355839241360     
   133.899996370756        2.01346956655310     
   133.999996364819        2.01338306481571     
   134.099996358882        2.01329882996684     
   134.199996352945        2.01321680581095     
   134.299996347008        2.01313693718406     
   134.399996341071        2.01305916995033     
   134.499996335135        2.01298345099593     
   134.599996329198        2.01290972822569     
   134.699996323261        2.01283795055915     
   134.799996317324        2.01276806792563     
   134.899996311387        2.01270003126199     
   134.999996305451        2.01263379250697     
   135.099996299514        2.01256930459791     
   135.199996293577        2.01250652146655     
   135.299996287640        2.01244539803269     
   135.399996281703        2.01238589020074     
   135.499996275766        2.01232795485336     
   135.599996269830        2.01227154984414     
   135.699996263893        2.01221663399250     
   135.799996257956        2.01216316707607     
   135.899996252019        2.01211110982149     
   135.999996246082        2.01206042389712     
   136.099996240146        2.01201107190452     
   136.199996234209        2.01196301736740     
   136.299996228272        2.01191622472139     
   136.399996222335        2.01187065930472     
   136.499996216398        2.01182628734599     
   136.599996210461        2.01178307595166     
   136.699996204525        2.01174099309351     
   136.799996198588        2.01170000759742     
   136.899996192651        2.01166008912880     
   136.999996186714        2.01162120817816     
   137.099996180777        2.01158333604677     
   137.199996174841        2.01154644483358     
   137.299996168904        2.01151050741945     
   137.399996162967        2.01147549745150     
   137.499996157030        2.01144138932705     
   137.599996151093        2.01140815817820     
   137.699996145156        2.01137577985696     
   137.799996139220        2.01134423091808     
   137.899996133283        2.01131348860276     
   137.999996127346        2.01128353082176     
   138.099996121409        2.01125433613879     
   138.199996115472        2.01122588375530     
   138.299996109536        2.01119815349359     
   138.399996103599        2.01117112577978     
   138.499996097662        2.01114478162777     
   138.599996091725        2.01111910262191     
   138.699996085788        2.01109407090139     
   138.799996079851        2.01106966914450     
   138.899996073915        2.01104588055328     
   138.999996067978        2.01102268883699     
   139.099996062041        2.01100007819655     
   139.199996056104        2.01097803330940     
   139.299996050167        2.01095653931441     
   139.399996044231        2.01093558179636     
   139.499996038294        2.01091514677255     
   139.599996032357        2.01089522067927     
   139.699996026420        2.01087579035683     
   139.799996020483        2.01085684303627     
   139.899996014546        2.01083836632598     
   139.999996008610        2.01082034819920     
   140.099996002673        2.01080277698063     
   140.199995996736        2.01078564133498     
   140.299995990799        2.01076893025440     
   140.399995984862        2.01075263304752     
   140.499995978926        2.01073673932936     
   140.599995972989        2.01072123900926     
   140.699995967052        2.01070612228073     
   140.799995961115        2.01069137961164     
   140.899995955178        2.01067700173375     
   140.999995949241        2.01066297963435     
   141.099995943305        2.01064930454605     
   141.199995937368        2.01063596793929     
   141.299995931431        2.01062296151307     
   141.399995925494        2.01061027718727     
   141.499995919557        2.01059790709440     
   141.599995913621        2.01058584357344     
   141.699995907684        2.01057407916267     
   141.799995901747        2.01056260659220     
   141.899995895810        2.01055141877749     
   141.999995889873        2.01054050881357     
   142.099995883936        2.01052986996819     
   142.199995878000        2.01051949567723     
   142.299995872063        2.01050937953839     
   142.399995866126        2.01049951530685     
   142.499995860189        2.01048989688938     
   142.599995854252        2.01048051834040     
   142.699995848316        2.01047137385701     
   142.799995842379        2.01046245777539     
   142.899995836442        2.01045376456544     
   142.999995830505        2.01044528882770     
   143.099995824568        2.01043702528972     
   143.199995818631        2.01042896880216     
   143.299995812695        2.01042111433613     
   143.399995806758        2.01041345697954     
   143.499995800821        2.01040599193432     
   143.599995794884        2.01039871451233     
   143.699995788947        2.01039162013373     
   143.799995783011        2.01038470432404     
   143.899995777074        2.01037796271050     
   143.999995771137        2.01037139102144     
   144.099995765200        2.01036498508241     
   144.199995759263        2.01035874081417     
   144.299995753326        2.01035265423192     
   144.399995747390        2.01034672144100     
   144.499995741453        2.01034093863602     
   144.599995735516        2.01033530209927     
   144.699995729579        2.01032980819853     
   144.799995723642        2.01032445338448     
   144.899995717706        2.01031923419059     
   144.999995711769        2.01031414723011     
   145.099995705832        2.01030918919407     
   145.199995699895        2.01030435685180     
   145.299995693958        2.01029964704630     
   145.399995688021        2.01029505669598     
   145.499995682085        2.01029058279058     
   145.599995676148        2.01028622239141     
   145.699995670211        2.01028197262780     
   145.799995664274        2.01027783070001     
   145.899995658337        2.01027379387099     
   145.999995652401        2.01026985947332     
   146.099995646464        2.01026602490007     
   146.199995640527        2.01026228761041     
   146.299995634590        2.01025864512426     
   146.399995628653        2.01025509502043     
   146.499995622716        2.01025163493911     
   146.599995616780        2.01024826257774     
   146.699995610843        2.01024497568924     
   146.799995604906        2.01024177208276     
   146.899995598969        2.01023864962233     
   146.999995593032        2.01023560622531     
   147.099995587096        2.01023263986005     
   147.199995581159        2.01022974854830     
   147.299995575222        2.01022693035851     
   147.399995569285        2.01022418341121     
   147.499995563348        2.01022150587217     
   147.599995557411        2.01021889595575     
   147.699995551475        2.01021635192059     
   147.799995545538        2.01021387207078     
   147.899995539601        2.01021145475417     
   147.999995533664        2.01020909836057     
   148.099995527727        2.01020680132130     
   148.199995521791        2.01020456211001     
   148.299995515854        2.01020237923857     
   148.399995509917        2.01020025125842     
   148.499995503980        2.01019817675858     
   148.599995498043        2.01019615436328     
   148.699995492106        2.01019418273528     
   148.799995486170        2.01019226057274     
   148.899995480233        2.01019038660473     
   148.999995474296        2.01018855959570     
   149.099995468359        2.01018677834507     
   149.199995462422        2.01018504168066     
   149.299995456486        2.01018334845969     
   149.399995450549        2.01018169757673     
   149.499995444612        2.01018008794486     
   149.599995438675        2.01017851851735     
   149.699995432738        2.01017698826480     
   149.799995426802        2.01017549619358     
   149.899995420865        2.01017404132902     
   149.999995414928        2.01017262272790     
