   95.0999986742407       0.000000000000000E+000
   95.1999986683039       0.000000000000000E+000
   95.2999986623671       0.000000000000000E+000
   95.3999986564303       0.000000000000000E+000
   95.4999986504935       0.000000000000000E+000
   95.5999986445566       0.000000000000000E+000
   95.6999986386198       0.000000000000000E+000
   95.7999986326830       0.000000000000000E+000
   95.8999986267462       0.000000000000000E+000
   95.9999986208094       0.000000000000000E+000
   96.0999986148725       0.000000000000000E+000
   96.1999986089357       0.000000000000000E+000
   96.2999986029989       0.000000000000000E+000
   96.3999985970621       0.000000000000000E+000
   96.4999985911253       0.000000000000000E+000
   96.5999985851885       0.000000000000000E+000
   96.6999985792516       0.000000000000000E+000
   96.7999985733148       0.000000000000000E+000
   96.8999985673780       0.000000000000000E+000
   96.9999985614412       0.000000000000000E+000
   97.0999985555044       0.000000000000000E+000
   97.1999985495676       0.000000000000000E+000
   97.2999985436307       0.000000000000000E+000
   97.3999985376939       0.000000000000000E+000
   97.4999985317571       0.000000000000000E+000
   97.5999985258203       0.000000000000000E+000
   97.6999985198835       0.000000000000000E+000
   97.7999985139466       0.000000000000000E+000
   97.8999985080098       0.000000000000000E+000
   97.9999985020730       0.000000000000000E+000
   98.0999984961362       0.000000000000000E+000
   98.1999984901994       0.000000000000000E+000
   98.2999984842626       0.000000000000000E+000
   98.3999984783257       0.000000000000000E+000
   98.4999984723889       0.000000000000000E+000
   98.5999984664521       0.000000000000000E+000
   98.6999984605153       0.000000000000000E+000
   98.7999984545785       0.000000000000000E+000
   98.8999984486417       0.000000000000000E+000
   98.9999984427048       0.000000000000000E+000
   99.0999984367680       0.000000000000000E+000
   99.1999984308312       0.000000000000000E+000
   99.2999984248944       0.000000000000000E+000
   99.3999984189576       0.000000000000000E+000
   99.4999984130207       0.000000000000000E+000
   99.5999984070839       0.000000000000000E+000
   99.6999984011471       0.000000000000000E+000
   99.7999983952103       0.000000000000000E+000
   99.8999983892735       0.000000000000000E+000
   99.9999983833367       0.000000000000000E+000
   100.099998377400       9.173434243834985E-002
   100.199998371463       9.156035887395127E-002
   100.299998365526       9.139344074135508E-002
   100.399998359589       9.122927144992916E-002
   100.499998353653       9.106658556238065E-002
   100.599998347716       9.090481238468047E-002
   100.699998341779       9.074358126335251E-002
   100.799998335842       9.058260849832804E-002
   100.899998329905       9.042166588747952E-002
   100.999998323968       9.026056570352854E-002
   101.099998318032       9.009914866683666E-002
   101.199998312095       8.993727470215056E-002
   101.299998306158       8.977481710578855E-002
   101.399998300221       8.961165915562957E-002
   101.499998294284       8.944769188755036E-002
   101.599998288348       8.928281235263431E-002
   101.699998282411       8.911692217722710E-002
   101.799998276474       8.894992642040077E-002
   101.899998270537       8.878173273197476E-002
   101.999998264600       8.861225080393441E-002
   102.099998258663       8.844139210890788E-002
   102.199998252727       8.826906990914898E-002
   102.299998246790       8.809519947587345E-002
   102.399998240853       8.791969838784089E-002
   102.499998234916       8.774248672469412E-002
   102.599998228979       8.756348699262888E-002
   102.699998223043       8.738262372976789E-002
   102.799998217106       8.719982287558233E-002
   102.899998211169       8.701501106904938E-002
   102.999998205232       8.682811503094717E-002
   103.099998199295       8.663906111840058E-002
   103.199998193358       8.644777506678579E-002
   103.299998187422       8.625418188716164E-002
   103.399998181485       8.605820587069690E-002
   103.499998175548       8.585977065486505E-002
   103.599998169611       8.565879931789630E-002
   103.699998163674       8.545521448036941E-002
   103.799998157738       8.524893840274833E-002
   103.899998151801       8.503989307424795E-002
   103.999998145864       8.482800029229200E-002
   104.099998139927       8.461318173375722E-002
   104.199998133990       8.439535901995783E-002
   104.299998128054       8.417445377739885E-002
   104.399998122117       8.395038769612082E-002
   104.499998116180       8.372308258711086E-002
   104.599998110243       8.349246043992685E-002
   104.699998104306       8.325844348137124E-002
   104.799998098369       8.302095423582032E-002
   104.899998092433       8.277991558761350E-002
   104.999998086496       8.253525084578532E-002
   105.099998080559       8.228688381130767E-002
   105.199998074622       8.203473884694720E-002
   105.299998068685       8.177874094979244E-002
   105.399998062749       8.151881582646267E-002
   105.499998056812       8.125488997100991E-002
   105.599998050875       8.098689074547187E-002
   105.699998044938       8.071474646305687E-002
   105.799998039001       8.043838647391259E-002
   105.899998033064       8.015774125342805E-002
   105.999998027128       7.987274249301052E-002
   106.099998021191       7.958332319327255E-002
   106.199998015254       7.928941775955688E-002
   106.299998009317       7.899096209971856E-002
   106.399998003380       7.868789372407599E-002
   106.499997997444       7.838015184743569E-002
   106.599997991507       7.806767749308169E-002
   106.699997985570       7.775041359861534E-002
   106.799997979633       7.742830512351627E-002
   106.899997973696       7.710129915829037E-002
   106.999997967759       7.676934503504833E-002
   107.099997961823       7.643239443935948E-002
   107.199997955886       7.609040152320051E-002
   107.299997949949       7.574332301881603E-002
   107.399997944012       7.539111835328717E-002
   107.499997938075       7.503374976359617E-002
   107.599997932139       7.467118241195778E-002
   107.699997926202       7.430338450117943E-002
   107.799997920265       7.393032738979316E-002
   107.899997914328       7.355198570669699E-002
   107.999997908391       7.316833746501646E-002
   108.099997902454       7.277936417490599E-002
   108.199997896518       7.238505095497619E-002
   108.299997890581       7.198538664203545E-002
   108.399997884644       7.158036389881658E-002
   108.499997878707       7.116997931935398E-002
   108.599997872770       7.075423353166214E-002
   108.699997866834       7.033313129736374E-002
   108.799997860897       6.990668160790420E-002
   108.899997854960       6.947489777698342E-002
   108.999997849023       6.903779752883600E-002
   109.099997843086       6.859540308197935E-002
   109.199997837149       6.814774122805657E-002
   109.299997831213       6.769484340539052E-002
   109.399997825276       6.723674576687728E-002
   109.499997819339       6.677348924184066E-002
   109.599997813402       6.630511959148094E-002
   109.699997807465       6.583168745755645E-002
   109.799997801529       6.535324840393680E-002
   109.899997795592       6.486986295069444E-002
   109.999997789655       6.438159660039547E-002
   110.099997783718       6.388851985627608E-002
   110.199997777781       6.339070823200356E-002
   110.299997771844       6.288824225274178E-002
   110.399997765908       6.238120744725714E-002
   110.499997759971       6.186969433082981E-002
   110.599997754034       6.135379837875215E-002
   110.699997748097       6.083361999023034E-002
   110.799997742160       6.030926444252604E-002
   110.899997736224       5.978084183521012E-002
   110.999997730287       5.924846702442771E-002
   111.099997724350       5.871225954711096E-002
   111.199997718413       5.817234353510371E-002
   111.299997712476       5.762884761920577E-002
   111.399997706539       5.708190482317248E-002
   111.499997700603       5.653165244774849E-002
   111.599997694666       5.597823194484848E-002
   111.699997688729       5.542178878203740E-002
   111.799997682792       5.486247229750117E-002
   111.899997676855       5.430043554573637E-002
   111.999997670919       5.373583513422459E-002
   112.099997664982       5.316883105139806E-002
   112.199997659045       5.259958648623555E-002
   112.299997653108       5.202826763986621E-002
   112.399997647171       5.145504352959536E-002
   112.499997641234       5.088008578579351E-002
   112.599997635298       5.030356844212941E-002
   112.699997629361       4.972566771965163E-002
   112.799997623424       4.914656180525546E-002
   112.899997617487       4.856643062509412E-002
   112.999997611550       4.798545561351968E-002
   113.099997605614       4.740381947815685E-002
   113.199997599677       4.682170596173491E-002
   113.299997593740       4.623929960131284E-002
   113.399997587803       4.565678548555001E-002
   113.499997581866       4.507434901068186E-002
   113.599997575929       4.449217563586538E-002
   113.699997569993       4.391045063856384E-002
   113.799997564056       4.332935887064045E-002
   113.899997558119       4.274908451582399E-002
   113.999997552182       4.216981084920772E-002
   114.099997546245       4.159171999942982E-002
   114.199997540309       4.101499271417348E-002
   114.299997534372       4.043980812960599E-002
   114.399997528435       3.986634354436309E-002
   114.499997522498       3.929477419865861E-002
   114.599997516561       3.872527305907938E-002
   114.699997510624       3.815801060959791E-002
   114.799997504688       3.759315464930799E-002
   114.899997498751       3.703087009735782E-002
   114.999997492814       3.647131880552375E-002
   115.099997486877       3.591465937883435E-002
   115.199997480940       3.536104700461887E-002
   115.299997475004       3.481063329031940E-002
   115.399997469067       3.426356611036781E-002
   115.499997463130       3.371998946239290E-002
   115.599997457193       3.318004333298177E-002
   115.699997451256       3.264386357318633E-002
   115.799997445319       3.211158178392154E-002
   115.899997439383       3.158332521136950E-002
   115.999997433446       3.105921665246187E-002
   116.099997427509       3.053937437047863E-002
   116.199997421572       3.002391202076308E-002
   116.299997415635       2.951293858652006E-002
   116.399997409699       2.900655832462765E-002
   116.499997403762       2.850487072136253E-002
   116.599997397825       2.800797045790623E-002
   116.699997391888       2.751594738546983E-002
   116.799997385951       2.702888650984785E-002
   116.899997380014       2.654686798518485E-002
   116.999997374078       2.606996711671382E-002
   117.099997368141       2.559825437220343E-002
   117.199997362204       2.513179540183042E-002
   117.299997356267       2.467065106617479E-002
   117.399997350330       2.421487747201906E-002
   117.499997344394       2.376452601561804E-002
   117.599997338457       2.331964343309323E-002
   117.699997332520       2.288027185759390E-002
   117.799997326583       2.244644888286748E-002
   117.899997320646       2.201820763284738E-002
   117.999997314709       2.159557683690782E-002
   118.099997308773       2.117858091038535E-002
   118.199997302836       2.076724003999353E-002
   118.299997296899       2.036157027374789E-002
   118.399997290962       1.996158361502127E-002
   118.499997285025       1.956728812035285E-002
   118.599997279089       1.917868800063860E-002
   118.699997273152       1.879578372533678E-002
   118.799997267215       1.841857212932896E-002
   118.899997261278       1.804704652208476E-002
   118.999997255341       1.768119679878822E-002
   119.099997249404       1.732100955309250E-002
   119.199997243468       1.696646819118137E-002
   119.299997237531       1.661755304682604E-002
   119.399997231594       1.627424149713898E-002
   119.499997225657       1.593650807873781E-002
   119.599997219720       1.560432460404559E-002
   119.699997213784       1.527766027746672E-002
   119.799997207847       1.495648181119124E-002
   119.899997201910       1.464075354039376E-002
   119.999997195973       1.433043753760654E-002
   120.099997190036       1.406654559913525E-002
   120.199997184100       1.380159815607083E-002
   120.299997178163       1.353693748685715E-002
   120.399997172226       1.327321217317729E-002
   120.499997166289       1.301094664408320E-002
   120.599997160352       1.275056899806551E-002
   120.699997154415       1.249243034394397E-002
   120.799997148479       1.223681968975208E-002
   120.899997142542       1.198397557022671E-002
   120.999997136605       1.173409525726677E-002
   121.099997130668       1.148734218789478E-002
   121.199997124731       1.124385213656138E-002
   121.299997118795       1.100373853181001E-002
   121.399997112858       1.076709666181117E-002
   121.499997106921       1.053400553049322E-002
   121.599997100984       1.030452822241429E-002
   121.699997095047       1.007871413921759E-002
   121.799997089110       9.856602562682882E-003
   121.899997083174       9.638225113332297E-003
   121.999997077237       9.423606805605604E-003
   122.099997071300       9.212766340027866E-003
   122.199997065363       9.005716116661318E-003
   122.299997059426       8.802462216736679E-003
   122.399997053490       8.603004441178227E-003
   122.499997047553       8.407336419917838E-003
   122.599997041616       8.215445791495218E-003
   122.699997035679       8.027314454954911E-003
   122.799997029742       7.842918893737474E-003
   122.899997023805       7.662230564173162E-003
   122.999997017869       7.485216334338801E-003
   123.099997011932       7.311838955145135E-003
   123.199997005995       7.142057544863776E-003
   123.299997000058       6.975828070079066E-003
   123.399996994121       6.813103809212525E-003
   123.499996988185       6.653835788439582E-003
   123.599996982248       6.497973183376987E-003
   123.699996976311       6.345463683009177E-003
   123.799996970374       6.196253814787115E-003
   123.899996964437       6.050289231655561E-003
   123.999996958500       5.907514963007131E-003
   124.099996952564       5.767875632325282E-003
   124.199996946627       5.631315644668409E-003
   124.299996940690       5.497779347268571E-003
   124.399996934753       5.367211166452395E-003
   124.499996928816       5.239555723907967E-003
   124.599996922880       5.114757935071060E-003
   124.699996916943       4.992763092121333E-003
   124.799996911006       4.873516933791426E-003
   124.899996905069       4.756965703912892E-003
   124.999996899132       4.643056200363952E-003
   125.099996893195       4.531735815848877E-003
   125.199996887259       4.422952571729710E-003
   125.299996881322       4.316655145947851E-003
   125.399996875385       4.212792895914388E-003
   125.499996869448       4.111315877111669E-003
   125.599996863511       4.012174858032582E-003
   125.699996857575       3.915321331985334E-003
   125.799996851638       3.820707526208635E-003
   125.899996845701       3.728286408672060E-003
   125.999996839764       3.638011692878167E-003
   126.099996833827       3.549837840933020E-003
   126.199996827890       3.463720065112313E-003
   126.299996821954       3.379614328114366E-003
   126.399996816017       3.297477342164006E-003
   126.499996810080       3.217266567106942E-003
   126.599996804143       3.138940207614590E-003
   126.699996798206       3.062457209602615E-003
   126.799996792270       2.987777255952684E-003
   126.899996786333       2.914860761615218E-003
   126.999996780396       2.843668868161267E-003
   127.099996774459       2.774163437843314E-003
   127.199996768522       2.706307047218021E-003
   127.299996762585       2.640062980377941E-003
   127.399996756649       2.575395221834300E-003
   127.499996750712       2.512268449088660E-003
   127.599996744775       2.450648024927601E-003
   127.699996738838       2.390499989471428E-003
   127.799996732901       2.331791052005109E-003
   127.899996726965       2.274488582617310E-003
   127.999996721028       2.218560603671212E-003
   128.099996715091       2.163975781128995E-003
   128.199996709154       2.110703415750157E-003
   128.299996703217       2.058713434182311E-003
   128.399996697280       2.007976379961892E-003
   128.499996691344       1.958463404440819E-003
   128.599996685407       1.910146257654109E-003
   128.699996679470       1.862997279142461E-003
   128.799996673533       1.816989388742778E-003
   128.899996667596       1.772096077358811E-003
   128.999996661660       1.728291397723235E-003
   129.099996655723       1.685549955161752E-003
   129.199996649786       1.643846898369041E-003
   129.299996643849       1.603157910205755E-003
   129.399996637912       1.563459198525175E-003
   129.499996631975       1.524727487037358E-003
   129.599996626039       1.486940006217580E-003
   129.699996620102       1.450074484270444E-003
   129.799996614165       1.414109138144324E-003
   129.899996608228       1.379022664618117E-003
   129.999996602291       1.344794231453213E-003
   130.099996596355       1.311403468621032E-003
   130.199996590418       1.278830459609781E-003
   130.299996584481       1.247055732814623E-003
   130.399996578544       1.216060253015159E-003
   130.499996572607       1.185825412943745E-003
   130.599996566670       1.156333024947871E-003
   130.699996560734       1.127565312749448E-003
   130.799996554797       1.099504903303642E-003
   130.899996548860       1.072134818759552E-003
   130.999996542923       1.045438468524811E-003
   131.099996536986       1.019399641435905E-003
   131.199996531050       9.940024980358043E-004
   131.299996525113       9.692315629602599E-004
   131.399996519176       9.450717174339102E-004
   131.499996513239       9.215081918771624E-004
   131.599996507302       8.985265586246166E-004
   131.699996501365       8.761127247556254E-004
   131.799996495429       8.542529250374224E-004
   131.899996489492       8.329337149811125E-004
   131.999996483555       8.121419640106433E-004
   132.099996477618       7.918648487447781E-004
   132.199996471681       7.720898463919441E-004
   132.299996465745       7.528047282577019E-004
   132.399996459808       7.339975533645052E-004
   132.499996453871       7.156566621833251E-004
   132.599996447934       6.977706704765204E-004
   132.699996441997       6.803284632513823E-004
   132.799996436060       6.633191888236374E-004
   132.899996430124       6.467322529900946E-004
   132.999996424187       6.305573133095901E-004
   133.099996418250       6.147842734913132E-004
   133.199996412313       5.994032778895174E-004
   133.299996406376       5.844047061035976E-004
   133.399996400440       5.697791676824401E-004
   133.499996394503       5.555174969319209E-004
   133.599996388566       5.416107478243836E-004
   133.699996382629       5.280501890088937E-004
   133.799996376692       5.148272989210264E-004
   133.899996370756       5.019337609909292E-004
   133.999996364819       4.893614589483619E-004
   134.099996358882       4.771024722234056E-004
   134.199996352945       4.651490714414989E-004
   134.299996347008       4.534937140114586E-004
   134.399996341071       4.421290398051165E-004
   134.499996335135       4.310478669272036E-004
   134.599996329198       4.202431875740838E-004
   134.699996323261       4.097081639799601E-004
   134.799996317324       3.994361244491470E-004
   134.899996311387       3.894205594730196E-004
   134.999996305451       3.796551179302236E-004
   135.099996299514       3.701336033687708E-004
   135.199996293577       3.608499703685927E-004
   135.299996287640       3.517983209831874E-004
   135.399996281703       3.429729012589543E-004
   135.499996275766       3.343680978308358E-004
   135.599996269830       3.259784345928991E-004
   135.699996263893       3.177985694424816E-004
   135.799996257956       3.098232910965568E-004
   135.899996252019       3.020475159789605E-004
   135.999996246082       2.944662851771483E-004
   136.099996240146       2.870747614671673E-004
   136.199996234209       2.798682264055227E-004
   136.299996228272       2.728420774866539E-004
   136.399996222335       2.659918253647232E-004
   136.499996216398       2.593130911384653E-004
   136.599996210461       2.528016036978321E-004
   136.699996204525       2.464531971312082E-004
   136.799996198588       2.402638081919595E-004
   136.899996192651       2.342294738231265E-004
   136.999996186714       2.283463287390616E-004
   137.099996180777       2.226106030628450E-004
   137.199996174841       2.170186200183209E-004
   137.299996168904       2.115667936756138E-004
   137.399996162967       2.062516267490145E-004
   137.499996157030       2.010697084461151E-004
   137.599996151093       1.960177123671235E-004
   137.699996145156       1.910923944532777E-004
   137.799996139220       1.862905909833140E-004
   137.899996133283       1.816092166169521E-004
   137.999996127346       1.770452624843870E-004
   138.099996121409       1.725957943207792E-004
   138.199996115472       1.682579506447707E-004
   138.299996109536       1.640289409800548E-004
   138.399996103599       1.599060441190674E-004
   138.499996097662       1.558866064278483E-004
   138.599996091725       1.519680401911771E-004
   138.699996085788       1.481478219970867E-004
   138.799996079851       1.444234911598648E-004
   138.899996073915       1.407926481806893E-004
   138.999996067978       1.372529532450593E-004
   139.099996062041       1.338021247561704E-004
   139.199996056104       1.304379379034419E-004
   139.299996050167       1.271582232653949E-004
   139.399996044231       1.239608654460861E-004
   139.499996038294       1.208438017443473E-004
   139.599996032357       1.178050208550759E-004
   139.699996026420       1.148425616018378E-004
   139.799996020483       1.119545117000583E-004
   139.899996014546       1.091390065501144E-004
   139.999996008610       1.063942280596099E-004
   140.099996002673       1.037184034941835E-004
   140.199995996736       1.011098043561694E-004
   140.299995990799       9.856674529046855E-005
   140.399995984862       9.608758301699950E-005
   140.499995978926       9.367071528909746E-005
   140.599995972989       9.131457987726673E-005
   140.699995967052       8.901765357768151E-005
   140.799995961115       8.677845124485445E-005
   140.899995955178       8.459552484790982E-005
   140.999995949241       8.246746254989877E-005
   141.099995943305       8.039288780961249E-005
   141.199995937368       7.837045850536200E-005
   141.299995931431       7.639886608020313E-005
   141.399995925494       7.447683470809702E-005
   141.499995919557       7.260312048050752E-005
   141.599995913621       7.077651061294867E-005
   141.699995907684       6.899582267100864E-005
   141.799995901747       6.725990381537923E-005
   141.899995895810       6.556763006544028E-005
   141.999995889873       6.391790558095539E-005
   142.099995883936       6.230966196143707E-005
   142.199995878000       6.074185756277048E-005
   142.299995872063       5.921347683066116E-005
   142.399995866126       5.772352965051973E-005
   142.499995860189       5.627105071338001E-005
   142.599995854252       5.485509889745578E-005
   142.699995848316       5.347475666497769E-005
   142.799995842379       5.212912947391617E-005
   142.899995836442       5.081734520424720E-005
   142.999995830505       4.953855359841013E-005
   143.099995824568       4.829192571559321E-005
   143.199995818631       4.707665339953319E-005
   143.299995812695       4.589194875948936E-005
   143.399995806758       4.473704366407107E-005
   143.499995800821       4.361118924761115E-005
   143.599995794884       4.251365542877216E-005
   143.699995788947       4.144373044109313E-005
   143.799995783011       4.040072037518213E-005
   143.899995777074       3.938394873227408E-005
   143.999995771137       3.839275598886264E-005
   144.099995765200       3.742649917216049E-005
   144.199995759263       3.648455144608841E-005
   144.299995753326       3.556630170757460E-005
   144.399995747390       3.467115419287045E-005
   144.499995741453       3.379852809367193E-005
   144.599995735516       3.294785718278402E-005
   144.699995729579       3.211858944909987E-005
   144.799995723642       3.131018674167120E-005
   144.899995717706       3.052212442263598E-005
   144.999995711769       2.975389102879169E-005
   145.099995705832       2.900498794160273E-005
   145.199995699895       2.827492906542828E-005
   145.299995693958       2.756324051377208E-005
   145.399995688021       2.686946030335604E-005
   145.499995682085       2.619313805581710E-005
   145.599995676148       2.553383470685791E-005
   145.699995670211       2.489112222264107E-005
   145.799995664274       2.426458332326868E-005
   145.899995658337       2.365381121316434E-005
   145.999995652401       2.305840931818319E-005
   146.099995646464       2.247799102929147E-005
   146.199995640527       2.191217945264640E-005
   146.299995634590       2.136060716591806E-005
   146.399995628653       2.082291598070529E-005
   146.499995622716       2.029875671088268E-005
   146.599995616780       1.978778894674747E-005
   146.699995610843       1.928968083480335E-005
   146.799995604906       1.880410886305831E-005
   146.899995598969       1.833075765168794E-005
   146.999995593032       1.786931974894226E-005
   147.099995587096       1.741949543214591E-005
   147.199995581159       1.698099251369414E-005
   147.299995575222       1.655352615189110E-005
   147.399995569285       1.613681866652814E-005
   147.499995563348       1.573059935908209E-005
   147.599995557411       1.533460433740880E-005
   147.699995551475       1.494857634483079E-005
   147.799995545538       1.457226459350756E-005
   147.899995539601       1.420542460197145E-005
   147.999995533664       1.384781803674641E-005
   148.099995527727       1.349921255791979E-005
   148.199995521791       1.315938166859859E-005
   148.299995515854       1.282810456812711E-005
   148.399995509917       1.250516600898786E-005
   148.499995503980       1.219035615729428E-005
   148.599995498043       1.188347045677010E-005
   148.699995492106       1.158430949615108E-005
   148.799995486170       1.129267887990110E-005
   148.899995480233       1.100838910217876E-005
   148.999995474296       1.073125542395778E-005
   149.099995468359       1.046109775323550E-005
   149.199995462422       1.019774052824496E-005
   149.299995456486       9.941012603592586E-006
   149.399995450549       9.690747139258477E-006
   149.499995444612       9.446781492378222E-006
   149.599995438675       9.208957111739816E-006
   149.699995432738       8.977119434934891E-006
   149.799995426802       8.751117788081443E-006
   149.899995420865       8.530805288069321E-006
   149.999995414928       8.316038747261760E-006
