   95.0999986742407      -1.935726975016081E-002
   95.1999986683039      -1.935726975048545E-002
   95.2999986623671      -1.935726975081011E-002
   95.3999986564303      -1.935726975113480E-002
   95.4999986504935      -1.935726975145950E-002
   95.5999986445566      -1.935726975178423E-002
   95.6999986386198      -1.935726975210898E-002
   95.7999986326830      -1.935726975243375E-002
   95.8999986267462      -1.935726975275853E-002
   95.9999986208094      -1.935726975308334E-002
   96.0999986148725      -1.935726975340817E-002
   96.1999986089357      -1.935726975373303E-002
   96.2999986029989      -1.935726975405790E-002
   96.3999985970621      -1.935726975438280E-002
   96.4999985911253      -1.935726975470772E-002
   96.5999985851885      -1.935726975503265E-002
   96.6999985792516      -1.935726975535761E-002
   96.7999985733148      -1.935726975568260E-002
   96.8999985673780      -1.935726975600759E-002
   96.9999985614412      -1.935726975633261E-002
   97.0999985555044      -1.935726975665766E-002
   97.1999985495676      -1.935726975698273E-002
   97.2999985436307      -1.935726975730782E-002
   97.3999985376939      -1.935726975763292E-002
   97.4999985317571      -1.935726975795805E-002
   97.5999985258203      -1.935726975828320E-002
   97.6999985198835      -1.935726975860837E-002
   97.7999985139466      -1.935726975893357E-002
   97.8999985080098      -1.935726975925878E-002
   97.9999985020730      -1.935726975958401E-002
   98.0999984961362      -1.935726975990927E-002
   98.1999984901994      -1.935726976023456E-002
   98.2999984842626      -1.935726976055985E-002
   98.3999984783257      -1.935726976088517E-002
   98.4999984723889      -1.935726976121051E-002
   98.5999984664521      -1.935726976153588E-002
   98.6999984605153      -1.935726976186126E-002
   98.7999984545785      -1.935726976218666E-002
   98.8999984486417      -1.935726976251209E-002
   98.9999984427048      -1.935726976283754E-002
   99.0999984367680      -1.935726976316302E-002
   99.1999984308312      -1.935726976348850E-002
   99.2999984248944      -1.935726976381402E-002
   99.3999984189576      -1.935726976413955E-002
   99.4999984130207      -1.935726976446510E-002
   99.5999984070839      -1.935726976479068E-002
   99.6999984011471      -1.935726976511628E-002
   99.7999983952103      -1.935726976544189E-002
   99.8999983892735      -1.935726976576753E-002
   99.9999983833367      -1.935726976609319E-002
   100.099998377400      -1.900421373723708E-002
   100.199998371463      -1.887679385470157E-002
   100.299998365526      -1.866380158546253E-002
   100.399998359589      -1.840148978531638E-002
   100.499998353653      -1.810989069445633E-002
   100.599998347716      -1.781289762646235E-002
   100.699998341779      -1.754369543685655E-002
   100.799998335842      -1.733367839907672E-002
   100.899998329905      -1.719554016175469E-002
   100.999998323968      -1.712129824530050E-002
   101.099998318032      -1.709285140219894E-002
   101.199998312095      -1.709150676153121E-002
   101.299998306158      -1.710226581160548E-002
   101.399998300221      -1.711467171623478E-002
   101.499998294284      -1.712224135545111E-002
   101.599998288348      -1.712152348159514E-002
   101.699998282411      -1.711118861605635E-002
   101.799998276474      -1.709127768021043E-002
   101.899998270537      -1.706263117636046E-002
   101.999998264600      -1.702648281910770E-002
   102.099998258663      -1.698418856367138E-002
   102.199998252727      -1.693705978502518E-002
   102.299998246790      -1.688627259871476E-002
   102.399998240853      -1.683283053010116E-002
   102.499998234916      -1.677756231520461E-002
   102.599998228979      -1.672113975420086E-002
   102.699998223043      -1.666410339211709E-002
   102.799998217106      -1.660688763619519E-002
   102.899998211169      -1.654984134182189E-002
   102.999998205232      -1.649324339824470E-002
   103.099998199295      -1.643731453092658E-002
   103.199998193358      -1.638222672963400E-002
   103.299998187422      -1.632811124740535E-002
   103.399998181485      -1.627506561723314E-002
   103.499998175548      -1.622315982999883E-002
   103.599998169611      -1.617244169911687E-002
   103.699998163674      -1.612294142466508E-002
   103.799998157738      -1.607467539607657E-002
   103.899998151801      -1.602764930144738E-002
   103.999998145864      -1.598186062980970E-002
   104.099998139927      -1.593730065882657E-002
   104.199998133990      -1.589395601722203E-002
   104.299998128054      -1.585180990266316E-002
   104.399998122117      -1.581084302473285E-002
   104.499998116180      -1.577103433113199E-002
   104.599998110243      -1.573236156449979E-002
   104.699998104306      -1.569480168780164E-002
   104.799998098369      -1.565833120826640E-002
   104.899998092433      -1.562292642331925E-002
   104.999998086496      -1.558856360671776E-002
   105.099998080559      -1.555521914893120E-002
   105.199998074622      -1.552286966256307E-002
   105.299998068685      -1.549149206107494E-002
   105.399998062749      -1.546106361712269E-002
   105.499998056812      -1.543156200532864E-002
   105.599998050875      -1.540296533314157E-002
   105.699998044938      -1.537525216258393E-002
   105.799998039001      -1.534840152500050E-002
   105.899998033064      -1.532239293043148E-002
   105.999998027128      -1.529720637282423E-002
   106.099998021191      -1.527282233203498E-002
   106.199998015254      -1.524922177332073E-002
   106.299998009317      -1.522638614487614E-002
   106.399998003380      -1.520429737382922E-002
   106.499997997444      -1.518293786101782E-002
   106.599997991507      -1.516229047480215E-002
   106.699997985570      -1.514233854409875E-002
   106.799997979633      -1.512306585079527E-002
   106.899997973696      -1.510445662166374E-002
   106.999997967759      -1.508649551987023E-002
   107.099997961823      -1.506916763615806E-002
   107.199997955886      -1.505245847976971E-002
   107.299997949949      -1.503635396916140E-002
   107.399997944012      -1.502084042255451E-002
   107.499997938075      -1.500590454836132E-002
   107.599997932139      -1.499153343552115E-002
   107.699997926202      -1.497771454377248E-002
   107.799997920265      -1.496443569389033E-002
   107.899997914328      -1.495168505790867E-002
   107.999997908391      -1.493945114934788E-002
   108.099997902454      -1.492772281346933E-002
   108.199997896518      -1.491648921756906E-002
   108.299997890581      -1.490573984132791E-002
   108.399997884644      -1.489546446723119E-002
   108.499997878707      -1.488565317106694E-002
   108.599997872770      -1.487629631252371E-002
   108.699997866834      -1.486738452588192E-002
   108.799997860897      -1.485890871082150E-002
   108.899997854960      -1.485086002334636E-002
   108.999997849023      -1.484322986683772E-002
   109.099997843086      -1.483600988323784E-002
   109.199997837149      -1.482919194437428E-002
   109.299997831213      -1.482276814342627E-002
   109.399997825276      -1.481673078654137E-002
   109.499997819339      -1.481107238460322E-002
   109.599997813402      -1.480578564515611E-002
   109.699997807465      -1.480086346448955E-002
   109.799997801529      -1.479629891988345E-002
   109.899997795592      -1.479208526202028E-002
   109.999997789655      -1.478821590756219E-002
   110.099997783718      -1.478468443189899E-002
   110.199997777781      -1.478148456206543E-002
   110.299997771844      -1.477861016983116E-002
   110.399997765908      -1.477605526496469E-002
   110.499997759971      -1.477381398867147E-002
   110.599997754034      -1.477188060720837E-002
   110.699997748097      -1.477024950567363E-002
   110.799997742160      -1.476891518197570E-002
   110.899997736224      -1.476787224097927E-002
   110.999997730287      -1.476711538882990E-002
   111.099997724350      -1.476663942745855E-002
   111.199997718413      -1.476643924926457E-002
   111.299997712476      -1.476650983197915E-002
   111.399997706539      -1.476684623370868E-002
   111.499997700603      -1.476744358815769E-002
   111.599997694666      -1.476829710003314E-002
   111.699997688729      -1.476940204062716E-002
   111.799997682792      -1.477075374358026E-002
   111.899997676855      -1.477234760082582E-002
   111.999997670919      -1.477417905871040E-002
   112.099997664982      -1.477624361429538E-002
   112.199997659045      -1.477853681183619E-002
   112.299997653108      -1.478105423943764E-002
   112.399997647171      -1.478379152588772E-002
   112.499997641234      -1.478674433766436E-002
   112.599997635298      -1.478990837611810E-002
   112.699997629361      -1.479327937482677E-002
   112.799997623424      -1.479685309712162E-002
   112.899997617487      -1.480062533378288E-002
   112.999997611550      -1.480459190090349E-002
   113.099997605614      -1.480874863791718E-002
   113.199997599677      -1.481309140579244E-002
   113.299997593740      -1.481761608538428E-002
   113.399997587803      -1.482231857594730E-002
   113.499997581866      -1.482719479380258E-002
   113.599997575929      -1.483224067115795E-002
   113.699997569993      -1.483745215507742E-002
   113.799997564056      -1.484282520659734E-002
   113.899997558119      -1.484835579998410E-002
   113.999997552182      -1.485403992213203E-002
   114.099997546245      -1.485987357209459E-002
   114.199997540309      -1.486585276074901E-002
   114.299997534372      -1.487197351058510E-002
   114.399997528435      -1.487823185561781E-002
   114.499997522498      -1.488462384141772E-002
   114.599997516561      -1.489114552525403E-002
   114.699997510624      -1.489779297634754E-002
   114.799997504688      -1.490456227622564E-002
   114.899997498751      -1.491144951917578E-002
   114.999997492814      -1.491845081279511E-002
   115.099997486877      -1.492556227862521E-002
   115.199997480940      -1.493278005287208E-002
   115.299997475004      -1.494010028720389E-002
   115.399997469067      -1.494751914962063E-002
   115.499997463130      -1.495503282539205E-002
   115.599997457193      -1.496263751805589E-002
   115.699997451256      -1.497032945047583E-002
   115.799997445319      -1.497810486594703E-002
   115.899997439383      -1.498596002935048E-002
   115.999997433446      -1.499389122834748E-002
   116.099997427509      -1.500189477460781E-002
   116.199997421572      -1.500996700507206E-002
   116.299997415635      -1.501810428323522E-002
   116.399997409699      -1.502630300045354E-002
   116.499997403762      -1.503455957726574E-002
   116.599997397825      -1.504287046472550E-002
   116.699997391888      -1.505123214573905E-002
   116.799997385951      -1.505964113640592E-002
   116.899997380014      -1.506809398735562E-002
   116.999997374078      -1.507658728507845E-002
   117.099997368141      -1.508511765324337E-002
   117.199997362204      -1.509368175400450E-002
   117.299997356267      -1.510227628928433E-002
   117.399997350330      -1.511089800203862E-002
   117.499997344394      -1.511954367749256E-002
   117.599997338457      -1.512821014435351E-002
   117.699997332520      -1.513689427597933E-002
   117.799997326583      -1.514559299153507E-002
   117.899997320646      -1.515430325708152E-002
   117.999997314709      -1.516302208665146E-002
   118.099997308773      -1.517174654326813E-002
   118.199997302836      -1.518047373992447E-002
   118.299997296899      -1.518920084051735E-002
   118.399997290962      -1.519792506072899E-002
   118.499997285025      -1.520664366886665E-002
   118.599997279089      -1.521535398664338E-002
   118.699997273152      -1.522405338991364E-002
   118.799997267215      -1.523273930935032E-002
   118.899997261278      -1.524140923107450E-002
   118.999997255341      -1.525006069722400E-002
   119.099997249404      -1.525869130647097E-002
   119.199997243468      -1.526729871448633E-002
   119.299997237531      -1.527588063434273E-002
   119.399997231594      -1.528443483686711E-002
   119.499997225657      -1.529295915093357E-002
   119.599997219720      -1.530145146370790E-002
   119.699997213784      -1.530990972083071E-002
   119.799997207847      -1.531833192654814E-002
   119.899997201910      -1.532671614379121E-002
   119.999997195973      -1.533506049419689E-002
   120.099997190036      -1.570944068616216E-002
   120.199997184100      -1.585643062859214E-002
   120.299997178163      -1.601637380251136E-002
   120.399997172226      -1.618676075847948E-002
   120.499997166289      -1.636534856164166E-002
   120.599997160352      -1.655047994551510E-002
   120.699997154415      -1.674089342889559E-002
   120.799997148479      -1.693559909592478E-002
   120.899997142542      -1.713379282955155E-002
   120.999997136605      -1.733478773139646E-002
   121.099997130668      -1.753793832284280E-002
   121.199997124731      -1.774252360427736E-002
   121.299997118795      -1.794760771555602E-002
   121.399997112858      -1.815216177591974E-002
   121.499997106921      -1.835558954707673E-002
   121.599997100984      -1.855759425010307E-002
   121.699997095047      -1.875730133153460E-002
   121.799997089110      -1.895289974247553E-002
   121.899997083174      -1.914176331046030E-002
   121.999997077237      -1.932067591917856E-002
   122.099997071300      -1.948616323330701E-002
   122.199997065363      -1.963497651987260E-002
   122.299997059426      -1.976463481506757E-002
   122.399997053490      -1.987382050137535E-002
   122.499997047553      -1.996246973538041E-002
   122.599997041616      -2.003157154838502E-002
   122.699997035679      -2.008282029338210E-002
   122.799997029742      -2.011826991978223E-002
   122.899997023805      -2.014006946080664E-002
   122.999997017869      -2.015029425347985E-002
   123.099997011932      -2.015085496844122E-002
   123.199997005995      -2.014345924541684E-002
   123.299997000058      -2.012960473141831E-002
   123.399996994121      -2.011058886234184E-002
   123.499996988185      -2.008752632167095E-002
   123.599996982248      -2.006136900967884E-002
   123.699996976311      -2.003292580822217E-002
   123.799996970374      -2.000288086836522E-002
   123.899996964437      -1.997180995002025E-002
   123.999996958500      -1.994019476141641E-002
   124.099996952564      -1.990843544326708E-002
   124.199996946627      -1.987686141822487E-002
   124.299996940690      -1.984574083715032E-002
   124.399996934753      -1.981528883466712E-002
   124.499996928816      -1.978567477540602E-002
   124.599996922880      -1.975702863963015E-002
   124.699996916943      -1.972944666729472E-002
   124.799996911006      -1.970299635504104E-002
   124.899996905069      -1.967772088143951E-002
   124.999996899132      -1.965364302145635E-002
   125.099996893195      -1.963076860079718E-002
   125.199996887259      -1.960908953351274E-002
   125.299996881322      -1.958858648123603E-002
   125.399996875385      -1.956923116884554E-002
   125.499996869448      -1.955098838878255E-002
   125.599996863511      -1.953381772422307E-002
   125.699996857575      -1.951767501949135E-002
   125.799996851638      -1.950251362451946E-002
   125.899996845701      -1.948828543842944E-002
   125.999996839764      -1.947494177567869E-002
   126.099996833827      -1.946243407647227E-002
   126.199996827890      -1.945071448138882E-002
   126.299996821954      -1.943973628842764E-002
   126.399996816017      -1.942945430893141E-002
   126.499996810080      -1.941982513718520E-002
   126.599996804143      -1.941080734685782E-002
   126.699996798206      -1.940236162592011E-002
   126.799996792270      -1.939445086037257E-002
   126.899996786333      -1.938704017546481E-002
   126.999996780396      -1.938009694250652E-002
   127.099996774459      -1.937359075755223E-002
   127.199996768522      -1.936749339783913E-002
   127.299996762585      -1.936177876072662E-002
   127.399996756649      -1.935642278917325E-002
   127.499996750712      -1.935140338712394E-002
   127.599996744775      -1.934670032759567E-002
   127.699996738838      -1.934229515572651E-002
   127.799996732901      -1.933817108864184E-002
   127.899996726965      -1.933431291359528E-002
   127.999996721028      -1.933070688555203E-002
   128.099996715091      -1.932734062509878E-002
   128.199996709154      -1.932420301737450E-002
   128.299996703217      -1.932128411250377E-002
   128.399996697280      -1.931857502791375E-002
   128.499996691344      -1.931606785277868E-002
   128.599996685407      -1.931375555476675E-002
   128.699996679470      -1.931163188920192E-002
   128.799996673533      -1.930969131072072E-002
   128.899996667596      -1.930792888748350E-002
   128.999996661660      -1.930634021799231E-002
   129.099996655723      -1.930492135058017E-002
   129.199996649786      -1.930366870565485E-002
   129.299996643849      -1.930257900080570E-002
   129.399996637912      -1.930164917890975E-002
   129.499996631975      -1.930087633939329E-002
   129.599996626039      -1.930025767293805E-002
   129.699996620102      -1.929979039974456E-002
   129.799996614165      -1.929947171162836E-002
   129.899996608228      -1.929929871844059E-002
   129.999996602291      -1.929926839885986E-002
   130.099996596355      -1.929937755600742E-002
   130.199996590418      -1.929962277816116E-002
   130.299996584481      -1.930000040485605E-002
   130.399996578544      -1.930050649864143E-002
   130.499996572607      -1.930113682271335E-002
   130.599996566670      -1.930188682459848E-002
   130.699996560734      -1.930275162600554E-002
   130.799996554797      -1.930372601888459E-002
   130.899996548860      -1.930480446766061E-002
   130.999996542923      -1.930598111752761E-002
   131.099996536986      -1.930724980859832E-002
   131.199996531050      -1.930860409562903E-002
   131.299996525113      -1.931003727293756E-002
   131.399996519176      -1.931154240407386E-002
   131.499996513239      -1.931311235571476E-002
   131.599996507302      -1.931473983520729E-002
   131.699996501365      -1.931641743111654E-002
   131.799996495429      -1.931813765610189E-002
   131.899996489492      -1.931989299143189E-002
   131.999996483555      -1.932167593243412E-002
   132.099996477618      -1.932347903414312E-002
   132.199996471681      -1.932529495651234E-002
   132.299996465745      -1.932711650845768E-002
   132.399996459808      -1.932893669029840E-002
   132.499996453871      -1.933074873358472E-002
   132.599996447934      -1.933254613864263E-002
   132.699996441997      -1.933432270846999E-002
   132.799996436060      -1.933607257922309E-002
   132.899996430124      -1.933779024691894E-002
   132.999996424187      -1.933947059004664E-002
   133.099996418250      -1.934110888800020E-002
   133.199996412313      -1.934270083536730E-002
   133.299996406376      -1.934424255198664E-002
   133.399996400440      -1.934573058893650E-002
   133.499996394503      -1.934716193055988E-002
   133.599996388566      -1.934853399272678E-002
   133.699996382629      -1.934984461757446E-002
   133.799996376692      -1.935109206499096E-002
   133.899996370756      -1.935227500113235E-002
   133.999996364819      -1.935339248431617E-002
   134.099996358882      -1.935444394856660E-002
   134.199996352945      -1.935542918520809E-002
   134.299996347008      -1.935634832278368E-002
   134.399996341071      -1.935720180566850E-002
   134.499996335135      -1.935799037164895E-002
   134.599996329198      -1.935871502881883E-002
   134.699996323261      -1.935937703202316E-002
   134.799996317324      -1.935997785914967E-002
   134.899996311387      -1.936051918749073E-002
   134.999996305451      -1.936100287037879E-002
   135.099996299514      -1.936143091432765E-002
   135.199996293577      -1.936180545679103E-002
   135.299996287640      -1.936212874472664E-002
   135.399996281703      -1.936240311406968E-002
   135.499996275766      -1.936263097020278E-002
   135.599996269830      -1.936281476951372E-002
   135.699996263893      -1.936295700208988E-002
   135.799996257956      -1.936306017560628E-002
   135.899996252019      -1.936312680044594E-002
   135.999996246082      -1.936315937575809E-002
   136.099996240146      -1.936316037730523E-002
   136.199996234209      -1.936313224590086E-002
   136.299996228272      -1.936307737730891E-002
   136.399996222335      -1.936299811320644E-002
   136.499996216398      -1.936289673324205E-002
   136.599996210461      -1.936277544812695E-002
   136.699996204525      -1.936263639371416E-002
   136.799996198588      -1.936248162602117E-002
   136.899996192651      -1.936231311712147E-002
   136.999996186714      -1.936213275185969E-002
   137.099996180777      -1.936194232534406E-002
   137.199996174841      -1.936174354113314E-002
   137.299996168904      -1.936153801007267E-002
   137.399996162967      -1.936132724973869E-002
   137.499996157030      -1.936111268441959E-002
   137.599996151093      -1.936089564557093E-002
   137.699996145156      -1.936067737274782E-002
   137.799996139220      -1.936045901489187E-002
   137.899996133283      -1.936024163199718E-002
   137.999996127346      -1.936002619706375E-002
   138.099996121409      -1.935981359834173E-002
   138.199996115472      -1.935960464177678E-002
   138.299996109536      -1.935940005367465E-002
   138.399996103599      -1.935920048353183E-002
   138.499996097662      -1.935900650699353E-002
   138.599996091725      -1.935881862891859E-002
   138.699996085788      -1.935863728653893E-002
   138.799996079851      -1.935846285267735E-002
   138.899996073915      -1.935829563899650E-002
   138.999996067978      -1.935813589928538E-002
   139.099996062041      -1.935798383275394E-002
   139.199996056104      -1.935783958727888E-002
   139.299996050167      -1.935770326268259E-002
   139.399996044231      -1.935757491394465E-002
   139.499996038294      -1.935745455434455E-002
   139.599996032357      -1.935734215860321E-002
   139.699996026420      -1.935723766590308E-002
   139.799996020483      -1.935714098286301E-002
   139.899996014546      -1.935705198643299E-002
   139.999996008610      -1.935697052669143E-002
   140.099996002673      -1.935689642954836E-002
   140.199995996736      -1.935682949936047E-002
   140.299995990799      -1.935676952144031E-002
   140.399995984862      -1.935671626449107E-002
   140.499995978926      -1.935666948287807E-002
   140.599995972989      -1.935662891883779E-002
   140.699995967052      -1.935659430457991E-002
   140.799995961115      -1.935656536425160E-002
   140.899995955178      -1.935654181579599E-002
   140.999995949241      -1.935652337277179E-002
   141.099995943305      -1.935650974591662E-002
   141.199995937368      -1.935650064475652E-002
   141.299995931431      -1.935649577903443E-002
   141.399995925494      -1.935649486000121E-002
   141.499995919557      -1.935649760168757E-002
   141.599995913621      -1.935650372200526E-002
   141.699995907684      -1.935651294381213E-002
   141.799995901747      -1.935652499574622E-002
   141.899995895810      -1.935653961318654E-002
   141.999995889873      -1.935655653888368E-002
   142.099995883936      -1.935657552371578E-002
   142.199995878000      -1.935659632717752E-002
   142.299995872063      -1.935661871791068E-002
   142.399995866126      -1.935664247411660E-002
   142.499995860189      -1.935666738389073E-002
   142.599995854252      -1.935669324548507E-002
   142.699995848316      -1.935671986751722E-002
   142.799995842379      -1.935674706910250E-002
   142.899995836442      -1.935677467993645E-002
   142.999995830505      -1.935680254035654E-002
   143.099995824568      -1.935683050121849E-002
   143.199995818631      -1.935685842390640E-002
   143.299995812695      -1.935688618024846E-002
   143.399995806758      -1.935691365219875E-002
   143.499995800821      -1.935694073184968E-002
   143.599995794884      -1.935696732100474E-002
   143.699995788947      -1.935699333112612E-002
   143.799995783011      -1.935701868282751E-002
   143.899995777074      -1.935704330574749E-002
   143.999995771137      -1.935706713817831E-002
   144.099995765200      -1.935709012663403E-002
   144.199995759263      -1.935711222559365E-002
   144.299995753326      -1.935713339710440E-002
   144.399995747390      -1.935715361039147E-002
   144.499995741453      -1.935717284148168E-002
   144.599995735516      -1.935719107281159E-002
   144.699995729579      -1.935720829283938E-002
   144.799995723642      -1.935722449565419E-002
   144.899995717706      -1.935723968058755E-002
   144.999995711769      -1.935725385182810E-002
   145.099995705832      -1.935726701804390E-002
   145.199995699895      -1.935727919200867E-002
   145.299995693958      -1.935729039024093E-002
   145.399995688021      -1.935730063268391E-002
   145.499995682085      -1.935730994225384E-002
   145.599995676148      -1.935731834459479E-002
   145.699995670211      -1.935732586779489E-002
   145.799995664274      -1.935733254193923E-002
   145.899995658337      -1.935733839892110E-002
   145.999995652401      -1.935734347216883E-002
   146.099995646464      -1.935734779625807E-002
   146.199995640527      -1.935735140682032E-002
   146.299995634590      -1.935735434014036E-002
   146.399995628653      -1.935735663304464E-002
   146.499995622716      -1.935735832249063E-002
   146.599995616780      -1.935735944607157E-002
   146.699995610843      -1.935736004069480E-002
   146.799995604906      -1.935736014327299E-002
   146.899995598969      -1.935735979019009E-002
   146.999995593032      -1.935735901734597E-002
   147.099995587096      -1.935735785996218E-002
   147.199995581159      -1.935735635244678E-002
   147.299995575222      -1.935735452831681E-002
   147.399995569285      -1.935735242006214E-002
   147.499995563348      -1.935735005911502E-002
   147.599995557411      -1.935734747576371E-002
   147.699995551475      -1.935734469908621E-002
   147.799995545538      -1.935734175691562E-002
   147.899995539601      -1.935733867579317E-002
   147.999995533664      -1.935733548094469E-002
   148.099995527727      -1.935733219623623E-002
   148.199995521791      -1.935732884423226E-002
   148.299995515854      -1.935732544606354E-002
   148.399995509917      -1.935732202152579E-002
   148.499995503980      -1.935731858906988E-002
   148.599995498043      -1.935731516581185E-002
   148.699995492106      -1.935731176757984E-002
   148.799995486170      -1.935730840884343E-002
   148.899995480233      -1.935730510279281E-002
   148.999995474296      -1.935730186144238E-002
   149.099995468359      -1.935729869563093E-002
   149.199995462422      -1.935729561487915E-002
   149.299995456486      -1.935729262772764E-002
   149.399995450549      -1.935728974164974E-002
   149.499995444612      -1.935728696293093E-002
   149.599995438675      -1.935728429704664E-002
   149.699995432738      -1.935728174839740E-002
   149.799995426802      -1.935727932057289E-002
   149.899995420865      -1.935727701630358E-002
   149.999995414928      -1.935727483749235E-002
