   95.0999986742407        96468.1911604409     
   95.1999986683039        96468.1911604409     
   95.2999986623671        96468.1911604409     
   95.3999986564303        96468.1911604409     
   95.4999986504935        96468.1911604409     
   95.5999986445566        96468.1911604409     
   95.6999986386198        96468.1911604409     
   95.7999986326830        96468.1911604409     
   95.8999986267462        96468.1911604409     
   95.9999986208094        96468.1911604409     
   96.0999986148725        96468.1911604409     
   96.1999986089357        96468.1911604409     
   96.2999986029989        96468.1911604409     
   96.3999985970621        96468.1911604409     
   96.4999985911253        96468.1911604409     
   96.5999985851885        96468.1911604409     
   96.6999985792516        96468.1911604409     
   96.7999985733148        96468.1911604409     
   96.8999985673780        96468.1911604409     
   96.9999985614412        96468.1911604409     
   97.0999985555044        96468.1911604409     
   97.1999985495676        96468.1911604409     
   97.2999985436307        96468.1911604409     
   97.3999985376939        96468.1911604409     
   97.4999985317571        96468.1911604409     
   97.5999985258203        96468.1911604409     
   97.6999985198835        96468.1911604409     
   97.7999985139466        96468.1911604409     
   97.8999985080098        96468.1911604409     
   97.9999985020730        96468.1911604409     
   98.0999984961362        96468.1911604409     
   98.1999984901994        96468.1911604409     
   98.2999984842626        96468.1911604409     
   98.3999984783257        96468.1911604409     
   98.4999984723889        96468.1911604409     
   98.5999984664521        96468.1911604409     
   98.6999984605153        96468.1911604409     
   98.7999984545785        96468.1911604409     
   98.8999984486417        96468.1911604409     
   98.9999984427048        96468.1911604409     
   99.0999984367680        96468.1911604409     
   99.1999984308312        96468.1911604409     
   99.2999984248944        96468.1911604409     
   99.3999984189576        96468.1911604409     
   99.4999984130207        96468.1911604409     
   99.5999984070839        96468.1911604409     
   99.6999984011471        96468.1911604409     
   99.7999983952103        96468.1911604409     
   99.8999983892735        96468.1911604409     
   99.9999983833367        96468.1911604409     
   100.099998377400        94003.9660383304     
   100.199998371463        92089.2538173108     
   100.299998365526        90412.5192943791     
   100.399998359589        88875.0633388258     
   100.499998353653        87444.6648955725     
   100.599998347716        86104.7892235311     
   100.699998341779        84844.0336052056     
   100.799998335842        83653.5729335303     
   100.899998329905        82526.3189853572     
   100.999998323968        81456.4686530335     
   101.099998318032        80439.1670366567     
   101.199998312095        79470.2610434082     
   101.299998306158        78546.1369563940     
   101.399998300221        77663.6146837767     
   101.499998294284        76819.8721119464     
   101.599998288348        76012.3856054006     
   101.699998282411        75238.8818325532     
   101.799998276474        74497.2991882687     
   101.899998270537        73785.7575127017     
   101.999998264600        73102.5349113441     
   102.099998258663        72446.0507001454     
   102.199998252727        71814.8535397078     
   102.299998246790        71207.6134369905     
   102.399998240853        70623.1156143519     
   102.499998234916        70060.2538464899     
   102.599998228979        69518.0213854206     
   102.699998223043        68995.4990557136     
   102.799998217106        68491.8417005890     
   102.899998211169        68006.2649407650     
   102.999998205232        67538.0339114733     
   103.099998199295        67086.4547481933     
   103.199998193358        66650.8687345951     
   103.299998187422        66230.6485395340     
   103.399998181485        65825.1958525307     
   103.499998175548        65433.9398287946     
   103.599998169611        65056.3359311816     
   103.699998163674        64691.8649207224     
   103.799998157738        64340.0318696909     
   103.899998151801        64000.3651478600     
   103.999998145864        63672.4153750725     
   104.099998139927        63355.7543527013     
   104.199998133990        63049.9739928710     
   104.299998128054        62754.6852635293     
   104.399998122117        62469.5171641134     
   104.499998116180        62194.1157421962     
   104.599998110243        61928.1431577297     
   104.699998104306        61671.2767982331     
   104.799998098369        61423.2084459949     
   104.899998092433        61183.6434965809     
   104.999998086496        60952.3002269576     
   105.099998080559        60728.9091107769     
   105.199998074622        60513.2121780465     
   105.299998068685        60304.9624162835     
   105.399998062749        60103.9232101613     
   105.499998056812        59909.8678169657     
   105.599998050875        59722.5788749702     
   105.699998044938        59541.8479423483     
   105.799998039001        59367.4750642301     
   105.899998033064        59199.2683657496     
   105.999998027128        59037.0436690946     
   106.099998021191        58880.6241327480     
   106.199998015254        58729.8399112555     
   106.299998009317        58584.5278340034     
   106.399998003380        58444.5311016067     
   106.499997997444        58309.6989986648     
   106.599997991507        58179.8866216964     
   106.699997985570        58054.9546212084     
   106.799997979633        57934.7689569141     
   106.899997973696        57819.2006652428     
   106.999997967759        57708.1256382598     
   107.099997961823        57601.4244133137     
   107.199997955886        57498.9819726644     
   107.299997949949        57400.6875524923     
   107.399997944012        57306.4344606784     
   107.499997938075        57216.1199028273     
   107.599997932139        57129.6448160148     
   107.699997926202        57046.9137098246     
   107.799997920265        56967.8345142123     
   107.899997914328        56892.3184338546     
   107.999997908391        56820.2798085166     
   108.099997902454        56751.6359792232     
   108.199997896518        56686.3071598203     
   108.299997890581        56624.2163136826     
   108.399997884644        56565.2890352668     
   108.499997878707        56509.4534362856     
   108.599997872770        56456.6400362394     
   108.699997866834        56406.7816571094     
   108.799997860897        56359.8133220014     
   108.899997854960        56315.6721575360     
   108.999997849023        56274.2972998422     
   109.099997843086        56235.6298039577     
   109.199997837149        56199.6125565154     
   109.299997831213        56166.1901915416     
   109.399997825276        56135.3090092705     
   109.499997819339        56106.9168978243     
   109.599997813402        56080.9632576626     
   109.699997807465        56057.3989287150     
   109.799997801529        56036.1761200264     
   109.899997795592        56017.2483419322     
   109.999997789655        56000.5703406012     
   110.099997783718        55986.0980348965     
   110.199997777781        55973.7884554818     
   110.299997771844        55963.5996861181     
   110.399997765908        55955.4908070651     
   110.499997759971        55949.4218405647     
   110.599997754034        55945.3536983175     
   110.699997748097        55943.2481309438     
   110.799997742160        55943.0676793549     
   110.899997736224        55944.7756280133     
   110.999997730287        55948.3359600306     
   111.099997724350        55953.7133140854     
   111.199997718413        55960.8729431002     
   111.299997712476        55969.7806746848     
   111.399997706539        55980.4028732848     
   111.499997700603        55992.7064040318     
   111.599997694666        56006.6585982554     
   111.699997688729        56022.2272206380     
   111.799997682792        56039.3804379937     
   111.899997676855        56058.0867896446     
   111.999997670919        56078.3151593680     
   112.099997664982        56100.0347489071     
   112.199997659045        56123.2150530112     
   112.299997653108        56147.8258359798     
   112.399997647171        56173.8371097220     
   112.499997641234        56201.2191132586     
   112.599997635298        56229.9422936896     
   112.699997629361        56259.9772885738     
   112.799997623424        56291.2949097217     
   112.899997617487        56323.8661283547     
   112.999997611550        56357.6620616229     
   113.099997605614        56392.6539604377     
   113.199997599677        56428.8131986202     
   113.299997593740        56466.1112633004     
   113.399997587803        56504.5197465626     
   113.499997581866        56544.0103383044     
   113.599997575929        56584.5548202642     
   113.699997569993        56626.1250611918     
   113.799997564056        56668.6930131408     
   113.899997558119        56712.2307088136     
   113.999997552182        56756.7102599567     
   114.099997546245        56802.1038567438     
   114.199997540309        56848.3837681344     
   114.299997534372        56895.5223431192     
   114.399997528435        56943.4920128741     
   114.499997522498        56992.2652937291     
   114.599997516561        57041.8147909391     
   114.699997510624        57092.1132031952     
   114.799997504688        57143.1333278465     
   114.899997498751        57194.8480667731     
   114.999997492814        57247.2304328789     
   115.099997486877        57300.2535571522     
   115.199997480940        57353.8906962455     
   115.299997475004        57408.1152405381     
   115.399997469067        57462.9007226208     
   115.499997463130        57518.2208261841     
   115.599997457193        57574.0493952207     
   115.699997451256        57630.3604435554     
   115.799997445319        57687.1281646016     
   115.899997439383        57744.3269413415     
   115.999997433446        57801.9313564688     
   116.099997427509        57859.9162026571     
   116.199997421572        57918.2564929063     
   116.299997415635        57976.9274709447     
   116.399997409699        58035.9046216238     
   116.499997403762        58095.1636812902     
   116.599997397825        58154.6806480921     
   116.699997391888        58214.4317921739     
   116.799997385951        58274.3936657437     
   116.899997380014        58334.5431129729     
   116.999997374078        58394.8572797005     
   117.099997368141        58455.3136229092     
   117.199997362204        58515.8899199542     
   117.299997356267        58576.5642775134     
   117.399997350330        58637.3151402415     
   117.499997344394        58698.1212991003     
   117.599997338457        58758.9618993513     
   117.699997332520        58819.8164481440     
   117.799997326583        58880.6648219478     
   117.899997320646        58941.4872731608     
   117.999997314709        59002.2644367529     
   118.099997308773        59062.9773362740     
   118.199997302836        59123.6073894862     
   118.299997296899        59184.1364135649     
   118.399997290962        59244.5466298629     
   118.499997285025        59304.8206682318     
   118.599997279089        59364.9415709000     
   118.699997273152        59424.8927959008     
   118.799997267215        59484.6582200550     
   118.899997261278        59544.2221415070     
   118.999997255341        59603.5692818134     
   119.099997249404        59662.6847875908     
   119.199997243468        59721.5542317292     
   119.299997237531        59780.1636141667     
   119.399997231594        59838.4993622426     
   119.499997225657        59896.5483306324     
   119.599997219720        59954.2978008716     
   119.699997213784        60011.7354804757     
   119.799997207847        60068.8495016691     
   119.899997201910        60125.6284197383     
   119.999997195973        60182.0612110032     
   120.099997190036        62622.7028997858     
   120.199997184100        64946.8251102444     
   120.299997178163        67185.1936593619     
   120.399997172226        69338.5593882151     
   120.499997166289        71407.0099048924     
   120.599997160352        73390.1906609747     
   120.699997154415        75287.3846113747     
   120.799997148479        77097.5944953697     
   120.899997142542        78819.6317288155     
   120.999997136605        80452.2157489620     
   121.099997130668        81994.0908156756     
   121.199997124731        83444.1760084702     
   121.299997118795        84801.7671518037     
   121.399997112858        86066.7298922329     
   121.499997106921        87239.4529275453     
   121.599997100984        88320.5902546684     
   121.699997095047        89311.0871017229     
   121.799997089110        90212.4955164766     
   121.899997083174        91027.2101020805     
   121.999997077237        91758.5154977097     
   122.099997071300        92410.5040525202     
   122.199997065363        92987.9277651934     
   122.299997059426        93496.0266871770     
   122.399997053490        93940.3555309389     
   122.499997047553        94326.6179487070     
   122.599997041616        94660.5146597069     
   122.699997035679        94947.6113553959     
   122.799997029742        95193.2310842928     
   122.899997023805        95402.3733801832     
   122.999997017869        95579.6597674205     
   123.099997011932        95729.3031976459     
   123.199997005995        95855.0976941971     
   123.299997000058        95960.4239557318     
   123.399996994121        96048.2667173031     
   123.499996988185        96121.2400832116     
   123.599996982248        96181.6176514005     
   123.699996976311        96231.3649114997     
   123.799996970374        96272.1720306890     
   123.899996964437        96305.4856951262     
   123.999996958500        96332.5391299759     
   124.099996952564        96354.3797774723     
   124.199996946627        96371.8943780078     
   124.299996940690        96385.8313893600     
   124.399996934753        96396.8208077249     
   124.499996928816        96405.3915359854     
   124.599996922880        96411.9864918792     
   124.699996916943        96416.9756708128     
   124.799996911006        96420.6673835102     
   124.899996905069        96423.3178826604     
   124.999996899132        96425.1395801234     
   125.099996893195        96426.3080397535     
   125.199996887259        96426.9679127124     
   125.299996881322        96427.2379637901     
   125.399996875385        96427.2153194804     
   125.499996869448        96426.9790519246     
   125.599996863511        96426.5931977390     
   125.699996857575        96426.1092970477     
   125.799996851638        96425.5685260451     
   125.899996845701        96425.0034857419     
   125.999996839764        96424.4397004874     
   126.099996833827        96423.8968714449     
   126.199996827890        96423.3899240960     
   126.299996821954        96422.9298820518     
   126.399996816017        96422.5245950888     
   126.499996810080        96422.1793447047     
   126.599996804143        96421.8973469457     
   126.699996798206        96421.6801691274     
   126.799996792270        96421.5280744560     
   126.899996786333        96421.4403063379     
   126.999996780396        96421.4153223045     
   127.099996774459        96421.4509858455     
   127.199996768522        96421.5447231747     
   127.299996762585        96421.6936507860     
   127.399996756649        96421.8946787114     
   127.499996750712        96422.1445936200     
   127.599996744775        96422.4401251939     
   127.699996738838        96422.7779986826     
   127.799996732901        96423.1549760422     
   127.899996726965        96423.5678876817     
   127.999996721028        96424.0136564977     
   128.099996715091        96424.4893156037     
   128.199996709154        96424.9920209161     
   128.299996703217        96425.5190595793     
   128.399996697280        96426.0678550294     
   128.499996691344        96426.6359693675     
   128.599996685407        96427.2211035953     
   128.699996679470        96427.8210961802     
   128.799996673533        96428.4339203125     
   128.899996667596        96429.0576801709     
   128.999996661660        96429.6906064589     
   129.099996655723        96430.3310514089     
   129.199996649786        96430.9774834333     
   129.299996643849        96431.6284815220     
   129.399996637912        96432.2827295987     
   129.499996631975        96432.9390107494     
   129.599996626039        96433.5962005960     
   129.699996620102        96434.2532657675     
   129.799996614165        96434.9092522342     
   129.899996608228        96435.5632844375     
   129.999996602291        96436.2145590196     
   130.099996596355        96436.8623399991     
   130.199996590418        96437.5059542156     
   130.299996584481        96438.1447869715     
   130.399996578544        96438.7782779061     
   130.499996572607        96439.4059171180     
   130.599996566670        96440.0272415546     
   130.699996560734        96440.6418315967     
   130.799996554797        96441.2493079175     
   130.899996548860        96441.8493285400     
   130.999996542923        96442.4415861227     
   131.099996536986        96443.0258054574     
   131.199996531050        96443.6017411706     
   131.299996525113        96444.1691755999     
   131.399996519176        96444.7279168665     
   131.499996513239        96445.2777971065     
   131.599996507302        96445.8186708577     
   131.699996501365        96446.3504136111     
   131.799996495429        96446.8729204626     
   131.899996489492        96447.3861049172     
   131.999996483555        96447.8898977854     
   132.099996477618        96448.3842461836     
   132.199996471681        96448.8691126351     
   132.299996465745        96449.3444742187     
   132.399996459808        96449.8103217877     
   132.499996453871        96450.2666593244     
   132.599996447934        96450.7135032376     
   132.699996441997        96451.1508817200     
   132.799996436060        96451.5788341959     
   132.899996430124        96451.9974107476     
   132.999996424187        96452.4066715751     
   133.099996418250        96452.8066864829     
   133.199996412313        96453.1975343588     
   133.299996406376        96453.5793026687     
   133.399996400440        96453.9520869604     
   133.499996394503        96454.3159903684     
   133.599996388566        96454.6711231139     
   133.699996382629        96455.0176020255     
   133.799996376692        96455.3555500349     
   133.899996370756        96455.6850956930     
   133.999996364819        96456.0063726774     
   134.099996358882        96456.3195193211     
   134.199996352945        96456.6246781128     
   134.299996347008        96456.9219952350     
   134.399996341071        96457.2116200806     
   134.499996335135        96457.4937048172     
   134.599996329198        96457.7684039115     
   134.699996323261        96458.0358737093     
   134.799996317324        96458.2962719900     
   134.899996311387        96458.5497575855     
   134.999996305451        96458.7964899466     
   135.099996299514        96459.0366288096     
   135.199996293577        96459.2703337942     
   135.299996287640        96459.4977640853     
   135.399996281703        96459.7190781121     
   135.499996275766        96459.9344332352     
   135.599996269830        96460.1439854765     
   135.699996263893        96460.3478892371     
   135.799996257956        96460.5462970862     
   135.899996252019        96460.7393595303     
   135.999996246082        96460.9272248035     
   136.099996240146        96461.1100386963     
   136.199996234209        96461.2879443879     
   136.299996228272        96461.4610823289     
   136.399996222335        96461.6295900851     
   136.499996216398        96461.7936022592     
   136.599996210461        96461.9532503754     
   136.699996204525        96462.1086628449     
   136.799996198588        96462.2599648681     
   136.899996192651        96462.4072784198     
   136.999996186714        96462.5507222036     
   137.099996180777        96462.6904116422     
   137.199996174841        96462.8264588781     
   137.299996168904        96462.9589727485     
   137.399996162967        96463.0880588506     
   137.499996157030        96463.2138195202     
   137.599996151093        96463.3363538912     
   137.699996145156        96463.4557579249     
   137.799996139220        96463.5721244627     
   137.899996133283        96463.6855432566     
   137.999996127346        96463.7961010678     
   138.099996121409        96463.9038816972     
   138.199996115472        96464.0089660727     
   138.299996109536        96464.1114322700     
   138.399996103599        96464.2113556752     
   138.499996097662        96464.3088089840     
   138.599996091725        96464.4038622912     
   138.699996085788        96464.4965832065     
   138.799996079851        96464.5870369038     
   138.899996073915        96464.6752861676     
   138.999996067978        96464.7613915753     
   139.099996062041        96464.8454114776     
   139.199996056104        96464.9274020956     
   139.299996050167        96465.0074176715     
   139.399996044231        96465.0855104695     
   139.499996038294        96465.1617308576     
   139.599996032357        96465.2361274266     
   139.699996026420        96465.3087470647     
   139.799996020483        96465.3796349547     
   139.899996014546        96465.4488347631     
   139.999996008610        96465.5163885946     
   140.099996002673        96465.5823371370     
   140.199995996736        96465.6467197080     
   140.299995990799        96465.7095742845     
   140.399995984862        96465.7709376298     
   140.499995978926        96465.8308452740     
   140.599995972989        96465.8893316337     
   140.699995967052        96465.9464300675     
   140.799995961115        96466.0021728726     
   140.899995955178        96466.0565913757     
   140.999995949241        96466.1097159833     
   141.099995943305        96466.1615762174     
   141.199995937368        96466.2122007579     
   141.299995931431        96466.2616174859     
   141.399995925494        96466.3098535304     
   141.499995919557        96466.3569352950     
   141.599995913621        96466.4028884819     
   141.699995907684        96466.4477381719     
   141.799995901747        96466.4915088147     
   141.899995895810        96466.5342242529     
   141.999995889873        96466.5759077980     
   142.099995883936        96466.6165821594     
   142.199995878000        96466.6562696333     
   142.299995872063        96466.6949919557     
   142.399995866126        96466.7327703835     
   142.499995860189        96466.7696257898     
   142.599995854252        96466.8055785089     
   142.699995848316        96466.8406485889     
   142.799995842379        96466.8748556199     
   142.899995836442        96466.9082187238     
   142.999995830505        96466.9407568059     
   143.099995824568        96466.9724883236     
   143.199995818631        96467.0034313778     
   143.299995812695        96467.0336037644     
   143.399995806758        96467.0630229155     
   143.499995800821        96467.0917059929     
   143.599995794884        96467.1196698166     
   143.699995788947        96467.1469308869     
   143.799995783011        96467.1735053826     
   143.899995777074        96467.1994093144     
   143.999995771137        96467.2246582009     
   144.099995765200        96467.2492675131     
   144.199995759263        96467.2732521681     
   144.299995753326        96467.2966270927     
   144.399995747390        96467.3194067317     
   144.499995741453        96467.3416053440     
   144.599995735516        96467.3632369456     
   144.699995729579        96467.3843151967     
   144.799995723642        96467.4048535956     
   144.899995717706        96467.4248653664     
   144.999995711769        96467.4443634035     
   145.099995705832        96467.4633604002     
   145.199995699895        96467.4818687891     
   145.299995693958        96467.4999007561     
   145.399995688021        96467.5174683373     
   145.499995682085        96467.5345830607     
   145.599995676148        96467.5512565010     
   145.699995670211        96467.5674998500     
   145.799995664274        96467.5833240396     
   145.899995658337        96467.5987398449     
   145.999995652401        96467.6137577084     
   146.099995646464        96467.6283878935     
   146.199995640527        96467.6426404935     
   146.299995634590        96467.6565252502     
   146.399995628653        96467.6700518246     
   146.499995622716        96467.6832294333     
   146.599995616780        96467.6960673484     
   146.699995610843        96467.7085744472     
   146.799995604906        96467.7207594521     
   146.899995598969        96467.7326307180     
   146.999995593032        96467.7441967657     
   147.099995587096        96467.7554654189     
   147.199995581159        96467.7664446971     
   147.299995575222        96467.7771422836     
   147.399995569285        96467.7875655313     
   147.499995563348        96467.7977218603     
   147.599995557411        96467.8076183434     
   147.699995551475        96467.8172617852     
   147.799995545538        96467.8266590894     
   147.899995539601        96467.8358165304     
   147.999995533664        96467.8447407605     
   148.099995527727        96467.8534377286     
   148.199995521791        96467.8619136596     
   148.299995515854        96467.8701744320     
   148.399995509917        96467.8782255204     
   148.499995503980        96467.8860727285     
   148.599995498043        96467.8937212134     
   148.699995492106        96467.9011764237     
   148.799995486170        96467.9084433367     
   148.899995480233        96467.9155270633     
   148.999995474296        96467.9224322449     
   149.099995468359        96467.9291634729     
   149.199995462422        96467.9357255146     
   149.299995456486        96467.9421226896     
   149.399995450549        96467.9483593717     
   149.499995444612        96467.9544397815     
   149.599995438675        96467.9603676393     
   149.699995432738        96467.9661472179     
   149.799995426802        96467.9717823228     
   149.899995420865        96467.9772764763     
   149.999995414928        96467.9826336338     
