   95.0999986742407        2933.99972033195     
   95.1999986683039        2933.99972033195     
   95.2999986623671        2933.99972033195     
   95.3999986564303        2933.99972033195     
   95.4999986504935        2933.99972033195     
   95.5999986445566        2933.99972033195     
   95.6999986386198        2933.99972033195     
   95.7999986326830        2933.99972033195     
   95.8999986267462        2933.99972033195     
   95.9999986208094        2933.99972033195     
   96.0999986148725        2933.99972033195     
   96.1999986089357        2933.99972033195     
   96.2999986029989        2933.99972033195     
   96.3999985970621        2933.99972033195     
   96.4999985911253        2933.99972033195     
   96.5999985851885        2933.99972033195     
   96.6999985792516        2933.99972033195     
   96.7999985733148        2933.99972033195     
   96.8999985673780        2933.99972033195     
   96.9999985614412        2933.99972033195     
   97.0999985555044        2933.99972033195     
   97.1999985495676        2933.99972033195     
   97.2999985436307        2933.99972033195     
   97.3999985376939        2933.99972033195     
   97.4999985317571        2933.99972033195     
   97.5999985258203        2933.99972033195     
   97.6999985198835        2933.99972033195     
   97.7999985139466        2933.99972033195     
   97.8999985080098        2933.99972033195     
   97.9999985020730        2933.99972033195     
   98.0999984961362        2933.99972033195     
   98.1999984901994        2933.99972033195     
   98.2999984842626        2933.99972033195     
   98.3999984783257        2933.99972033195     
   98.4999984723889        2933.99972033195     
   98.5999984664521        2933.99972033195     
   98.6999984605153        2933.99972033195     
   98.7999984545785        2933.99972033195     
   98.8999984486417        2933.99972033195     
   98.9999984427048        2933.99972033195     
   99.0999984367680        2933.99972033195     
   99.1999984308312        2933.99972033195     
   99.2999984248944        2933.99972033195     
   99.3999984189576        2933.99972033195     
   99.4999984130207        2933.99972033195     
   99.5999984070839        2933.99972033195     
   99.6999984011471        2933.99972033195     
   99.7999983952103        2933.99972033195     
   99.8999983892735        2933.99972033195     
   99.9999983833367        2933.99972033195     
   100.099998377400        3083.20844751961     
   100.199998371463        3055.31507960191     
   100.299998365526        3042.56797679367     
   100.399998359589        3034.17302233446     
   100.499998353653        3027.43480294669     
   100.599998347716        3021.65608806298     
   100.699998341779        3016.57380551848     
   100.799998335842        3012.03740360220     
   100.899998329905        3007.93681547323     
   100.999998323968        3004.18613686029     
   101.099998318032        3000.72067635557     
   101.199998312095        2997.49525177506     
   101.299998306158        2994.48000473359     
   101.399998300221        2991.65392415593     
   101.499998294284        2988.99886738687     
   101.599998288348        2986.49636810978     
   101.699998282411        2984.12712147334     
   101.799998276474        2981.87185760150     
   101.899998270537        2979.71263625714     
   101.999998264600        2977.63422122038     
   102.099998258663        2975.62546236016     
   102.199998252727        2973.68049511357     
   102.299998246790        2971.79929177510     
   102.399998240853        2969.98700694725     
   102.499998234916        2968.25192844038     
   102.599998228979        2966.60257105922     
   102.699998223043        2965.04498497704     
   102.799998217106        2963.58121526043     
   102.899998211169        2962.20917703756     
   102.999998205232        2960.92356223856     
   103.099998199295        2959.71715149250     
   103.199998193358        2958.58203140201     
   103.299998187422        2957.51047536251     
   103.399998181485        2956.49545526975     
   103.499998175548        2955.53085852379     
   103.599998169611        2954.61151186839     
   103.699998163674        2953.73309974247     
   103.799998157738        2952.89203848055     
   103.899998151801        2952.08534319395     
   103.999998145864        2951.31050622174     
   104.099998139927        2950.56539467106     
   104.199998133990        2949.84816820323     
   104.299998128054        2949.15721514298     
   104.399998122117        2948.49110384521     
   104.499998116180        2947.84854613400     
   104.599998110243        2947.22836997763     
   104.699998104306        2946.62949906959     
   104.799998098369        2946.05093749549     
   104.899998092433        2945.49175810975     
   104.999998086496        2944.95109360563     
   105.099998080559        2944.42812953969     
   105.199998074622        2943.92209877942     
   105.299998068685        2943.43227699496     
   105.399998062749        2942.95797892460     
   105.499998056812        2942.49855522286     
   105.599998050875        2942.05338975325     
   105.699998044938        2941.62189722847     
   105.799998039001        2941.20352112595     
   105.899998033064        2940.79773182756     
   105.999998027128        2940.40402494413     
   106.099998021191        2940.02191979586     
   106.199998015254        2939.65095802615     
   106.299998009317        2939.29070233093     
   106.399998003380        2938.94073528969     
   106.499997997444        2938.60065828639     
   106.599997991507        2938.27009051092     
   106.699997985570        2937.94866803274     
   106.799997979633        2937.63604293999     
   106.899997973696        2937.33188253808     
   106.999997967759        2937.03586860227     
   107.099997961823        2936.74769667985     
   107.199997955886        2936.46707543764     
   107.299997949949        2936.19372605105     
   107.399997944012        2935.92738163170     
   107.499997938075        2935.66778669012     
   107.599997932139        2935.41469663112     
   107.699997926202        2935.16787727934     
   107.799997920265        2934.92710443249     
   107.899997914328        2934.69216344053     
   107.999997908391        2934.46284880864     
   108.099997902454        2934.23896382232     
   108.199997896518        2934.02032019312     
   108.299997890581        2933.80673772321     
   108.399997884644        2933.59804398794     
   108.499997878707        2933.39407403514     
   108.599997872770        2933.19467009834     
   108.699997866834        2932.99968132578     
   108.799997860897        2932.80896352196     
   108.899997854960        2932.62237890136     
   108.999997849023        2932.43979585370     
   109.099997843086        2932.26108871972     
   109.199997837149        2932.08613757691     
   109.299997831213        2931.91482803424     
   109.399997825276        2931.74705103552     
   109.499997819339        2931.58270267046     
   109.599997813402        2931.42168399318     
   109.699997807465        2931.26390084746     
   109.799997801529        2931.10926369812     
   109.899997795592        2930.95768746834     
   109.999997789655        2930.80909138235     
   110.099997783718        2930.66339881300     
   110.199997777781        2930.52053713391     
   110.299997771844        2930.38043757593     
   110.399997765908        2930.24303508749     
   110.499997759971        2930.10826819850     
   110.599997754034        2929.97607888756     
   110.699997748097        2929.84641245239     
   110.799997742160        2929.71921738297     
   110.899997736224        2929.59444523730     
   110.999997730287        2929.47205051963     
   111.099997724350        2929.35199056099     
   111.199997718413        2929.23422540169     
   111.299997712476        2929.11871767589     
   111.399997706539        2929.00543249798     
   111.499997700603        2928.89433735064     
   111.599997694666        2928.78540197463     
   111.699997688729        2928.67859826002     
   111.799997682792        2928.57390013909     
   111.899997676855        2928.47128348055     
   111.999997670919        2928.37072598526     
   112.099997664982        2928.27220708338     
   112.199997659045        2928.17570783281     
   112.299997653108        2928.08121081923     
   112.399997647171        2927.98870005739     
   112.499997641234        2927.89816089392     
   112.599997635298        2927.80957991162     
   112.699997629361        2927.72294483534     
   112.799997623424        2927.63824443928     
   112.899997617487        2927.55546845607     
   112.999997611550        2927.47460748754     
   113.099997605614        2927.39565291708     
   113.199997599677        2927.31859682415     
   113.299997593740        2927.24343190042     
   113.399997587803        2927.17015136802     
   113.499997581866        2927.09874889996     
   113.599997575929        2927.02921854247     
   113.699997569993        2926.96155463985     
   113.799997564056        2926.89575176147     
   113.899997558119        2926.83180463118     
   113.999997552182        2926.76970805936     
   114.099997546245        2926.70945687723     
   114.199997540309        2926.65104587421     
   114.299997534372        2926.59446973744     
   114.399997528435        2926.53972299461     
   114.499997522498        2926.48679995918     
   114.599997516561        2926.43569467873     
   114.699997510624        2926.38640088608     
   114.799997504688        2926.33891195341     
   114.899997498751        2926.29322084936     
   114.999997492814        2926.24932009917     
   115.099997486877        2926.20720174773     
   115.199997480940        2926.16685732585     
   115.299997475004        2926.12827781934     
   115.399997469067        2926.09145364129     
   115.499997463130        2926.05637460731     
   115.599997457193        2926.02302991370     
   115.699997451256        2925.99140811861     
   115.799997445319        2925.96149712619     
   115.899997439383        2925.93328417347     
   115.999997433446        2925.90675582016     
   116.099997427509        2925.88189794120     
   116.199997421572        2925.85869572190     
   116.299997415635        2925.83713365583     
   116.399997409699        2925.81719554517     
   116.499997403762        2925.79886450350     
   116.599997397825        2925.78212296095     
   116.699997391888        2925.76695267172     
   116.799997385951        2925.75333472351     
   116.899997380014        2925.74124954938     
   116.999997374078        2925.73067694115     
   117.099997368141        2925.72159606504     
   117.199997362204        2925.71398547874     
   117.299997356267        2925.70782315022     
   117.399997350330        2925.70308647812     
   117.499997344394        2925.69975231344     
   117.599997338457        2925.69779698242     
   117.699997332520        2925.69719631096     
   117.799997326583        2925.69792564947     
   117.899997320646        2925.69995989907     
   117.999997314709        2925.70327353876     
   118.099997308773        2925.70784065288     
   118.199997302836        2925.71363495938     
   118.299997296899        2925.72062983870     
   118.399997290962        2925.72879836276     
   118.499997285025        2925.73811332451     
   118.599997279089        2925.74854726746     
   118.699997273152        2925.76007251560     
   118.799997267215        2925.77266120291     
   118.899997261278        2925.78628530328     
   118.999997255341        2925.80091665989     
   119.099997249404        2925.81652701492     
   119.199997243468        2925.83308803734     
   119.299997237531        2925.85057135276     
   119.399997231594        2925.86894857118     
   119.499997225657        2925.88819131490     
   119.599997219720        2925.90827124486     
   119.699997213784        2925.92916008792     
   119.799997207847        2925.95082966264     
   119.899997201910        2925.97325190379     
   119.999997195973        2925.99639888775     
   120.099997190036        2771.88361068198     
   120.199997184100        2776.85461049733     
   120.299997178163        2782.52066154605     
   120.399997172226        2788.16141554693     
   120.499997166289        2793.80622674430     
   120.599997160352        2799.48284622964     
   120.699997154415        2805.21378476382     
   120.799997148479        2811.01611572156     
   120.899997142542        2816.90148468373     
   120.999997136605        2822.87753098965     
   121.099997130668        2828.95456553266     
   121.199997124731        2835.16549693387     
   121.299997118795        2841.59553958170     
   121.399997112858        2848.34200477632     
   121.499997106921        2855.32989783727     
   121.599997100984        2862.28272411711     
   121.699997095047        2868.96252284506     
   121.799997089110        2875.27656767867     
   121.899997083174        2881.21881210040     
   121.999997077237        2886.80533627826     
   122.099997071300        2892.04387773108     
   122.199997065363        2896.92843543958     
   122.299997059426        2901.44619458264     
   122.399997053490        2905.58596313216     
   122.499997047553        2909.34321245346     
   122.599997041616        2912.72169398433     
   122.699997035679        2915.73301840428     
   122.799997029742        2918.39529056580     
   122.899997023805        2920.73141728247     
   122.999997017869        2922.76741532696     
   123.099997011932        2924.53089323049     
   123.199997005995        2926.04979090154     
   123.299997000058        2927.35140338610     
   123.399996994121        2928.46167796339     
   123.499996988185        2929.40475219595     
   123.599996982248        2930.20269066111     
   123.699996976311        2930.87537632310     
   123.799996970374        2931.44051573482     
   123.899996964437        2931.91372306450     
   123.999996958500        2932.30865462139     
   124.099996952564        2932.63717205431     
   124.199996946627        2932.90951814710     
   124.299996940690        2933.13449390879     
   124.399996934753        2933.31962943038     
   124.499996928816        2933.47134384509     
   124.599996922880        2933.59509182691     
   124.699996916943        2933.69549554061     
   124.799996911006        2933.77646195879     
   124.899996905069        2933.84128610576     
   124.999996899132        2933.89274117257     
   125.099996893195        2933.93315665052     
   125.199996887259        2933.96448570743     
   125.299996881322        2933.98836302658     
   125.399996875385        2934.00615427263     
   125.499996869448        2934.01899826436     
   125.599996863511        2934.02784283423     
   125.699996857575        2934.03347525160     
   125.799996851638        2934.03654798366     
   125.899996845701        2934.03760047235     
   125.999996839764        2934.03707751631     
   126.099996833827        2934.03534476696     
   126.199996827890        2934.03270177647     
   126.299996821954        2934.02939297237     
   126.399996816017        2934.02561687936     
   126.499996810080        2934.02153386017     
   126.599996804143        2934.01727260759     
   126.699996798206        2934.01293559877     
   126.799996792270        2934.00860357854     
   126.899996786333        2934.00433950425     
   126.999996780396        2934.00019159229     
   127.099996774459        2933.99619603810     
   127.199996768522        2933.99237921648     
   127.299996762585        2933.98875952271     
   127.399996756649        2933.98534890343     
   127.499996750712        2933.98215412680     
   127.599996744775        2933.97917783483     
   127.699996738838        2933.97641941288     
   127.799996732901        2933.97387570731     
   127.899996726965        2933.97154161542     
   127.999996721028        2933.96941056922     
   128.099996715091        2933.96747493100     
   128.199996709154        2933.96572631438     
   128.299996703217        2933.96415584498     
   128.399996697280        2933.96275437020     
   128.499996691344        2933.96151262589     
   128.599996685407        2933.96042136947     
   128.699996679470        2933.95947148315     
   128.799996673533        2933.95865405417     
   128.899996667596        2933.95796043539     
   128.999996661660        2933.95738228958     
   129.099996655723        2933.95691162100     
   129.199996649786        2933.95654079725     
   129.299996643849        2933.95626255966     
   129.399996637912        2933.95607003120     
   129.499996631975        2933.95595671490     
   129.599996626039        2933.95591649044     
   129.699996620102        2933.95594360637     
   129.799996614165        2933.95603266962     
   129.899996608228        2933.95617863230     
   129.999996602291        2933.95637677910     
   130.099996596355        2933.95662271214     
   130.199996590418        2933.95691233554     
   130.299996584481        2933.95724183814     
   130.399996578544        2933.95760767931     
   130.499996572607        2933.95800657062     
   130.599996566670        2933.95843546203     
   130.699996560734        2933.95889152345     
   130.799996554797        2933.95937213205     
   130.899996548860        2933.95987485479     
   130.999996542923        2933.96039743498     
   131.099996536986        2933.96093778185     
   131.199996531050        2933.96149395034     
   131.299996525113        2933.96206413311     
   131.399996519176        2933.96264664817     
   131.499996513239        2933.96323993057     
   131.599996507302        2933.96384251750     
   131.699996501365        2933.96445303904     
   131.799996495429        2933.96507021257     
   131.899996489492        2933.96569283715     
   131.999996483555        2933.96631977421     
   132.099996477618        2933.96694995987     
   132.199996471681        2933.96758237683     
   132.299996465745        2933.96821609230     
   132.399996459808        2933.96885012126     
   132.499996453871        2933.96948372354     
   132.599996447934        2933.97011602529     
   132.699996441997        2933.97074622846     
   132.799996436060        2933.97137362128     
   132.899996430124        2933.97199749996     
   132.999996424187        2933.97261718676     
   133.099996418250        2933.97323206052     
   133.199996412313        2933.97384151934     
   133.299996406376        2933.97444500432     
   133.399996400440        2933.97504198384     
   133.499996394503        2933.97563195931     
   133.599996388566        2933.97621446668     
   133.699996382629        2933.97678907318     
   133.799996376692        2933.97735537871     
   133.899996370756        2933.97791302365     
   133.999996364819        2933.97846166565     
   134.099996358882        2933.97900100885     
   134.199996352945        2933.97953078094     
   134.299996347008        2933.98005074780     
   134.399996341071        2933.98056069737     
   134.499996335135        2933.98106045883     
   134.599996329198        2933.98154988265     
   134.699996323261        2933.98202885402     
   134.799996317324        2933.98249728354     
   134.899996311387        2933.98295510578     
   134.999996305451        2933.98340229081     
   135.099996299514        2933.98383882319     
   135.199996293577        2933.98426471775     
   135.299996287640        2933.98468001134     
   135.399996281703        2933.98508475832     
   135.499996275766        2933.98547903353     
   135.599996269830        2933.98586293230     
   135.699996263893        2933.98623657085     
   135.799996257956        2933.98660007000     
   135.899996252019        2933.98695357684     
   135.999996246082        2933.98729723929     
   136.099996240146        2933.98763123021     
   136.199996234209        2933.98795572416     
   136.299996228272        2933.98827090453     
   136.399996222335        2933.98857696730     
   136.499996216398        2933.98887411174     
   136.599996210461        2933.98916254290     
   136.699996204525        2933.98944247347     
   136.799996198588        2933.98971411422     
   136.899996192651        2933.98997768115     
   136.999996186714        2933.99023339631     
   137.099996180777        2933.99048147773     
   137.199996174841        2933.99072214246     
   137.299996168904        2933.99095561220     
   137.399996162967        2933.99118210355     
   137.499996157030        2933.99140182738     
   137.599996151093        2933.99161500566     
   137.699996145156        2933.99182184287     
   137.799996139220        2933.99202255069     
   137.899996133283        2933.99221732917     
   137.999996127346        2933.99240638411     
   138.099996121409        2933.99258990293     
   138.199996115472        2933.99276807865     
   138.299996109536        2933.99294110222     
   138.399996103599        2933.99310915367     
   138.499996097662        2933.99327240694     
   138.599996091725        2933.99343103496     
   138.699996085788        2933.99358520430     
   138.799996079851        2933.99373507245     
   138.899996073915        2933.99388079819     
   138.999996067978        2933.99402253438     
   139.099996062041        2933.99416041345     
   139.199996056104        2933.99429458641     
   139.299996050167        2933.99442518695     
   139.399996044231        2933.99455233336     
   139.499996038294        2933.99467616165     
   139.599996032357        2933.99479678178     
   139.699996026420        2933.99491431099     
   139.799996020483        2933.99502886092     
   139.899996014546        2933.99514053399     
   139.999996008610        2933.99524942306     
   140.099996002673        2933.99535562388     
   140.199995996736        2933.99545923015     
   140.299995990799        2933.99556033903     
   140.399995984862        2933.99565901808     
   140.499995978926        2933.99575534725     
   140.599995972989        2933.99584940935     
   140.699995967052        2933.99594126684     
   140.799995961115        2933.99603098456     
   140.899995955178        2933.99611865113     
   140.999995949241        2933.99620428776     
   141.099995943305        2933.99628798257     
   141.199995937368        2933.99636978493     
   141.299995931431        2933.99644974316     
   141.399995925494        2933.99652790715     
   141.499995919557        2933.99660432832     
   141.599995913621        2933.99667905958     
   141.699995907684        2933.99675210803     
   141.799995901747        2933.99682355956     
   141.899995895810        2933.99689341747     
   141.999995889873        2933.99696175407     
   142.099995883936        2933.99702856749     
   142.199995878000        2933.99709390861     
   142.299995872063        2933.99715781491     
   142.399995866126        2933.99722031354     
   142.499995860189        2933.99728143255     
   142.599995854252        2933.99734119960     
   142.699995848316        2933.99739964410     
   142.799995842379        2933.99745679574     
   142.899995836442        2933.99751268494     
   142.999995830505        2933.99756729679     
   143.099995824568        2933.99762069705     
   143.199995818631        2933.99767292012     
   143.299995812695        2933.99772392386     
   143.399995806758        2933.99777380606     
   143.499995800821        2933.99782252394     
   143.599995794884        2933.99787016460     
   143.699995788947        2933.99791666560     
   143.799995783011        2933.99796211776     
   143.899995777074        2933.99800652864     
   143.999995771137        2933.99804986840     
   144.099995765200        2933.99809220375     
   144.199995759263        2933.99813354851     
   144.299995753326        2933.99817391686     
   144.399995747390        2933.99821332359     
   144.499995741453        2933.99825178412     
   144.599995735516        2933.99828931453     
   144.699995729579        2933.99832593165     
   144.799995723642        2933.99836165314     
   144.899995717706        2933.99839649749     
   144.999995711769        2933.99843048431     
   145.099995705832        2933.99846363410     
   145.199995699895        2933.99849596872     
   145.299995693958        2933.99852750959     
   145.399995688021        2933.99855822712     
   145.499995682085        2933.99858817310     
   145.599995676148        2933.99861739060     
   145.699995670211        2933.99864583366     
   145.799995664274        2933.99867356011     
   145.899995658337        2933.99870059183     
   145.999995652401        2933.99872689860     
   146.099995646464        2933.99875255787     
   146.199995640527        2933.99877752558     
   146.299995634590        2933.99880185546     
   146.399995628653        2933.99882556947     
   146.499995622716        2933.99884862140     
   146.599995616780        2933.99887110203     
   146.699995610843        2933.99889300432     
   146.799995604906        2933.99891428812     
   146.899995598969        2933.99893502187     
   146.999995593032        2933.99895522367     
   147.099995587096        2933.99897490148     
   147.199995581159        2933.99899405478     
   147.299995575222        2933.99901267872     
   147.399995569285        2933.99903081053     
   147.499995563348        2933.99904846292     
   147.599995557411        2933.99906564855     
   147.699995551475        2933.99908237958     
   147.799995545538        2933.99909866819     
   147.899995539601        2933.99911452606     
   147.999995533664        2933.99912996493     
   148.099995527727        2933.99914499561     
   148.199995521791        2933.99915959492     
   148.299995515854        2933.99917381325     
   148.399995509917        2933.99918766850     
   148.499995503980        2933.99920117524     
   148.599995498043        2933.99921432936     
   148.699995492106        2933.99922709994     
   148.799995486170        2933.99923953112     
   148.899995480233        2933.99925167508     
   148.999995474296        2933.99926350700     
   149.099995468359        2933.99927495581     
   149.199995462422        2933.99928616987     
   149.299995456486        2933.99929709428     
   149.399995450549        2933.99930767215     
   149.499995444612        2933.99931804819     
   149.599995438675        2933.99932809635     
   149.699995432738        2933.99933792493     
   149.799995426802        2933.99934749041     
   149.899995420865        2933.99935679443     
   149.999995414928        2933.99936589561     
