   95.0999986742407       0.545851037634462     
   95.1999986683039       0.545851037546009     
   95.2999986623671       0.545851037457551     
   95.3999986564303       0.545851037369086     
   95.4999986504935       0.545851037280616     
   95.5999986445566       0.545851037192140     
   95.6999986386198       0.545851037103659     
   95.7999986326830       0.545851037015171     
   95.8999986267462       0.545851036926678     
   95.9999986208094       0.545851036838179     
   96.0999986148725       0.545851036749674     
   96.1999986089357       0.545851036661164     
   96.2999986029989       0.545851036572648     
   96.3999985970621       0.545851036484125     
   96.4999985911253       0.545851036395598     
   96.5999985851885       0.545851036307064     
   96.6999985792516       0.545851036218524     
   96.7999985733148       0.545851036129979     
   96.8999985673780       0.545851036041428     
   96.9999985614412       0.545851035952871     
   97.0999985555044       0.545851035864309     
   97.1999985495676       0.545851035775740     
   97.2999985436307       0.545851035687166     
   97.3999985376939       0.545851035598586     
   97.4999985317571       0.545851035510000     
   97.5999985258203       0.545851035421409     
   97.6999985198835       0.545851035332812     
   97.7999985139466       0.545851035244209     
   97.8999985080098       0.545851035155600     
   97.9999985020730       0.545851035066985     
   98.0999984961362       0.545851034978365     
   98.1999984901994       0.545851034889738     
   98.2999984842626       0.545851034801106     
   98.3999984783257       0.545851034712468     
   98.4999984723889       0.545851034623825     
   98.5999984664521       0.545851034535175     
   98.6999984605153       0.545851034446520     
   98.7999984545785       0.545851034357859     
   98.8999984486417       0.545851034269192     
   98.9999984427048       0.545851034180519     
   99.0999984367680       0.545851034091841     
   99.1999984308312       0.545851034003157     
   99.2999984248944       0.545851033914467     
   99.3999984189576       0.545851033825771     
   99.4999984130207       0.545851033737069     
   99.5999984070839       0.545851033648362     
   99.6999984011471       0.545851033559649     
   99.7999983952103       0.545851033470930     
   99.8999983892735       0.545851033382205     
   99.9999983833367       0.545851033293475     
   100.099998377400       0.545915559932724     
   100.199998371463       0.546270176506732     
   100.299998365526       0.547101608708593     
   100.399998359589       0.548541496499673     
   100.499998353653       0.550649246434142     
   100.599998347716       0.553383641223923     
   100.699998341779       0.556592561113481     
   100.799998335842       0.560055320507088     
   100.899998329905       0.563559720109062     
   100.999998323968       0.566952890876610     
   101.099998318032       0.570146626589634     
   101.199998312095       0.573101206774474     
   101.299998306158       0.575807917689886     
   101.399998300221       0.578276145464696     
   101.499998294284       0.580524784555310     
   101.599998288348       0.582576689607436     
   101.699998282411       0.584455195412471     
   101.799998276474       0.586182076465652     
   101.899998270537       0.587776518144280     
   101.999998264600       0.589254775664348     
   102.099998258663       0.590630264725484     
   102.199998252727       0.591913887547164     
   102.299998246790       0.593114454932785     
   102.399998240853       0.594239115213807     
   102.499998234916       0.595293740518151     
   102.599998228979       0.596283248732495     
   102.699998223043       0.597211857173485     
   102.799998217106       0.598083273766224     
   102.899998211169       0.598900835893512     
   102.999998205232       0.599667608038684     
   103.099998199295       0.600386448439980     
   103.199998193358       0.601060053265912     
   103.299998187422       0.601690984971767     
   103.399998181485       0.602281689837189     
   103.499998175548       0.602834508328064     
   103.599998169611       0.603351680881050     
   103.699998163674       0.603835350924683     
   103.799998157738       0.604287566377191     
   103.899998151801       0.604710280445756     
   103.999998145864       0.605105352255521     
   104.099998139927       0.605474547628687     
   104.199998133990       0.605819540188979     
   104.299998128054       0.606141912870526     
   104.399998122117       0.606443159846015     
   104.499998116180       0.606724688849826     
   104.599998110243       0.606987823848558     
   104.699998104306       0.607233808000517     
   104.799998098369       0.607463806841758     
   104.899998092433       0.607678911637477     
   104.999998086496       0.607880142841991     
   105.099998080559       0.608068453616003     
   105.199998074622       0.608244733356919     
   105.299998068685       0.608409811204212     
   105.399998062749       0.608564459488456     
   105.499998056812       0.608709397098856     
   105.599998050875       0.608845292749064     
   105.699998044938       0.608972768126256     
   105.799998039001       0.609092400912193     
   105.899998033064       0.609204727669010     
   105.999998027128       0.609310246584749     
   106.099998021191       0.609409420076947     
   106.199998015254       0.609502677253809     
   106.299998009317       0.609590416234769     
   106.399998003380       0.609673006333120     
   106.499997997444       0.609750790104478     
   106.599997991507       0.609824085265927     
   106.699997985570       0.609893186490584     
   106.799997979633       0.609958367083364     
   106.899997973696       0.610019880543525     
   106.999997967759       0.610077962019943     
   107.099997961823       0.610132829664872     
   107.199997955886       0.610184685892094     
   107.299997949949       0.610233718545162     
   107.399997944012       0.610280101981296     
   107.499997938075       0.610323998076217     
   107.599997932139       0.610365557155260     
   107.699997926202       0.610404918855519     
   107.799997920265       0.610442212923881     
   107.899997914328       0.610477559955271     
   107.999997908391       0.610511072075376     
   108.099997902454       0.610542853571879     
   108.199997896518       0.610573001477820     
   108.299997890581       0.610601606110573     
   108.399997884644       0.610628751569918     
   108.499997878707       0.610654516197959     
   108.599997872770       0.610678973004027     
   108.699997866834       0.610702190057003     
   108.799997860897       0.610724230847654     
   108.899997854960       0.610745154623239     
   108.999997849023       0.610765016696529     
   109.099997843086       0.610783868731188     
   109.199997837149       0.610801759005379     
   109.299997831213       0.610818732655236     
   109.399997825276       0.610834831899835     
   109.499997819339       0.610850096249052     
   109.599997813402       0.610864562695659     
   109.699997807465       0.610878265892905     
   109.799997801529       0.610891238318727     
   109.899997795592       0.610903510427617     
   109.999997789655       0.610915110791087     
   110.099997783718       0.610926066227735     
   110.199997777781       0.610936401923597     
   110.299997771844       0.610946141543604     
   110.399997765908       0.610955307334894     
   110.499997759971       0.610963920222510     
   110.599997754034       0.610971999898192     
   110.699997748097       0.610979564902676     
   110.799997742160       0.610986632702144     
   110.899997736224       0.610993219759191     
   110.999997730287       0.610999341598744     
   111.099997724350       0.611005012869358     
   111.199997718413       0.611010247400228     
   111.299997712476       0.611015058254234     
   111.399997706539       0.611019457777359     
   111.499997700603       0.611023457644697     
   111.599997694666       0.611027068903426     
   111.699997688729       0.611030302012817     
   111.799997682792       0.611033166881632     
   111.899997676855       0.611035672903084     
   111.999997670919       0.611037828987496     
   112.099997664982       0.611039643592842     
   112.199997659045       0.611041124753395     
   112.299997653108       0.611042280106528     
   112.399997647171       0.611043116917870     
   112.499997641234       0.611043642104899     
   112.599997635298       0.611043862259109     
   112.699997629361       0.611043783666838     
   112.799997623424       0.611043412328874     
   112.899997617487       0.611042753978881     
   112.999997611550       0.611041814100804     
   113.099997605614       0.611040597945202     
   113.199997599677       0.611039110544754     
   113.299997593740       0.611037356728795     
   113.399997587803       0.611035341137134     
   113.499997581866       0.611033068233057     
   113.599997575929       0.611030542315661     
   113.699997569993       0.611027767531504     
   113.799997564056       0.611024747885661     
   113.899997558119       0.611021487252167     
   113.999997552182       0.611017989383954     
   114.099997546245       0.611014257922225     
   114.199997540309       0.611010296405405     
   114.299997534372       0.611006108277585     
   114.399997528435       0.611001696896540     
   114.499997522498       0.610997065541384     
   114.599997516561       0.610992217419751     
   114.699997510624       0.610987155674725     
   114.799997504688       0.610981883391321     
   114.899997498751       0.610976403602635     
   114.999997492814       0.610970719295782     
   115.099997486877       0.610964833417390     
   115.199997480940       0.610958748878892     
   115.299997475004       0.610952468561513     
   115.399997469067       0.610945995320981     
   115.499997463130       0.610939331991990     
   115.599997457193       0.610932481392383     
   115.699997451256       0.610925446327165     
   115.799997445319       0.610918229592184     
   115.899997439383       0.610910833977666     
   115.999997433446       0.610903262271509     
   116.099997427509       0.610895517262298     
   116.199997421572       0.610887601742251     
   116.299997415635       0.610879518509811     
   116.399997409699       0.610871270372151     
   116.499997403762       0.610862860147436     
   116.599997397825       0.610854290666915     
   116.699997391888       0.610845564776805     
   116.799997385951       0.610836685340046     
   116.899997380014       0.610827655237834     
   116.999997374078       0.610818477371016     
   117.099997368141       0.610809154661266     
   117.199997362204       0.610799690052215     
   117.299997356267       0.610790086510256     
   117.399997350330       0.610780347025348     
   117.499997344394       0.610770474611571     
   117.599997338457       0.610760472307585     
   117.699997332520       0.610750343176891     
   117.799997326583       0.610740090308080     
   117.899997320646       0.610729716814701     
   117.999997314709       0.610719225835317     
   118.099997308773       0.610708620533151     
   118.199997302836       0.610697904095740     
   118.299997296899       0.610687079734523     
   118.399997290962       0.610676150684103     
   118.499997285025       0.610665120201703     
   118.599997279089       0.610653991566194     
   118.699997273152       0.610642768077278     
   118.799997267215       0.610631453054354     
   118.899997261278       0.610620049835544     
   118.999997255341       0.610608561776348     
   119.099997249404       0.610596992248424     
   119.199997243468       0.610585344638183     
   119.299997237531       0.610573622345346     
   119.399997231594       0.610561828781429     
   119.499997225657       0.610549967368117     
   119.599997219720       0.610538041535624     
   119.699997213784       0.610526054721031     
   119.799997207847       0.610514010366458     
   119.899997201910       0.610501911917258     
   119.999997195973       0.610489762820157     
   120.099997190036       0.610474532011639     
   120.199997184100       0.610448831916489     
   120.299997178163       0.610407929144285     
   120.399997172226       0.610347772156374     
   120.499997166289       0.610264475929674     
   120.599997160352       0.610154023965429     
   120.699997154415       0.610012032721033     
   120.799997148479       0.609833543055714     
   120.899997142542       0.609612818515845     
   120.999997136605       0.609343138615864     
   121.099997130668       0.609016581519776     
   121.199997124731       0.608623797770150     
   121.299997118795       0.608153788067837     
   121.399997112858       0.607593714631303     
   121.499997106921       0.606928790314677     
   121.599997100984       0.606142308376704     
   121.699997095047       0.605215941889450     
   121.799997089110       0.604130525812423     
   121.899997083174       0.602867537060437     
   121.999997077237       0.601411358100347     
   122.099997071300       0.599752099237533     
   122.199997065363       0.597888309940105     
   122.299997059426       0.595828623157036     
   122.399997053490       0.593591615561440     
   122.499997047553       0.591203904601500     
   122.599997041616       0.588697209503931     
   122.699997035679       0.586105300298564     
   122.799997029742       0.583461481669895     
   122.899997023805       0.580796850802035     
   122.999997017869       0.578139281087042     
   123.099997011932       0.575512962790939     
   123.199997005995       0.572938320238638     
   123.299997000058       0.570432159375325     
   123.399996994121       0.568007942246125     
   123.499996988185       0.565676120905751     
   123.599996982248       0.563444489266553     
   123.699996976311       0.561318528696464     
   123.799996970374       0.559301734133849     
   123.899996964437       0.557395914174334     
   123.999996958500       0.555601462563371     
   124.099996952564       0.553917600806496     
   124.199996946627       0.552342592895960     
   124.299996940690       0.550873933813060     
   124.399996934753       0.549508513787957     
   124.499996928816       0.548242760410133     
   124.599996922880       0.547072760681266     
   124.699996916943       0.545994365035075     
   124.799996911006       0.545003275246699     
   124.899996905069       0.544095118034027     
   124.999996899132       0.543265506024187     
   125.099996893195       0.542510087627030     
   125.199996887259       0.541824587226376     
   125.299996881322       0.541204836972645     
   125.399996875385       0.540646801336354     
   125.499996869448       0.540146595464970     
   125.599996863511       0.539700498274789     
   125.699996857575       0.539304961104124     
   125.799996851638       0.538956612659339     
   125.899996845701       0.538652260894012     
   125.999996839764       0.538388892381011     
   126.099996833827       0.538163669662929     
   126.199996827890       0.537973926998740     
   126.299996821954       0.537817164865431     
   126.399996816017       0.537691043518914     
   126.499996810080       0.537593375872151     
   126.599996804143       0.537522119906104     
   126.699996798206       0.537475370792852     
   126.799996792270       0.537451352879488     
   126.899996786333       0.537448411652663     
   126.999996780396       0.537465005781829     
   127.099996774459       0.537499699317978     
   127.199996768522       0.537551154108555     
   127.299996762585       0.537618122475168     
   127.399996756649       0.537699440188221     
   127.499996750712       0.537794019763377     
   127.599996744775       0.537900844096788     
   127.699996738838       0.538018960449086     
   127.799996732901       0.538147474783633     
   127.899996726965       0.538285546459790     
   127.999996721028       0.538432383279415     
   128.099996715091       0.538587236881865     
   128.199996709154       0.538749398481755     
   128.299996703217       0.538918194941389     
   128.399996697280       0.539092985170178     
   128.499996691344       0.539273156841794     
   128.599996685407       0.539458123420061     
   128.699996679470       0.539647321484064     
   128.799996673533       0.539840208343130     
   128.899996667596       0.540036259932040     
   128.999996661660       0.540234968976940     
   129.099996655723       0.540435843422067     
   129.199996649786       0.540638405107530     
   129.299996643849       0.540842188687854     
   129.399996637912       0.541046740780730     
   129.499996631975       0.541251619334376     
   129.599996626039       0.541456393204787     
   129.699996620102       0.541660641923129     
   129.799996614165       0.541863955650084     
   129.899996608228       0.542065935295602     
   129.999996602291       0.542266192792296     
   130.099996596355       0.542464351506157     
   130.199996590418       0.542660046768176     
   130.299996584481       0.542852926509216     
   130.399996578544       0.543042651980390     
   130.499996572607       0.543228898540097     
   130.599996566670       0.543411356488743     
   130.699996560734       0.543589731931928     
   130.799996554797       0.543763747653023     
   130.899996548860       0.543933143975946     
   130.999996542923       0.544097679599964     
   131.099996536986       0.544257132388735     
   131.199996531050       0.544411300096922     
   131.299996525113       0.544560001019156     
   131.399996519176       0.544703074547382     
   131.499996513239       0.544840381624450     
   131.599996507302       0.544971805083650     
   131.699996501365       0.545097249865917     
   131.799996495429       0.545216643108437     
   131.899996489492       0.545329934100735     
   131.999996483555       0.545437094106261     
   132.099996477618       0.545538116049739     
   132.199996471681       0.545633014072621     
   132.299996465745       0.545721822960798     
   132.399996459808       0.545804597450672     
   132.499996453871       0.545881411421226     
   132.599996447934       0.545952356981103     
   132.699996441997       0.546017543461006     
   132.799996436060       0.546077096322640     
   132.899996430124       0.546131155996059     
   132.999996424187       0.546179876658141     
   133.099996418250       0.546223424964584     
   133.199996412313       0.546261978748449     
   133.299996406376       0.546295725697792     
   133.399996400440       0.546324862024612     
   133.499996394503       0.546349591137017     
   133.599996388566       0.546370122325642     
   133.699996382629       0.546386669474628     
   133.799996376692       0.546399449806735     
   133.899996370756       0.546408682671087     
   133.999996364819       0.546414588380990     
   134.099996358882       0.546417387108531     
   134.199996352945       0.546417297841219     
   134.299996347008       0.546414537405283     
   134.399996341071       0.546409319559031     
   134.499996335135       0.546401854158715     
   134.599996329198       0.546392346398639     
   134.699996323261       0.546380996126081     
   134.799996317324       0.546367997231116     
   134.899996311387       0.546353537110520     
   134.999996305451       0.546337796204409     
   135.099996299514       0.546320947603663     
   135.199996293577       0.546303156725705     
   135.299996287640       0.546284581055758     
   135.399996281703       0.546265369950513     
   135.499996275766       0.546245664500652     
   135.599996269830       0.546225597448664     
   135.699996263893       0.546205293158149     
   135.799996257956       0.546184867630679     
   135.899996252019       0.546164428568146     
   135.999996246082       0.546144075466211     
   136.099996240146       0.546123899761248     
   136.199996234209       0.546103984991524     
   136.299996228272       0.546084406996026     
   136.399996222335       0.546065234136288     
   136.499996216398       0.546046527539739     
   136.599996210461       0.546028341361367     
   136.699996204525       0.546010723060544     
   136.799996198588       0.545993713690234     
   136.899996192651       0.545977348195852     
   136.999996186714       0.545961655721238     
   137.099996180777       0.545946659919524     
   137.199996174841       0.545932379266702     
   137.299996168904       0.545918827375976     
   137.399996162967       0.545906013311136     
   137.499996157030       0.545893941897444     
   137.599996151093       0.545882614028454     
   137.699996145156       0.545872026967671     
   137.799996139220       0.545862174643829     
   137.899996133283       0.545853047938865     
   137.999996127346       0.545844634967753     
   138.099996121409       0.545836921349430     
   138.199996115472       0.545829890468254     
   138.299996109536       0.545823523725527     
   138.399996103599       0.545817800780588     
   138.499996097662       0.545812699781260     
   138.599996091725       0.545808197583379     
   138.699996085788       0.545804269959240     
   138.799996079851       0.545800891794911     
   138.899996073915       0.545798037276358     
   138.999996067978       0.545795680064424     
   139.099996062041       0.545793793458739     
   139.199996056104       0.545792350550690     
   139.299996050167       0.545791324365609     
   139.399996044231       0.545790687994367     
   139.499996038294       0.545790414714630     
   139.599996032357       0.545790478102007     
   139.699996026420       0.545790852131394     
   139.799996020483       0.545791511268761     
   139.899996014546       0.545792430553802     
   139.999996008610       0.545793585673630     
   140.099996002673       0.545794953028025     
   140.199995996736       0.545796509786457     
   140.299995990799       0.545798233937306     
   140.399995984862       0.545800104329659     
   140.499995978926       0.545802100707937     
   140.599995972989       0.545804203739997     
   140.699995967052       0.545806395038666     
   140.799995961115       0.545808657177495     
   140.899995955178       0.545810973700931     
   140.999995949241       0.545813329128976     
   141.099995943305       0.545815708957469     
   141.199995937368       0.545818099653272     
   141.299995931431       0.545820488646156     
   141.399995925494       0.545822864315263     
   141.499995919557       0.545825215974403     
   141.599995913621       0.545827533852270     
   141.699995907684       0.545829809070579     
   141.799995901747       0.545832033619496     
   141.899995895810       0.545834200331111     
   141.999995889873       0.545836302850664     
   142.099995883936       0.545838335606097     
   142.199995878000       0.545840293776451     
   142.299995872063       0.545842173258788     
   142.399995866126       0.545843970634336     
   142.499995860189       0.545845683133924     
   142.599995854252       0.545847308602840     
   142.699995848316       0.545848845465499     
   142.799995842379       0.545850292689854     
   142.899995836442       0.545851649752022     
   142.999995830505       0.545852916601001     
   143.099995824568       0.545854093623817     
   143.199995818631       0.545855181611198     
   143.299995812695       0.545856181723811     
   143.399995806758       0.545857095459271     
   143.499995800821       0.545857924620000     
   143.599995794884       0.545858671282018     
   143.699995788947       0.545859337764735     
   143.799995783011       0.545859926601772     
   143.899995777074       0.545860440513083     
   143.999995771137       0.545860882378036     
   144.099995765200       0.545861255209829     
   144.199995759263       0.545861562131259     
   144.299995753326       0.545861806351630     
   144.399995747390       0.545861991144982     
   144.499995741453       0.545862119829670     
   144.599995735516       0.545862195749167     
   144.699995729579       0.545862222254350     
   144.799995723642       0.545862202686803     
   144.899995717706       0.545862140363599     
   144.999995711769       0.545862038563280     
   145.099995705832       0.545861900513006     
   145.199995699895       0.545861729376957     
   145.299995693958       0.545861528245933     
   145.399995688021       0.545861300127886     
   145.499995682085       0.545861047939845     
   145.599995676148       0.545860774500678     
   145.699995670211       0.545860482524845     
   145.799995664274       0.545860174617155     
   145.899995658337       0.545859853268498     
   145.999995652401       0.545859520852503     
   146.099995646464       0.545859179622718     
   146.199995640527       0.545858831710671     
   146.299995634590       0.545858479124717     
   146.399995628653       0.545858123749985     
   146.499995622716       0.545857767342505     
   146.599995616780       0.545857411553493     
   146.699995610843       0.545857057894064     
   146.799995604906       0.545856707762368     
   146.899995598969       0.545856362438170     
   146.999995593032       0.545856023087087     
   147.099995587096       0.545855690763048     
   147.199995581159       0.545855366410457     
   147.299995575222       0.545855050868894     
   147.399995569285       0.545854744876572     
   147.499995563348       0.545854449074069     
   147.599995557411       0.545854164008766     
   147.699995551475       0.545853890138816     
   147.799995545538       0.545853627837724     
   147.899995539601       0.545853377398992     
   147.999995533664       0.545853139040152     
   148.099995527727       0.545852912907391     
   148.199995521791       0.545852699080770     
   148.299995515854       0.545852497577807     
   148.399995509917       0.545852308358536     
   148.499995503980       0.545852131329610     
   148.599995498043       0.545851966348835     
   148.699995492106       0.545851813229497     
   148.799995486170       0.545851671744435     
   148.899995480233       0.545851541629726     
   148.999995474296       0.545851422589283     
   149.099995468359       0.545851314298047     
   149.199995462422       0.545851216405786     
   149.299995456486       0.545851128540642     
   149.399995450549       0.545851050312712     
   149.499995444612       0.545850981316729     
   149.599995438675       0.545850921134979     
   149.699995432738       0.545850869341090     
   149.799995426802       0.545850825501343     
   149.899995420865       0.545850789178552     
   149.999995414928       0.545850759933479     
