   95.0999986742407        14368.6327684573     
   95.1999986683039        14368.6327684283     
   95.2999986623671        14368.6327683992     
   95.3999986564303        14368.6327683702     
   95.4999986504935        14368.6327683411     
   95.5999986445566        14368.6327683121     
   95.6999986386198        14368.6327682830     
   95.7999986326830        14368.6327682540     
   95.8999986267462        14368.6327682249     
   95.9999986208094        14368.6327681959     
   96.0999986148725        14368.6327681668     
   96.1999986089357        14368.6327681378     
   96.2999986029989        14368.6327681087     
   96.3999985970621        14368.6327680796     
   96.4999985911253        14368.6327680505     
   96.5999985851885        14368.6327680215     
   96.6999985792516        14368.6327679924     
   96.7999985733148        14368.6327679633     
   96.8999985673780        14368.6327679343     
   96.9999985614412        14368.6327679052     
   97.0999985555044        14368.6327678761     
   97.1999985495676        14368.6327678470     
   97.2999985436307        14368.6327678180     
   97.3999985376939        14368.6327677889     
   97.4999985317571        14368.6327677598     
   97.5999985258203        14368.6327677307     
   97.6999985198835        14368.6327677016     
   97.7999985139466        14368.6327676725     
   97.8999985080098        14368.6327676434     
   97.9999985020730        14368.6327676143     
   98.0999984961362        14368.6327675852     
   98.1999984901994        14368.6327675561     
   98.2999984842626        14368.6327675270     
   98.3999984783257        14368.6327674979     
   98.4999984723889        14368.6327674688     
   98.5999984664521        14368.6327674397     
   98.6999984605153        14368.6327674106     
   98.7999984545785        14368.6327673815     
   98.8999984486417        14368.6327673524     
   98.9999984427048        14368.6327673233     
   99.0999984367680        14368.6327672942     
   99.1999984308312        14368.6327672650     
   99.2999984248944        14368.6327672359     
   99.3999984189576        14368.6327672068     
   99.4999984130207        14368.6327671777     
   99.5999984070839        14368.6327671486     
   99.6999984011471        14368.6327671194     
   99.7999983952103        14368.6327670903     
   99.8999983892735        14368.6327670612     
   99.9999983833367        14368.6327670320     
   100.099998377400        15215.4140101076     
   100.199998371463        15619.5190423965     
   100.299998365526        15880.1507420371     
   100.399998359589        16086.2529642156     
   100.499998353653        16259.3555976954     
   100.599998347716        16407.0950933853     
   100.699998341779        16533.8255115799     
   100.799998335842        16642.8072377419     
   100.899998329905        16736.7120530403     
   100.999998323968        16817.7666354399     
   101.099998318032        16887.8024466307     
   101.199998312095        16948.2857000359     
   101.299998306158        17000.3646477724     
   101.399998300221        17044.9443805204     
   101.499998294284        17082.7715053878     
   101.599998288348        17114.5038807820     
   101.699998282411        17140.7532479253     
   101.799998276474        17162.1032339200     
   101.899998270537        17179.1116860728     
   101.999998264600        17192.3058880792     
   102.099998258663        17202.1762642503     
   102.199998252727        17209.1713849583     
   102.299998246790        17213.6952470997     
   102.399998240853        17216.1068274429     
   102.499998234916        17216.7214886962     
   102.599998228979        17215.8137003899     
   102.699998223043        17213.6205622111     
   102.799998217106        17210.3457041388     
   102.899998211169        17206.1632437108     
   102.999998205232        17201.2215833660     
   103.099998199295        17195.6469174801     
   103.199998193358        17189.5463848978     
   103.299998187422        17183.0108486212     
   103.399998181485        17176.1173132370     
   103.499998175548        17168.9310068889     
   103.599998169611        17161.5071621522     
   103.699998163674        17153.8925322137     
   103.799998157738        17146.1266776242     
   103.899998151801        17138.2430560708     
   103.999998145864        17130.2699441341     
   104.099998139927        17122.2312163496     
   104.199998133990        17114.1470034220     
   104.299998128054        17106.0342482953     
   104.399998122117        17097.9071759963     
   104.499998116180        17089.7776907725     
   104.599998110243        17081.6557119179     
   104.699998104306        17073.5494581361     
   104.799998098369        17065.4656884598     
   104.899998092433        17057.4099068624     
   104.999998086496        17049.3865364190     
   105.099998080559        17041.3990680636     
   105.199998074622        17033.4501882185     
   105.299998068685        17025.5418889180     
   105.399998062749        17017.6755634925     
   105.499998056812        17009.8520903890     
   105.599998050875        17002.0719072601     
   105.699998044938        16994.3350770441     
   105.799998039001        16986.6413474713     
   105.899998033064        16978.9902050896     
   105.999998027128        16971.3809245666     
   106.099998021191        16963.8126138757     
   106.199998015254        16956.2842557226     
   106.299998009317        16948.7947453986     
   106.399998003380        16941.3429251321     
   106.499997997444        16933.9276149147     
   106.599997991507        16926.5476397264     
   106.699997985570        16919.2018530773     
   106.799997979633        16911.8891567965     
   106.899997973696        16904.6085170282     
   106.999997967759        16897.3589764870     
   107.099997961823        16890.1396630585     
   107.199997955886        16882.9497949311     
   107.299997949949        16875.7886825125     
   107.399997944012        16868.6557274285     
   107.499997938075        16861.5504189973     
   107.599997932139        16854.4723285440     
   107.699997926202        16847.4211019921     
   107.799997920265        16840.3964511589     
   107.899997914328        16833.3981441689     
   107.999997908391        16826.4259952538     
   108.099997902454        16819.4798545281     
   108.199997896518        16812.5595978027     
   108.299997890581        16805.6651167839     
   108.399997884644        16798.7963098927     
   108.499997878707        16791.9530738816     
   108.599997872770        16785.1352962267     
   108.699997866834        16778.3428485090     
   108.799997860897        16771.5755807673     
   108.899997854960        16764.8333168645     
   108.999997849023        16758.1158506948     
   109.099997843086        16751.4229434384     
   109.199997837149        16744.7543215373     
   109.299997831213        16738.1096755499     
   109.399997825276        16731.4886596298     
   109.499997819339        16724.8908916577     
   109.599997813402        16718.3159538978     
   109.699997807465        16711.7633941096     
   109.799997801529        16705.2327270356     
   109.899997795592        16698.7234361909     
   109.999997789655        16692.2349758920     
   110.099997783718        16685.7667734641     
   110.199997777781        16679.3182315738     
   110.299997771844        16672.8887306238     
   110.399997765908        16666.4776312007     
   110.499997759971        16660.0842765020     
   110.599997754034        16653.7079947450     
   110.699997748097        16647.3481015043     
   110.799997742160        16641.0039019888     
   110.899997736224        16634.6746932017     
   110.999997730287        16628.3597660167     
   111.099997724350        16622.0584071211     
   111.199997718413        16615.7699008390     
   111.299997712476        16609.4935308377     
   111.399997706539        16603.2285816890     
   111.499997700603        16596.9743403110     
   111.599997694666        16590.7300972844     
   111.699997688729        16584.4951480287     
   111.799997682792        16578.2687938747     
   111.899997676855        16572.0503430059     
   111.999997670919        16565.8391112885     
   112.099997664982        16559.6344230047     
   112.199997659045        16553.4356114664     
   112.299997653108        16547.2420195558     
   112.399997647171        16541.0530001534     
   112.499997641234        16534.8679165086     
   112.599997635298        16528.6861425112     
   112.699997629361        16522.5070629126     
   112.799997623424        16516.3300734735     
   112.899997617487        16510.1545810534     
   112.999997611550        16503.9800036713     
   113.099997605614        16497.8057705247     
   113.199997599677        16491.6313218042     
   113.299997593740        16485.4561088725     
   113.399997587803        16479.2795939785     
   113.499997581866        16473.1012501896     
   113.599997575929        16466.9205612496     
   113.699997569993        16460.7370214220     
   113.799997564056        16454.5501353253     
   113.899997558119        16448.3594177570     
   113.999997552182        16442.1643935163     
   114.099997546245        16435.9645972256     
   114.199997540309        16429.7595731535     
   114.299997534372        16423.5488750399     
   114.399997528435        16417.3320659296     
   114.499997522498        16411.1087180093     
   114.599997516561        16404.8784124566     
   114.699997510624        16398.6407392950     
   114.799997504688        16392.3952972633     
   114.899997498751        16386.1416936927     
   114.999997492814        16379.8795443966     
   115.099997486877        16373.6084735730     
   115.199997480940        16367.3281137197     
   115.299997475004        16361.0381055590     
   115.399997469067        16354.7380979748     
   115.499997463130        16348.4277479607     
   115.599997457193        16342.1067205756     
   115.699997451256        16335.7746889245     
   115.799997445319        16329.4313341343     
   115.899997439383        16323.0763453387     
   115.999997433446        16316.7094196751     
   116.099997427509        16310.3302623090     
   116.199997421572        16303.9385864308     
   116.299997415635        16297.5341132728     
   116.399997409699        16291.1165721649     
   116.499997403762        16284.6857005337     
   116.599997397825        16278.2412439600     
   116.699997391888        16271.7829562244     
   116.799997385951        16265.3105993268     
   116.899997380014        16258.8239435793     
   116.999997374078        16252.3227676011     
   117.099997368141        16245.8068584350     
   117.199997362204        16239.2760115351     
   117.299997356267        16232.7300308886     
   117.399997350330        16226.1687290121     
   117.499997344394        16219.5919270506     
   117.599997338457        16212.9994548194     
   117.699997332520        16206.3911508323     
   117.799997326583        16199.7668624171     
   117.899997320646        16193.1264457091     
   117.999997314709        16186.4697657115     
   118.099997308773        16179.7966963935     
   118.199997302836        16173.1071206834     
   118.299997296899        16166.4009305211     
   118.399997290962        16159.6780269187     
   118.499997285025        16152.9383200151     
   118.599997279089        16146.1817290762     
   118.699997273152        16139.4081825466     
   118.799997267215        16132.6176180805     
   118.899997261278        16125.8099825627     
   118.999997255341        16118.9852321602     
   119.099997249404        16112.1433323363     
   119.199997243468        16105.2842578505     
   119.299997237531        16098.4079927897     
   119.399997231594        16091.5145305513     
   119.499997225657        16084.6038739339     
   119.599997219720        16077.6760350709     
   119.699997213784        16070.7310354493     
   119.799997207847        16063.7689059166     
   119.899997201910        16056.7896866778     
   119.999997195973        16049.7934272895     
   120.099997190036        16042.7801866592     
   120.199997184100        16035.7500330064     
   120.299997178163        16028.7030438533     
   120.399997172226        16021.6393060250     
   120.499997166289        16014.5589156144     
   120.599997160352        16007.4619779671     
   120.699997154415        16000.3486076232     
   120.799997148479        15993.2189282897     
   120.899997142542        15986.0730728310     
   120.999997136605        15978.9111832219     
   121.099997130668        15971.7334104574     
   121.199997124731        15964.5399145670     
   121.299997118795        15957.3308645419     
   121.399997112858        15950.1064382489     
   121.499997106921        15942.8668224378     
   121.599997100984        15935.6122126089     
   121.699997095047        15928.3428130109     
   121.799997089110        15921.0588365252     
   121.899997083174        15913.7605046311     
   121.999997077237        15906.4480472997     
   122.099997071300        15899.1217029484     
   122.199997065363        15891.7817183207     
   122.299997059426        15884.4283484472     
   122.399997053490        15877.0618565087     
   122.499997047553        15869.6825137836     
   122.599997041616        15862.2905995360     
   122.699997035679        15854.8864009077     
   122.799997029742        15847.4702128407     
   122.899997023805        15840.0423379532     
   122.999997017869        15832.6030864301     
   123.099997011932        15825.1527759236     
   123.199997005995        15817.6917314344     
   123.299997000058        15810.2202851837     
   123.399996994121        15802.7387764993     
   123.499996988185        15795.2475516914     
   123.599996982248        15787.7469639255     
   123.699996976311        15780.2373730870     
   123.799996970374        15772.7191456478     
   123.899996964437        15765.1926545309     
   123.999996958500        15757.6582789705     
   124.099996952564        15750.1164043692     
   124.199996946627        15742.5674221514     
   124.299996940690        15735.0117296152     
   124.399996934753        15727.4497297812     
   124.499996928816        15719.8818312376     
   124.599996922880        15712.3084479851     
   124.699996916943        15704.7299992770     
   124.799996911006        15697.1469094587     
   124.899996905069        15689.5596078031     
   124.999996899132        15681.9685283455     
   125.099996893195        15674.3741097144     
   125.199996887259        15666.7767949624     
   125.299996881322        15659.1770313931     
   125.399996875385        15651.5752703873     
   125.499996869448        15643.9719672270     
   125.599996863511        15636.3675809179     
   125.699996857575        15628.7625740090     
   125.799996851638        15621.1574124255     
   125.899996845701        15613.5525652423     
   125.999996839764        15605.9485045596     
   126.099996833827        15598.3457052848     
   126.199996827890        15590.7446449506     
   126.299996821954        15583.1458035320     
   126.399996816017        15575.5496632570     
   126.499996810080        15567.9567084189     
   126.599996804143        15560.3674251875     
   126.699996798206        15552.7823014193     
   126.799996792270        15545.2018264679     
   126.899996786333        15537.6264909940     
   126.999996780396        15530.0567867753     
   127.099996774459        15522.4932065173     
   127.199996768522        15514.9362436624     
   127.299996762585        15507.3863921997     
   127.399996756649        15499.8441464765     
   127.499996750712        15492.3100010080     
   127.599996744775        15484.7844502890     
   127.699996738838        15477.2679886066     
   127.799996732901        15469.7611098537     
   127.899996726965        15462.2643073424     
   127.999996721028        15454.7780736193     
   128.099996715091        15447.3029002812     
   128.199996709154        15439.8392777929     
   128.299996703217        15432.3876953055     
   128.399996697280        15424.9486404767     
   128.499996691344        15417.5225992932     
   128.599996685407        15410.1100558950     
   128.699996679470        15402.7114923997     
   128.799996673533        15395.3273887307     
   128.899996667596        15387.9582224461     
   128.999996661660        15380.6044685708     
   129.099996655723        15373.2665994295     
   129.199996649786        15365.9450844837     
   129.299996643849        15358.6403901697     
   129.399996637912        15351.3529797398     
   129.499996631975        15344.0833131060     
   129.599996626039        15336.8318466862     
   129.699996620102        15329.5990332538     
   129.799996614165        15322.3853217892     
   129.899996608228        15315.1911573346     
   129.999996602291        15308.0169808524     
   130.099996596355        15300.8632290857     
   130.199996590418        15293.7303344221     
   130.299996584481        15286.6187247619     
   130.399996578544        15279.5288233876     
   130.499996572607        15272.4610488385     
   130.599996566670        15265.4158147875     
   130.699996560734        15258.3935299220     
   130.799996554797        15251.3945978282     
   130.899996548860        15244.4194168777     
   130.999996542923        15237.4683801195     
   131.099996536986        15230.5418751746     
   131.199996531050        15223.6402841340     
   131.299996525113        15216.7639834609     
   131.399996519176        15209.9133438968     
   131.499996513239        15203.0887303718     
   131.599996507302        15196.2905019175     
   131.699996501365        15189.5190115805     
   131.799996495429        15182.7746063446     
   131.899996489492        15176.0576270568     
   131.999996483555        15169.3684083575     
   132.099996477618        15162.7072786106     
   132.199996471681        15156.0745598318     
   132.299996465745        15149.4705676360     
   132.399996459808        15142.8956111862     
   132.499996453871        15136.3499931282     
   132.599996447934        15129.8340095404     
   132.699996441997        15123.3479499051     
   132.799996436060        15116.8920970525     
   132.899996430124        15110.4667271162     
   132.999996424187        15104.0721095258     
   133.099996418250        15097.7085069428     
   133.199996412313        15091.3761752535     
   133.299996406376        15085.0753635498     
   133.399996400440        15078.8063140800     
   133.499996394503        15072.5692622789     
   133.599996388566        15066.3644366969     
   133.699996382629        15060.1920590535     
   133.799996376692        15054.0523441646     
   133.899996370756        15047.9455000081     
   133.999996364819        15041.8717276528     
   134.099996358882        15035.8312213342     
   134.199996352945        15029.8241683921     
   134.299996347008        15023.8507493357     
   134.399996341071        15017.9111378281     
   134.499996335135        15012.0055006932     
   134.599996329198        15006.1339979800     
   134.699996323261        15000.2967829201     
   134.799996317324        14994.4940019962     
   134.899996311387        14988.7257949800     
   134.999996305451        14982.9922949060     
   135.099996299514        14977.2936281504     
   135.199996293577        14971.6299144701     
   135.299996287640        14966.0012670151     
   135.399996281703        14960.4077923601     
   135.499996275766        14954.8495905814     
   135.599996269830        14949.3267552901     
   135.699996263893        14943.8393736799     
   135.799996257956        14938.3875265407     
   135.899996252019        14932.9712883565     
   135.999996246082        14927.5907273436     
   136.099996240146        14922.2459055044     
   136.199996234209        14916.9368786865     
   136.299996228272        14911.6636966479     
   136.399996222335        14906.4264030921     
   136.499996216398        14901.2250357446     
   136.599996210461        14896.0596264305     
   136.699996204525        14890.9302011294     
   136.799996198588        14885.8367800444     
   136.899996192651        14880.7793776669     
   136.999996186714        14875.7580028531     
   137.099996180777        14870.7726588926     
   137.199996174841        14865.8233435789     
   137.299996168904        14860.9100492695     
   137.399996162967        14856.0327629753     
   137.499996157030        14851.1914664430     
   137.599996151093        14846.3861362212     
   137.699996145156        14841.6167437419     
   137.799996139220        14836.8832553947     
   137.899996133283        14832.1856326080     
   137.999996127346        14827.5238319274     
   138.099996121409        14822.8978050903     
   138.199996115472        14818.3074991124     
   138.299996109536        14813.7528563929     
   138.399996103599        14809.2338147585     
   138.499996097662        14804.7503075581     
   138.599996091725        14800.3022637475     
   138.699996085788        14795.8896079708     
   138.799996079851        14791.5122606327     
   138.899996073915        14787.1701380156     
   138.999996067978        14782.8631523421     
   139.099996062041        14778.5912118478     
   139.199996056104        14774.3542208722     
   139.299996050167        14770.1520799313     
   139.399996044231        14765.9846858449     
   139.499996038294        14761.8519317793     
   139.599996032357        14757.7537073328     
   139.699996026420        14753.6898986126     
   139.799996020483        14749.6603883607     
   139.899996014546        14745.6650559994     
   139.999996008610        14741.7037777082     
   140.099996002673        14737.7764265129     
   140.199995996736        14733.8828724046     
   140.299995990799        14730.0229823662     
   140.399995984862        14726.1966204611     
   140.499995978926        14722.4036479611     
   140.599995972989        14718.6439233788     
   140.699995967052        14714.9173025400     
   140.799995961115        14711.2236387144     
   140.899995955178        14707.5627826516     
   140.999995949241        14703.9345826466     
   141.099995943305        14700.3388846715     
   141.199995937368        14696.7755324042     
   141.299995931431        14693.2443672988     
   141.399995925494        14689.7452287156     
   141.499995919557        14686.2779539312     
   141.599995913621        14682.8423782389     
   141.699995907684        14679.4383350441     
   141.799995901747        14676.0656558777     
   141.899995895810        14672.7241705305     
   141.999995889873        14669.4137070834     
   142.099995883936        14666.1340919708     
   142.199995878000        14662.8851500984     
   142.299995872063        14659.6667048396     
   142.399995866126        14656.4785781660     
   142.499995860189        14653.3205906753     
   142.599995854252        14650.1925616545     
   142.699995848316        14647.0943091835     
   142.799995842379        14644.0256501329     
   142.899995836442        14640.9864002971     
   142.999995830505        14637.9763743948     
   143.099995824568        14634.9953861645     
   143.199995818631        14632.0432484190     
   143.299995812695        14629.1197730751     
   143.399995806758        14626.2247712675     
   143.499995800821        14623.3580533318     
   143.599995794884        14620.5194289336     
   143.699995788947        14617.7087070604     
   143.799995783011        14614.9256961162     
   143.899995777074        14612.1702039581     
   143.999995771137        14609.4420379349     
   144.099995765200        14606.7410049775     
   144.199995759263        14604.0669115871     
   144.299995753326        14601.4195639563     
   144.399995747390        14598.7987679422     
   144.499995741453        14596.2043291793     
   144.599995735516        14593.6360530738     
   144.699995729579        14591.0937448796     
   144.799995723642        14588.5772097332     
   144.899995717706        14586.0862526806     
   144.999995711769        14583.6206787586     
   145.099995705832        14581.1802929773     
   145.199995699895        14578.7649004301     
   145.299995693958        14576.3743062593     
   145.399995688021        14574.0083157626     
   145.499995682085        14571.6667343739     
   145.599995676148        14569.3493677386     
   145.699995670211        14567.0560217321     
   145.799995664274        14564.7865024861     
   145.899995658337        14562.5406164560     
   145.999995652401        14560.3181703984     
   146.099995646464        14558.1189714730     
   146.199995640527        14555.9428271994     
   146.299995634590        14553.7895455563     
   146.399995628653        14551.6589349559     
   146.499995622716        14549.5508043069     
   146.599995616780        14547.4649630341     
   146.699995610843        14545.4012210849     
   146.799995604906        14543.3593890037     
   146.899995598969        14541.3392778903     
   146.999995593032        14539.3406994985     
   147.099995587096        14537.3634661928     
   147.199995581159        14535.4073910214     
   147.299995575222        14533.4722877151     
   147.399995569285        14531.5579707003     
   147.499995563348        14529.6642551618     
   147.599995557411        14527.7909569984     
   147.699995551475        14525.9378929157     
   147.799995545538        14524.1048803810     
   147.899995539601        14522.2917376813     
   147.999995533664        14520.4982839355     
   148.099995527727        14518.7243390804     
   148.199995521791        14516.9697239480     
   148.299995515854        14515.2342602100     
   148.399995509917        14513.5177704529     
   148.499995503980        14511.8200781616     
   148.599995498043        14510.1410077237     
   148.699995492106        14508.4803844923     
   148.799995486170        14506.8380347294     
   148.899995480233        14505.2137856817     
   148.999995474296        14503.6074655579     
   149.099995468359        14502.0189035299     
   149.199995462422        14500.4479297957     
   149.299995456486        14498.8943755203     
   149.399995450549        14497.3580729002     
   149.499995444612        14495.8388551551     
   149.599995438675        14494.3365565077     
   149.699995432738        14492.8510122551     
   149.799995426802        14491.3820587153     
   149.899995420865        14489.9295332559     
   149.999995414928        14488.4932743308     
