   95.0999986742407        14368.6327684573     
   95.1999986683039        14368.6327684283     
   95.2999986623671        14368.6327683992     
   95.3999986564303        14368.6327683702     
   95.4999986504935        14368.6327683411     
   95.5999986445566        14368.6327683121     
   95.6999986386198        14368.6327682830     
   95.7999986326830        14368.6327682540     
   95.8999986267462        14368.6327682249     
   95.9999986208094        14368.6327681959     
   96.0999986148725        14368.6327681668     
   96.1999986089357        14368.6327681378     
   96.2999986029989        14368.6327681087     
   96.3999985970621        14368.6327680796     
   96.4999985911253        14368.6327680505     
   96.5999985851885        14368.6327680215     
   96.6999985792516        14368.6327679924     
   96.7999985733148        14368.6327679633     
   96.8999985673780        14368.6327679343     
   96.9999985614412        14368.6327679052     
   97.0999985555044        14368.6327678761     
   97.1999985495676        14368.6327678470     
   97.2999985436307        14368.6327678180     
   97.3999985376939        14368.6327677889     
   97.4999985317571        14368.6327677598     
   97.5999985258203        14368.6327677307     
   97.6999985198835        14368.6327677016     
   97.7999985139466        14368.6327676725     
   97.8999985080098        14368.6327676434     
   97.9999985020730        14368.6327676143     
   98.0999984961362        14368.6327675852     
   98.1999984901994        14368.6327675561     
   98.2999984842626        14368.6327675270     
   98.3999984783257        14368.6327674979     
   98.4999984723889        14368.6327674688     
   98.5999984664521        14368.6327674397     
   98.6999984605153        14368.6327674106     
   98.7999984545785        14368.6327673815     
   98.8999984486417        14368.6327673524     
   98.9999984427048        14368.6327673233     
   99.0999984367680        14368.6327672942     
   99.1999984308312        14368.6327672650     
   99.2999984248944        14368.6327672359     
   99.3999984189576        14368.6327672068     
   99.4999984130207        14368.6327671777     
   99.5999984070839        14368.6327671486     
   99.6999984011471        14368.6327671194     
   99.7999983952103        14368.6327670903     
   99.8999983892735        14368.6327670612     
   99.9999983833367        14368.6327670320     
   100.099998377400        14694.6138465692     
   100.199998371463        14966.5963514236     
   100.299998365526        15196.3626570932     
   100.399998359589        15391.1673495095     
   100.499998353653        15556.8408610711     
   100.599998347716        15698.1356667541     
   100.699998341779        15818.9674858498     
   100.799998335842        15922.5928477903     
   100.899998329905        16011.7381799196     
   100.999998323968        16088.6877810777     
   101.099998318032        16155.3363471111     
   101.199998312095        16213.2188758212     
   101.299998306158        16263.5413580683     
   101.399998300221        16307.2333146731     
   101.499998294284        16345.0222977478     
   101.599998288348        16377.5105958545     
   101.699998282411        16405.2338720955     
   101.799998276474        16428.6944830312     
   101.899998270537        16448.3738163541     
   101.999998264600        16464.7320993331     
   102.099998258663        16478.2029976549     
   102.199998252727        16489.1875764259     
   102.299998246790        16498.0498126512     
   102.399998240853        16505.1143355257     
   102.499998234916        16510.6662861476     
   102.599998228979        16514.9528597226     
   102.699998223043        16518.1860096448     
   102.799998217106        16520.5458289464     
   102.899998211169        16522.1842137390     
   102.999998205232        16523.2285183715     
   103.099998199295        16523.7850115337     
   103.199998193358        16523.9420245934     
   103.299998187422        16523.7727443843     
   103.399998181485        16523.3376435109     
   103.499998175548        16522.6865660242     
   103.599998169611        16521.8604993588     
   103.699998163674        16520.8930687218     
   103.799998157738        16519.8117906629     
   103.899998151801        16518.6391204797     
   103.999998145864        16517.3933247417     
   104.099998139927        16516.0892064207     
   104.199998133990        16514.7387063437     
   104.299998128054        16513.3514011881     
   104.399998122117        16511.9349151218     
   104.499998116180        16510.4952594781     
   104.599998110243        16509.0371125437     
   104.699998104306        16507.5640495792     
   104.799998098369        16506.0787315538     
   104.899998092433        16504.5830597087     
   104.999998086496        16503.0783019403     
   105.099998080559        16501.5651960472     
   105.199998074622        16500.0440341186     
   105.299998068685        16498.5147317050     
   105.399998062749        16496.9768848353     
   105.499998056812        16495.4298176085     
   105.599998050875        16493.8726225037     
   105.699998044938        16492.3041953851     
   105.799998039001        16490.7232667653     
   105.899998033064        16489.1284306114     
   105.999998027128        16487.5181717098     
   106.099998021191        16485.8908923117     
   106.199998015254        16484.2449385278     
   106.299998009317        16482.5786266865     
   106.399998003380        16480.8902696395     
   106.499997997444        16479.1782028020     
   106.599997991507        16477.4408095427     
   106.699997985570        16475.6765454346     
   106.799997979633        16473.8839607888     
   106.899997973696        16472.0617209008     
   106.999997967759        16470.2086234528     
   107.099997961823        16468.3236126092     
   107.199997955886        16466.4057894468     
   107.299997949949        16464.4544185154     
   107.399997944012        16462.4689304635     
   107.499997938075        16460.4489208272     
   107.599997932139        16458.3941452285     
   107.699997926202        16456.3045113151     
   107.799997920265        16454.1800679240     
   107.899997914328        16452.0209919994     
   107.999997908391        16449.8275738095     
   108.099997902454        16447.6002009623     
   108.199997896518        16445.3393418855     
   108.299997890581        16443.0455291695     
   108.399997884644        16440.7193432531     
   108.499997878707        16438.3613968306     
   108.599997872770        16435.9723202639     
   108.699997866834        16433.5527482375     
   108.799997860897        16431.1033078249     
   108.899997854960        16428.6246080283     
   108.999997849023        16426.1172308721     
   109.099997843086        16423.5817239932     
   109.199997837149        16421.0185947231     
   109.299997831213        16418.4283054952     
   109.399997825276        16415.8112706175     
   109.499997819339        16413.1678541455     
   109.599997813402        16410.4983688112     
   109.699997807465        16407.8030758355     
   109.799997801529        16405.0821855726     
   109.899997795592        16402.3358587128     
   109.999997789655        16399.5642081346     
   110.099997783718        16396.7673011134     
   110.199997777781        16393.9451618431     
   110.299997771844        16391.0977742741     
   110.399997765908        16388.2250850788     
   110.499997759971        16385.3270067045     
   110.599997754034        16382.4034205347     
   110.699997748097        16379.4541799655     
   110.799997742160        16376.4791134610     
   110.899997736224        16373.4780276006     
   110.999997730287        16370.4507099233     
   111.099997724350        16367.3969317313     
   111.199997718413        16364.3164506975     
   111.299997712476        16361.2090133796     
   111.399997706539        16358.0743575090     
   111.499997700603        16354.9122142018     
   111.599997694666        16351.7223099273     
   111.699997688729        16348.5043683598     
   111.799997682792        16345.2581120733     
   111.899997676855        16341.9832640325     
   111.999997670919        16338.6795489865     
   112.099997664982        16335.3466946824     
   112.199997659045        16331.9844329212     
   112.299997653108        16328.5925005363     
   112.399997647171        16325.1706401703     
   112.499997641234        16321.7186009824     
   112.599997635298        16318.2361392327     
   112.699997629361        16314.7230187241     
   112.799997623424        16311.1790112215     
   112.899997617487        16307.6038966765     
   112.999997611550        16303.9974634921     
   113.099997605614        16300.3595085828     
   113.199997599677        16296.6898374976     
   113.299997593740        16292.9882643643     
   113.399997587803        16289.2546118740     
   113.499997581866        16285.4887111786     
   113.599997575929        16281.6904017212     
   113.699997569993        16277.8595311322     
   113.799997564056        16273.9959549818     
   113.899997558119        16270.0995365684     
   113.999997552182        16266.1701467429     
   114.099997546245        16262.2076636185     
   114.199997540309        16258.2119723300     
   114.299997534372        16254.1829648120     
   114.399997528435        16250.1205395638     
   114.499997522498        16246.0246013792     
   114.599997516561        16241.8950611307     
   114.699997510624        16237.7318355414     
   114.799997504688        16233.5348470208     
   114.899997498751        16229.3040234337     
   114.999997492814        16225.0392979286     
   115.099997486877        16220.7406087837     
   115.199997480940        16216.4078992643     
   115.299997475004        16212.0411174930     
   115.399997469067        16207.6402163465     
   115.499997463130        16203.2051533922     
   115.599997457193        16198.7358907808     
   115.699997451256        16194.2323952016     
   115.799997445319        16189.6946378477     
   115.899997439383        16185.1225943948     
   115.999997433446        16180.5162449929     
   116.099997427509        16175.8755742747     
   116.199997421572        16171.2005713756     
   116.299997415635        16166.4912299620     
   116.399997409699        16161.7475482833     
   116.499997403762        16156.9695292269     
   116.599997397825        16152.1571803569     
   116.699997391888        16147.3105140011     
   116.799997385951        16142.4295473728     
   116.899997380014        16137.5143025894     
   116.999997374078        16132.5648067871     
   117.099997368141        16127.5810922105     
   117.199997362204        16122.5631963160     
   117.299997356267        16117.5111618682     
   117.399997350330        16112.4250370419     
   117.499997344394        16107.3048755300     
   117.599997338457        16102.1507366461     
   117.699997332520        16096.9626853956     
   117.799997326583        16091.7407926176     
   117.899997320646        16086.4851350754     
   117.999997314709        16081.1957955533     
   118.099997308773        16075.8728629604     
   118.199997302836        16070.5164324164     
   118.299997296899        16065.1266053197     
   118.399997290962        16059.7034894796     
   118.499997285025        16054.2471991895     
   118.599997279089        16048.7578553067     
   118.699997273152        16043.2355852957     
   118.799997267215        16037.6805233542     
   118.899997261278        16032.0928104775     
   118.999997255341        16026.4725944746     
   119.099997249404        16020.8200300817     
   119.199997243468        16015.1352790201     
   119.299997237531        16009.4185099955     
   119.399997231594        16003.6698988155     
   119.499997225657        15997.8896283907     
   119.599997219720        15992.0778887804     
   119.699997213784        15986.2348772582     
   119.799997207847        15980.3607982894     
   119.899997201910        15974.4558636259     
   119.999997195973        15968.5202922585     
   120.099997190036        15962.5543105057     
   120.199997184100        15956.5581519620     
   120.299997178163        15950.5320575693     
   120.399997172226        15944.4762755727     
   120.499997166289        15938.3910615560     
   120.599997160352        15932.2766784309     
   120.699997154415        15926.1333964154     
   120.799997148479        15919.9614930572     
   120.899997142542        15913.7612531848     
   120.999997136605        15907.5329689077     
   121.099997130668        15901.2769396026     
   121.199997124731        15894.9934718671     
   121.299997118795        15888.6828795012     
   121.399997112858        15882.3454834793     
   121.499997106921        15875.9816119076     
   121.599997100984        15869.5915999775     
   121.699997095047        15863.1757899288     
   121.799997089110        15856.7345310006     
   121.899997083174        15850.2681793801     
   121.999997077237        15843.7770981416     
   122.099997071300        15837.2616571897     
   122.199997065363        15830.7222331970     
   122.299997059426        15824.1592095373     
   122.399997053490        15817.5729762149     
   122.499997047553        15810.9639297904     
   122.599997041616        15804.3324733031     
   122.699997035679        15797.6790161903     
   122.799997029742        15791.0039742015     
   122.899997023805        15784.3077693112     
   122.999997017869        15777.5908296267     
   123.099997011932        15770.8535892933     
   123.199997005995        15764.0964883953     
   123.299997000058        15757.3199728542     
   123.399996994121        15750.5244943235     
   123.499996988185        15743.7105100801     
   123.599996982248        15736.8784829113     
   123.699996976311        15730.0288810008     
   123.799996970374        15723.1621778096     
   123.899996964437        15716.2788519546     
   123.999996958500        15709.3793870842     
   124.099996952564        15702.4642717505     
   124.199996946627        15695.5339992781     
   124.299996940690        15688.5890676313     
   124.399996934753        15681.6299792768     
   124.499996928816        15674.6572410439     
   124.599996922880        15667.6713639832     
   124.699996916943        15660.6728632228     
   124.799996911006        15653.6622578208     
   124.899996905069        15646.6400706149     
   124.999996899132        15639.6068280692     
   125.099996893195        15632.5630601201     
   125.199996887259        15625.5093000218     
   125.299996881322        15618.4460841868     
   125.399996875385        15611.3739520235     
   125.499996869448        15604.2934457709     
   125.599996863511        15597.2051103392     
   125.699996857575        15590.1094931419     
   125.799996851638        15583.0071439263     
   125.899996845701        15575.8986146009     
   125.999996839764        15568.7844590695     
   126.099996833827        15561.6652330586     
   126.199996827890        15554.5414939392     
   126.299996821954        15547.4138005528     
   126.399996816017        15540.2827130399     
   126.499996810080        15533.1487926615     
   126.599996804143        15526.0126016166     
   126.699996798206        15518.8747028694     
   126.799996792270        15511.7356599722     
   126.899996786333        15504.5960368886     
   126.999996780396        15497.4563977917     
   127.099996774459        15490.3173069060     
   127.199996768522        15483.1793283385     
   127.299996762585        15476.0430258724     
   127.399996756649        15468.9089628032     
   127.499996750712        15461.7777017581     
   127.599996744775        15454.6498045128     
   127.699996738838        15447.5258318163     
   127.799996732901        15440.4063432160     
   127.899996726965        15433.2918968800     
   127.999996721028        15426.1830494162     
   128.099996715091        15419.0803557054     
   128.199996709154        15411.9843687257     
   128.299996703217        15404.8956393788     
   128.399996697280        15397.8147163171     
   128.499996691344        15390.7421457806     
   128.599996685407        15383.6784714265     
   128.699996679470        15376.6242341624     
   128.799996673533        15369.5799719802     
   128.899996667596        15362.5462197988     
   128.999996661660        15355.5235093026     
   129.099996655723        15348.5123687823     
   129.199996649786        15341.5133229780     
   129.299996643849        15334.5268929270     
   129.399996637912        15327.5535958143     
   129.499996631975        15320.5939448231     
   129.599996626039        15313.6484489882     
   129.699996620102        15306.7176130530     
   129.799996614165        15299.8019373277     
   129.899996608228        15292.9019175536     
   129.999996602291        15286.0180447680     
   130.099996596355        15279.1508051721     
   130.199996590418        15272.3006800019     
   130.299996584481        15265.4681454029     
   130.399996578544        15258.6536723072     
   130.499996572607        15251.8577263146     
   130.599996566670        15245.0807675764     
   130.699996560734        15238.3232506831     
   130.799996554797        15231.5856245549     
   130.899996548860        15224.8683323356     
   130.999996542923        15218.1718112914     
   131.099996536986        15211.4964927109     
   131.199996531050        15204.8428018102     
   131.299996525113        15198.2111576415     
   131.399996519176        15191.6019730046     
   131.499996513239        15185.0156543628     
   131.599996507302        15178.4526017618     
   131.699996501365        15171.9132087527     
   131.799996495429        15165.3978623183     
   131.899996489492        15158.9069428035     
   131.999996483555        15152.4408238495     
   132.099996477618        15145.9998723316     
   132.199996471681        15139.5844483025     
   132.299996465745        15133.1949049323     
   132.399996459808        15126.8315884591     
   132.499996453871        15120.4948381430     
   132.599996447934        15114.1849862237     
   132.699996441997        15107.9023578812     
   132.799996436060        15101.6472711889     
   132.899996430124        15095.4200370890     
   132.999996424187        15089.2209593710     
   133.099996418250        15083.0503346302     
   133.199996412313        15076.9084522476     
   133.299996406376        15070.7955943896     
   133.399996400440        15064.7120359695     
   133.499996394503        15058.6580446422     
   133.599996388566        15052.6338808163     
   133.699996382629        15046.6397976080     
   133.799996376692        15040.6760408861     
   133.899996370756        15034.7428492343     
   133.999996364819        15028.8404539812     
   134.099996358882        15022.9690791978     
   134.199996352945        15017.1289417090     
   134.299996347008        15011.3202511112     
   134.399996341071        15005.5432097885     
   134.499996335135        14999.7980129242     
   134.599996329198        14994.0848485511     
   134.699996323261        14988.4038975271     
   134.799996317324        14982.7553336319     
   134.899996311387        14977.1393235285     
   134.999996305451        14971.5560268441     
   135.099996299514        14966.0055962091     
   135.199996293577        14960.4881772450     
   135.299996287640        14955.0039086638     
   135.399996281703        14949.5529223034     
   135.499996275766        14944.1353431249     
   135.599996269830        14938.7512893143     
   135.699996263893        14933.4008723271     
   135.799996257956        14928.0841969258     
   135.899996252019        14922.8013612169     
   135.999996246082        14917.5524567478     
   136.099996240146        14912.3375685497     
   136.199996234209        14907.1567752076     
   136.299996228272        14902.0101488976     
   136.399996222335        14896.8977554567     
   136.499996216398        14891.8196544715     
   136.599996210461        14886.7758993333     
   136.699996204525        14881.7665373057     
   136.799996198588        14876.7916095960     
   136.899996192651        14871.8511514278     
   136.999996186714        14866.9451921166     
   137.099996180777        14862.0737551430     
   137.199996174841        14857.2368582208     
   137.299996168904        14852.4345133680     
   137.399996162967        14847.6667270200     
   137.499996157030        14842.9335000632     
   137.599996151093        14838.2348279651     
   137.699996145156        14833.5707007871     
   137.799996139220        14828.9411033217     
   137.899996133283        14824.3460151624     
   137.999996127346        14819.7854107762     
   138.099996121409        14815.2592595874     
   138.199996115472        14810.7675260725     
   138.299996109536        14806.3101698507     
   138.399996103599        14801.8871457429     
   138.499996097662        14797.4984038685     
   138.599996091725        14793.1438897319     
   138.699996085788        14788.8235443083     
   138.799996079851        14784.5373041292     
   138.899996073915        14780.2851013625     
   138.999996067978        14776.0668639003     
   139.099996062041        14771.8825154772     
   139.199996056104        14767.7319757123     
   139.299996050167        14763.6151602097     
   139.399996044231        14759.5319806442     
   139.499996038294        14755.4823448368     
   139.599996032357        14751.4661568823     
   139.699996026420        14747.4833171969     
   139.799996020483        14743.5337226052     
   139.899996014546        14739.6172664205     
   139.999996008610        14735.7338385560     
   140.099996002673        14731.8833256042     
   140.199995996736        14728.0656108961     
   140.299995990799        14724.2805745844     
   140.399995984862        14720.5280937684     
   140.499995978926        14716.8080425448     
   140.599995972989        14713.1202920788     
   140.699995967052        14709.4647106982     
   140.799995961115        14705.8411640049     
   140.899995955178        14702.2495149030     
   140.999995949241        14698.6896236898     
   141.099995943305        14695.1613481817     
   141.199995937368        14691.6645437354     
   141.299995931431        14688.1990633314     
   141.399995925494        14684.7647577017     
   141.499995919557        14681.3614753478     
   141.599995913621        14677.9890626250     
   141.699995907684        14674.6473638641     
   141.799995901747        14671.3362213822     
   141.899995895810        14668.0554755825     
   141.999995889873        14664.8049650521     
   142.099995883936        14661.5845265732     
   142.199995878000        14658.3939952504     
   142.299995872063        14655.2332045554     
   142.399995866126        14652.1019863715     
   142.499995860189        14649.0001711225     
   142.599995854252        14645.9275877726     
   142.699995848316        14642.8840639286     
   142.799995842379        14639.8694259116     
   142.899995836442        14636.8834987736     
   142.999995830505        14633.9261064288     
   143.099995824568        14630.9970716512     
   143.199995818631        14628.0962161701     
   143.299995812695        14625.2233607342     
   143.399995806758        14622.3783251283     
   143.499995800821        14619.5609282981     
   143.599995794884        14616.7709883363     
   143.699995788947        14614.0083225910     
   143.799995783011        14611.2727476980     
   143.899995777074        14608.5640796205     
   143.999995771137        14605.8821337501     
   144.099995765200        14603.2267248895     
   144.199995759263        14600.5976673757     
   144.299995753326        14597.9947750694     
   144.399995747390        14595.4178614405     
   144.499995741453        14592.8667396098     
   144.599995735516        14590.3412223688     
   144.699995729579        14587.8411222822     
   144.799995723642        14585.3662516600     
   144.899995717706        14582.9164226747     
   144.999995711769        14580.4914473439     
   145.099995705832        14578.0911376104     
   145.199995699895        14575.7153053745     
   145.299995693958        14573.3637625109     
   145.399995688021        14571.0363209609     
   145.499995682085        14568.7327926997     
   145.599995676148        14566.4529898484     
   145.699995670211        14564.1967246469     
   145.799995664274        14561.9638095319     
   145.899995658337        14559.7540571577     
   145.999995652401        14557.5672804121     
   146.099995646464        14555.4032924979     
   146.199995640527        14553.2619068973     
   146.299995634590        14551.1429374760     
   146.399995628653        14549.0461984508     
   146.499995622716        14546.9715044606     
   146.599995616780        14544.9186705838     
   146.699995610843        14542.8875123438     
   146.799995604906        14540.8778457905     
   146.899995598969        14538.8894874549     
   146.999995593032        14536.9222544467     
   147.099995587096        14534.9759644243     
   147.199995581159        14533.0504356438     
   147.299995575222        14531.1454869940     
   147.399995569285        14529.2609379743     
   147.499995563348        14527.3966087842     
   147.599995557411        14525.5523202745     
   147.699995551475        14523.7278940194     
   147.799995545538        14521.9231523186     
   147.899995539601        14520.1379181940     
   147.999995533664        14518.3720154654     
   148.099995527727        14516.6252686984     
   148.199995521791        14514.8975032796     
   148.299995515854        14513.1885454067     
   148.399995509917        14511.4982220882     
   148.499995503980        14509.8263612143     
   148.599995498043        14508.1727915016     
   148.699995492106        14506.5373425621     
   148.799995486170        14504.9198448985     
   148.899995480233        14503.3201298902     
   148.999995474296        14501.7380298691     
   149.099995468359        14500.1733780644     
   149.199995462422        14498.6260086491     
   149.299995456486        14497.0957567634     
   149.399995450549        14495.5824584744     
   149.499995444612        14494.0859508494     
   149.599995438675        14492.6060719241     
   149.699995432738        14491.1426607026     
   149.799995426802        14489.6955572219     
   149.899995420865        14488.2646024954     
   149.999995414928        14486.8496385484     
