   95.0999986742407        14368.6327684573     
   95.1999986683039        14368.6327684283     
   95.2999986623671        14368.6327683992     
   95.3999986564303        14368.6327683702     
   95.4999986504935        14368.6327683411     
   95.5999986445566        14368.6327683121     
   95.6999986386198        14368.6327682830     
   95.7999986326830        14368.6327682540     
   95.8999986267462        14368.6327682249     
   95.9999986208094        14368.6327681959     
   96.0999986148725        14368.6327681668     
   96.1999986089357        14368.6327681378     
   96.2999986029989        14368.6327681087     
   96.3999985970621        14368.6327680796     
   96.4999985911253        14368.6327680506     
   96.5999985851885        14368.6327680215     
   96.6999985792516        14368.6327679924     
   96.7999985733148        14368.6327679633     
   96.8999985673780        14368.6327679343     
   96.9999985614412        14368.6327679052     
   97.0999985555044        14368.6327678761     
   97.1999985495676        14368.6327678470     
   97.2999985436307        14368.6327678180     
   97.3999985376939        14368.6327677889     
   97.4999985317571        14368.6327677598     
   97.5999985258203        14368.6327677307     
   97.6999985198835        14368.6327677016     
   97.7999985139466        14368.6327676725     
   97.8999985080098        14368.6327676434     
   97.9999985020730        14368.6327676143     
   98.0999984961362        14368.6327675852     
   98.1999984901994        14368.6327675561     
   98.2999984842626        14368.6327675270     
   98.3999984783257        14368.6327674979     
   98.4999984723889        14368.6327674688     
   98.5999984664521        14368.6327674397     
   98.6999984605153        14368.6327674106     
   98.7999984545785        14368.6327673815     
   98.8999984486417        14368.6327673524     
   98.9999984427048        14368.6327673233     
   99.0999984367680        14368.6327672942     
   99.1999984308312        14368.6327672650     
   99.2999984248944        14368.6327672359     
   99.3999984189576        14368.6327672068     
   99.4999984130207        14368.6327671777     
   99.5999984070839        14368.6327671485     
   99.6999984011471        14368.6327671194     
   99.7999983952103        14368.6327670903     
   99.8999983892735        14368.6327670612     
   99.9999983833367        14368.6327670320     
   100.099998377400        14368.6405729675     
   100.199998371463        14368.6890783936     
   100.299998365526        14368.8069564972     
   100.399998359589        14369.0168800785     
   100.499998353653        14369.3406371102     
   100.599998347716        14369.8026864482     
   100.699998341779        14370.4328890937     
   100.799998335842        14371.2683841538     
   100.899998329905        14372.3536873537     
   100.999998323968        14373.7369620248     
   101.099998318032        14375.4596306422     
   101.199998312095        14377.5378770384     
   101.299998306158        14379.9400922365     
   101.399998300221        14382.5717744715     
   101.499998294284        14385.2804461708     
   101.599998288348        14387.8825731637     
   101.699998282411        14390.2006920386     
   101.799998276474        14392.0948264376     
   101.899998270537        14393.4789712017     
   101.999998264600        14394.3225009206     
   102.099998258663        14394.6414767033     
   102.199998252727        14394.4855222410     
   102.299998246790        14393.9244164572     
   102.399998240853        14393.0366737399     
   102.499998234916        14391.9009643920     
   102.599998228979        14390.5903817155     
   102.699998223043        14389.1691454818     
   102.799998217106        14387.6911798765     
   102.899998211169        14386.2000014618     
   102.999998205232        14384.7294279342     
   103.099998199295        14383.3047262494     
   103.199998193358        14381.9439297257     
   103.299998187422        14380.6591501187     
   103.399998181485        14379.4577852464     
   103.499998175548        14378.3435749684     
   103.599998169611        14377.3174918312     
   103.699998163674        14376.3784721265     
   103.799998157738        14375.5240031795     
   103.899998151801        14374.7505865434     
   103.999998145864        14374.0540972684     
   104.099998139927        14373.4300580312     
   104.199998133990        14372.8738446666     
   104.299998128054        14372.3808371790     
   104.399998122117        14371.9465279267     
   104.499998116180        14371.5665965198     
   104.599998110243        14371.2369591060     
   104.699998104306        14370.9537981487     
   104.799998098369        14370.7135775071     
   104.899998092433        14370.5130465606     
   104.999998086496        14370.3492362779     
   105.099998080559        14370.2194494224     
   105.199998074622        14370.1212465588     
   105.299998068685        14370.0524290728     
   105.399998062749        14370.0110200815     
   105.499998056812        14369.9952438387     
   105.599998050875        14370.0035040286     
   105.699998044938        14370.0343611862     
   105.799998039001        14370.0865093643     
   105.899998033064        14370.1587520981     
   105.999998027128        14370.2499776779     
   106.099998021191        14370.3591337388     
   106.199998015254        14370.4852012230     
   106.299998009317        14370.6271678362     
   106.399998003380        14370.7840012249     
   106.499997997444        14370.9546223646     
   106.599997991507        14371.1378795825     
   106.699997985570        14371.3325241552     
   106.799997979633        14371.5371884215     
   106.899997973696        14371.7503676125     
   106.999997967759        14371.9704067388     
   107.099997961823        14372.1954939244     
   107.199997955886        14372.4236615051     
   107.299997949949        14372.6527959792     
   107.399997944012        14372.8806576806     
   107.499997938075        14373.1049100052     
   107.599997932139        14373.3231582330     
   107.699997926202        14373.5329963733     
   107.799997920265        14373.7320602871     
   107.899997914328        14373.9180845339     
   107.999997908391        14374.0889599679     
   108.099997902454        14374.2427889010     
   108.199997896518        14374.3779347296     
   108.299997890581        14374.4930632578     
   108.399997884644        14374.5871735430     
   108.499997878707        14374.6596168307     
   108.599997872770        14374.7101029857     
   108.699997866834        14374.7386946979     
   108.799997860897        14374.7457903594     
   108.899997854960        14374.7320972415     
   108.999997849023        14374.6985969618     
   109.099997843086        14374.6465054028     
   109.199997837149        14374.5772293364     
   109.299997831213        14374.4923218457     
   109.399997825276        14374.3934384152     
   109.499997819339        14374.2822952372     
   109.599997813402        14374.1606309263     
   109.699997807465        14374.0301724793     
   109.799997801529        14373.8926059814     
   109.899997795592        14373.7495522642     
   109.999997789655        14373.6025474787     
   110.099997783718        14373.4530283557     
   110.199997777781        14373.3023217853     
   110.299997771844        14373.1516382091     
   110.399997765908        14373.0020684943     
   110.499997759971        14372.8545834928     
   110.599997754034        14372.7100360207     
   110.699997748097        14372.5691646533     
   110.799997742160        14372.4325989273     
   110.899997736224        14372.3008655679     
   110.999997730287        14372.1743953906     
   111.099997724350        14372.0535305968     
   111.199997718413        14371.9385322513     
   111.299997712476        14371.8295876833     
   111.399997706539        14371.7268178017     
   111.499997700603        14371.6302840077     
   111.599997694666        14371.5399948403     
   111.699997688729        14371.4559121748     
   111.799997682792        14371.3779569610     
   111.899997676855        14371.3060145045     
   111.999997670919        14371.2399393460     
   112.099997664982        14371.1795595939     
   112.199997659045        14371.1246808985     
   112.299997653108        14371.0750900412     
   112.399997647171        14371.0305580873     
   112.499997641234        14370.9908432901     
   112.599997635298        14370.9556936032     
   112.699997629361        14370.9248489820     
   112.799997623424        14370.8980434316     
   112.899997617487        14370.8750068132     
   112.999997611550        14370.8554665369     
   113.099997605614        14370.8391490300     
   113.199997599677        14370.8257811099     
   113.299997593740        14370.8150912636     
   113.399997587803        14370.8068107745     
   113.499997581866        14370.8006748392     
   113.599997575929        14370.7964235724     
   113.699997569993        14370.7938029495     
   113.799997564056        14370.7925657243     
   113.899997558119        14370.7924723196     
   113.999997552182        14370.7932916029     
   114.099997546245        14370.7948016339     
   114.199997540309        14370.7967904302     
   114.299997534372        14370.7990565771     
   114.399997528435        14370.8014099353     
   114.499997522498        14370.8036719337     
   114.599997516561        14370.8056764138     
   114.699997510624        14370.8072697727     
   114.799997504688        14370.8083113520     
   114.899997498751        14370.8086737348     
   114.999997492814        14370.8082428488     
   115.099997486877        14370.8069180503     
   115.199997480940        14370.8046121161     
   115.299997475004        14370.8012511566     
   115.399997469067        14370.7967743745     
   115.499997463130        14370.7911337951     
   115.599997457193        14370.7842938949     
   115.699997451256        14370.7762311512     
   115.799997445319        14370.7669335174     
   115.899997439383        14370.7563998332     
   115.999997433446        14370.7446391743     
   116.099997427509        14370.7316701545     
   116.199997421572        14370.7175201835     
   116.299997415635        14370.7022246944     
   116.399997409699        14370.6858263508     
   116.499997403762        14370.6683742367     
   116.599997397825        14370.6499230421     
   116.699997391888        14370.6305322561     
   116.799997385951        14370.6102653756     
   116.899997380014        14370.5891891321     
   116.999997374078        14370.5673727089     
   117.099997368141        14370.5448870543     
   117.199997362204        14370.5218041986     
   117.299997356267        14370.4981966122     
   117.399997350330        14370.4741366054     
   117.499997344394        14370.4496957975     
   117.599997338457        14370.4249445817     
   117.699997332520        14370.3999516872     
   117.799997326583        14370.3747838124     
   117.899997320646        14370.3495052446     
   117.999997314709        14370.3241775573     
   118.099997308773        14370.2988594006     
   118.199997302836        14370.2736061871     
   118.299997296899        14370.2484700269     
   118.399997290962        14370.2234995589     
   118.499997285025        14370.1987398794     
   118.599997279089        14370.1742324838     
   118.699997273152        14370.1500152491     
   118.799997267215        14370.1261224386     
   118.899997261278        14370.1025847409     
   118.999997255341        14370.0794293326     
   119.099997249404        14370.0566799581     
   119.199997243468        14370.0343570297     
   119.299997237531        14370.0124777469     
   119.399997231594        14369.9910562230     
   119.499997225657        14369.9701036238     
   119.599997219720        14369.9496283112     
   119.699997213784        14369.9296360014     
   119.799997207847        14369.9101299312     
   119.899997201910        14369.8911110343     
   119.999997195973        14369.8725780884     
   120.099997190036        14369.8545278905     
   120.199997184100        14369.8369554139     
   120.299997178163        14369.8198539811     
   120.399997172226        14369.8032154220     
   120.499997166289        14369.7870302333     
   120.599997160352        14369.7712877255     
   120.699997154415        14369.7559761797     
   120.799997148479        14369.7410829851     
   120.899997142542        14369.7265947753     
   120.999997136605        14369.7124975664     
   121.099997130668        14369.6987768863     
   121.199997124731        14369.6854178664     
   121.299997118795        14369.6724053775     
   121.399997112858        14369.6597241163     
   121.499997106921        14369.6473587056     
   121.599997100984        14369.6352937890     
   121.699997095047        14369.6235141210     
   121.799997089110        14369.6120046343     
   121.899997083174        14369.6007504723     
   121.999997077237        14369.5897371026     
   122.099997071300        14369.5789503780     
   122.199997065363        14369.5683765746     
   122.299997059426        14369.5580023574     
   122.399997053490        14369.5478149299     
   122.499997047553        14369.5378020347     
   122.599997041616        14369.5279519177     
   122.699997035679        14369.5182534271     
   122.799997029742        14369.5086959919     
   122.899997023805        14369.4992696372     
   122.999997017869        14369.4899649847     
   123.099997011932        14369.4807732837     
   123.199997005995        14369.4716863784     
   123.299997000058        14369.4626967189     
   123.399996994121        14369.4537973605     
   123.499996988185        14369.4449819340     
   123.599996982248        14369.4362446578     
   123.699996976311        14369.4275802969     
   123.799996970374        14369.4189841651     
   123.899996964437        14369.4104520973     
   123.999996958500        14369.4019804367     
   124.099996952564        14369.3935659995     
   124.199996946627        14369.3852060604     
   124.299996940690        14369.3768983353     
   124.399996934753        14369.3686409367     
   124.499996928816        14369.3604323561     
   124.599996922880        14369.3522714702     
   124.699996916943        14369.3441574686     
   124.799996911006        14369.3360898355     
   124.899996905069        14369.3280683743     
   124.999996899132        14369.3200930888     
   125.099996893195        14369.3121642724     
   125.199996887259        14369.3042823859     
   125.299996881322        14369.2964480767     
   125.399996875385        14369.2886621908     
   125.499996869448        14369.2809256439     
   125.599996863511        14369.2732395576     
   125.699996857575        14369.2656050660     
   125.799996851638        14369.2580234399     
   125.899996845701        14369.2504959881     
   125.999996839764        14369.2430240423     
   126.099996833827        14369.2356090160     
   126.199996827890        14369.2282523064     
   126.299996821954        14369.2209552752     
   126.399996816017        14369.2137193122     
   126.499996810080        14369.2065457931     
   126.599996804143        14369.1994360505     
   126.699996798206        14369.1923913252     
   126.799996792270        14369.1854128460     
   126.899996786333        14369.1785017706     
   126.999996780396        14369.1716592019     
   127.099996774459        14369.1648861591     
   127.199996768522        14369.1581835867     
   127.299996762585        14369.1515523496     
   127.399996756649        14369.1449932265     
   127.499996750712        14369.1385069073     
   127.599996744775        14369.1320939994     
   127.699996738838        14369.1257550130     
   127.799996732901        14369.1194903814     
   127.899996726965        14369.1133004388     
   127.999996721028        14369.1071854323     
   128.099996715091        14369.1011455189     
   128.199996709154        14369.0951807735     
   128.299996703217        14369.0892912014     
   128.399996697280        14369.0834767017     
   128.499996691344        14369.0777371103     
   128.599996685407        14369.0720721878     
   128.699996679470        14369.0664816201     
   128.799996673533        14369.0609650198     
   128.899996667596        14369.0555219541     
   128.999996661660        14369.0501519023     
   129.099996655723        14369.0448543004     
   129.199996649786        14369.0396285368     
   129.299996643849        14369.0344739344     
   129.399996637912        14369.0293897850     
   129.499996631975        14369.0243753261     
   129.599996626039        14369.0194297693     
   129.699996620102        14369.0145522805     
   129.799996614165        14369.0097420026     
   129.899996608228        14369.0049980504     
   129.999996602291        14369.0003195113     
   130.099996596355        14368.9957054609     
   130.199996590418        14368.9911549451     
   130.299996584481        14368.9866670160     
   130.399996578544        14368.9822406937     
   130.499996572607        14368.9778750060     
   130.599996566670        14368.9735689773     
   130.699996560734        14368.9693216126     
   130.799996554797        14368.9651319299     
   130.899996548860        14368.9609989590     
   130.999996542923        14368.9569217218     
   131.099996536986        14368.9528992644     
   131.199996531050        14368.9489306340     
   131.299996525113        14368.9450148403     
   131.399996519176        14368.9411509646     
   131.499996513239        14368.9373380688     
   131.599996507302        14368.9335752578     
   131.699996501365        14368.9298616273     
   131.799996495429        14368.9261963093     
   131.899996489492        14368.9225784399     
   131.999996483555        14368.9190071753     
   132.099996477618        14368.9154817025     
   132.199996471681        14368.9120012149     
   132.299996465745        14368.9085649409     
   132.399996459808        14368.9051721213     
   132.499996453871        14368.9018220035     
   132.599996447934        14368.8985138405     
   132.699996441997        14368.8952469407     
   132.799996436060        14368.8920206140     
   132.899996430124        14368.8888342084     
   132.999996424187        14368.8856870594     
   133.099996418250        14368.8825785684     
   133.199996412313        14368.8795081164     
   133.299996406376        14368.8764751207     
   133.399996400440        14368.8734790235     
   133.499996394503        14368.8705192795     
   133.599996388566        14368.8675953321     
   133.699996382629        14368.8647066549     
   133.799996376692        14368.8618527581     
   133.899996370756        14368.8590331608     
   133.999996364819        14368.8562473741     
   134.099996358882        14368.8534949571     
   134.199996352945        14368.8507754579     
   134.299996347008        14368.8480884468     
   134.399996341071        14368.8454335220     
   134.499996335135        14368.8428102555     
   134.599996329198        14368.8402182951     
   134.699996323261        14368.8376572487     
   134.799996317324        14368.8351267407     
   134.899996311387        14368.8326263709     
   134.999996305451        14368.8301558169     
   135.099996299514        14368.8277147144     
   135.199996293577        14368.8253027340     
   135.299996287640        14368.8229195416     
   135.399996281703        14368.8205648285     
   135.499996275766        14368.8182382655     
   135.599996269830        14368.8159395598     
   135.699996263893        14368.8136683913     
   135.799996257956        14368.8114244654     
   135.899996252019        14368.8092074822     
   135.999996246082        14368.8070171821     
   136.099996240146        14368.8048532406     
   136.199996234209        14368.8027154296     
   136.299996228272        14368.8006034512     
   136.399996222335        14368.7985170185     
   136.499996216398        14368.7964558510     
   136.599996210461        14368.7944196798     
   136.699996204525        14368.7924082671     
   136.799996198588        14368.7904213097     
   136.899996192651        14368.7884585711     
   136.999996186714        14368.7865197982     
   137.099996180777        14368.7846047197     
   137.199996174841        14368.7827130840     
   137.299996168904        14368.7808446621     
   137.399996162967        14368.7789991646     
   137.499996157030        14368.7771763723     
   137.599996151093        14368.7753760097     
   137.699996145156        14368.7735978481     
   137.799996139220        14368.7718416475     
   137.899996133283        14368.7701071653     
   137.999996127346        14368.7683941518     
   138.099996121409        14368.7667023500     
   138.199996115472        14368.7650315421     
   138.299996109536        14368.7633814638     
   138.399996103599        14368.7617519220     
   138.499996097662        14368.7601426487     
   138.599996091725        14368.7585534203     
   138.699996085788        14368.7569840069     
   138.799996079851        14368.7554341896     
   138.899996073915        14368.7539037117     
   138.999996067978        14368.7523923278     
   139.099996062041        14368.7508998326     
   139.199996056104        14368.7494260043     
   139.299996050167        14368.7479706019     
   139.399996044231        14368.7465334082     
   139.499996038294        14368.7451141979     
   139.599996032357        14368.7437127588     
   139.699996026420        14368.7423288945     
   139.799996020483        14368.7409623327     
   139.899996014546        14368.7396129326     
   139.999996008610        14368.7382804290     
   140.099996002673        14368.7369646205     
   140.199995996736        14368.7356653082     
   140.299995990799        14368.7343822861     
   140.399995984862        14368.7331153428     
   140.499995978926        14368.7318642601     
   140.599995972989        14368.7306288967     
   140.699995967052        14368.7294089756     
   140.799995961115        14368.7282043778     
   140.899995955178        14368.7270148497     
   140.999995949241        14368.7258402160     
   141.099995943305        14368.7246802966     
   141.199995937368        14368.7235349067     
   141.299995931431        14368.7224038563     
   141.399995925494        14368.7212869501     
   141.499995919557        14368.7201839960     
   141.599995913621        14368.7190948847     
   141.699995907684        14368.7180193410     
   141.799995901747        14368.7169572820     
   141.899995895810        14368.7159084831     
   141.999995889873        14368.7148727802     
   142.099995883936        14368.7138500218     
   142.199995878000        14368.7128400513     
   142.299995872063        14368.7118426975     
   142.399995866126        14368.7108577769     
   142.499995860189        14368.7098851163     
   142.599995854252        14368.7089246059     
   142.699995848316        14368.7079760584     
   142.799995842379        14368.7070393227     
   142.899995836442        14368.7061142453     
   142.999995830505        14368.7052007202     
   143.099995824568        14368.7042985460     
   143.199995818631        14368.7034075933     
   143.299995812695        14368.7025277300     
   143.399995806758        14368.7016588209     
   143.499995800821        14368.7008007268     
   143.599995794884        14368.6999533015     
   143.699995788947        14368.6991163990     
   143.799995783011        14368.6982898806     
   143.899995777074        14368.6974737001     
   143.999995771137        14368.6966676053     
   144.099995765200        14368.6958715698     
   144.199995759263        14368.6950853659     
   144.299995753326        14368.6943090072     
   144.399995747390        14368.6935422562     
   144.499995741453        14368.6927850130     
   144.599995735516        14368.6920371745     
   144.699995729579        14368.6912986326     
   144.799995723642        14368.6905692701     
   144.899995717706        14368.6898489676     
   144.999995711769        14368.6891376246     
   145.099995705832        14368.6884351182     
   145.199995699895        14368.6877413280     
   145.299995693958        14368.6870561213     
   145.399995688021        14368.6863794523     
   145.499995682085        14368.6857112002     
   145.599995676148        14368.6850511915     
   145.699995670211        14368.6843994606     
   145.799995664274        14368.6837557584     
   145.899995658337        14368.6831200881     
   145.999995652401        14368.6824923210     
   146.099995646464        14368.6818723210     
   146.199995640527        14368.6812600055     
   146.299995634590        14368.6806553585     
   146.399995628653        14368.6800582190     
   146.499995622716        14368.6794684845     
   146.599995616780        14368.6788860842     
   146.699995610843        14368.6783109104     
   146.799995604906        14368.6777428883     
   146.899995598969        14368.6771819049     
   146.999995593032        14368.6766279536     
   147.099995587096        14368.6760808874     
   147.199995581159        14368.6755406058     
   147.299995575222        14368.6750069840     
   147.399995569285        14368.6744801223     
   147.499995563348        14368.6739597338     
   147.599995557411        14368.6734458567     
   147.699995551475        14368.6729383694     
   147.799995545538        14368.6724372183     
   147.899995539601        14368.6719422793     
   147.999995533664        14368.6714535679     
   148.099995527727        14368.6709708757     
   148.199995521791        14368.6704941833     
   148.299995515854        14368.6700234949     
   148.399995509917        14368.6695586221     
   148.499995503980        14368.6690995288     
   148.599995498043        14368.6686461405     
   148.699995492106        14368.6681983909     
   148.799995486170        14368.6677562354     
   148.899995480233        14368.6673195825     
   148.999995474296        14368.6668883894     
   149.099995468359        14368.6664625756     
   149.199995462422        14368.6660420615     
   149.299995456486        14368.6656267987     
   149.399995450549        14368.6652166827     
   149.499995444612        14368.6648116628     
   149.599995438675        14368.6644116530     
   149.699995432738        14368.6640167403     
   149.799995426802        14368.6636267126     
   149.899995420865        14368.6632414677     
   149.999995414928        14368.6628611264     
