   95.0999986742407        14368.6327684573     
   95.1999986683039        14368.6327684283     
   95.2999986623671        14368.6327683992     
   95.3999986564303        14368.6327683702     
   95.4999986504935        14368.6327683411     
   95.5999986445566        14368.6327683121     
   95.6999986386198        14368.6327682830     
   95.7999986326830        14368.6327682540     
   95.8999986267462        14368.6327682249     
   95.9999986208094        14368.6327681959     
   96.0999986148725        14368.6327681668     
   96.1999986089357        14368.6327681378     
   96.2999986029989        14368.6327681087     
   96.3999985970621        14368.6327680796     
   96.4999985911253        14368.6327680505     
   96.5999985851885        14368.6327680215     
   96.6999985792516        14368.6327679924     
   96.7999985733148        14368.6327679633     
   96.8999985673780        14368.6327679343     
   96.9999985614412        14368.6327679052     
   97.0999985555044        14368.6327678761     
   97.1999985495676        14368.6327678470     
   97.2999985436307        14368.6327678180     
   97.3999985376939        14368.6327677889     
   97.4999985317571        14368.6327677598     
   97.5999985258203        14368.6327677307     
   97.6999985198835        14368.6327677016     
   97.7999985139466        14368.6327676725     
   97.8999985080098        14368.6327676434     
   97.9999985020730        14368.6327676143     
   98.0999984961362        14368.6327675852     
   98.1999984901994        14368.6327675561     
   98.2999984842626        14368.6327675270     
   98.3999984783257        14368.6327674979     
   98.4999984723889        14368.6327674688     
   98.5999984664521        14368.6327674397     
   98.6999984605153        14368.6327674106     
   98.7999984545785        14368.6327673815     
   98.8999984486417        14368.6327673524     
   98.9999984427048        14368.6327673233     
   99.0999984367680        14368.6327672942     
   99.1999984308312        14368.6327672650     
   99.2999984248944        14368.6327672359     
   99.3999984189576        14368.6327672068     
   99.4999984130207        14368.6327671777     
   99.5999984070839        14368.6327671486     
   99.6999984011471        14368.6327671194     
   99.7999983952103        14368.6327670903     
   99.8999983892735        14368.6327670612     
   99.9999983833367        14368.6327670320     
   100.099998377400        16880.6176181658     
   100.199998371463        18832.6836116229     
   100.299998365526        20541.0130627269     
   100.399998359589        22108.0599017482     
   100.499998353653        23567.3358185218     
   100.599998347716        24936.1075134776     
   100.699998341779        26226.3189006290     
   100.799998335842        27447.1260773414     
   100.899998329905        28605.6564986252     
   100.999998323968        29707.4963490987     
   101.099998318032        30757.1722207972     
   101.199998312095        31758.5334061009     
   101.299998306158        32714.9796169542     
   101.399998300221        33629.5731340171     
   101.499998294284        34505.0932392730     
   101.599998288348        35344.0689242505     
   101.699998282411        36148.8046072852     
   101.799998276474        36921.4030557763     
   101.899998270537        37663.7860996503     
   101.999998264600        38377.7128231198     
   102.099998258663        39064.7948520142     
   102.199998252727        39726.5086222149     
   102.299998246790        40364.2050571795     
   102.399998240853        40979.1177603576     
   102.499998234916        41572.3712560910     
   102.599998228979        42144.9905597752     
   102.699998223043        42697.9124062875     
   102.799998217106        43231.9973731617     
   102.899998211169        43748.0415759306     
   102.999998205232        44246.7867929635     
   103.099998199295        44728.9284821759     
   103.199998193358        45195.1217446499     
   103.299998187422        45645.9856342408     
   103.399998181485        46082.1063019055     
   103.499998175548        46504.0393987110     
   103.599998169611        46912.3120422187     
   103.699998163674        47307.4245371723     
   103.799998157738        47689.8519557757     
   103.899998151801        48060.0456278432     
   103.999998145864        48418.4345597758     
   104.099998139927        48765.4267859865     
   104.199998133990        49101.4106504934     
   104.299998128054        49426.7560153538     
   104.399998122117        49741.8153938056     
   104.499998116180        50046.9250078732     
   104.599998110243        50342.4057719091     
   104.699998104306        50628.5642049599     
   104.799998098369        50905.6932757916     
   104.899998092433        51174.0731849873     
   104.999998086496        51433.9720887065     
   105.099998080559        51685.6467687742     
   105.199998074622        51929.3432535855     
   105.299998068685        52165.2973940622     
   105.399998062749        52393.7353986390     
   105.499998056812        52614.8743308878     
   105.599998050875        52828.9225731590     
   105.699998044938        53036.0802591414     
   105.799998039001        53236.5396781953     
   105.899998033064        53430.4856538155     
   105.999998027128        53618.0958984839     
   106.099998021191        53799.5413468679     
   106.199998015254        53974.9864691834     
   106.299998009317        54144.5895663190     
   106.399998003380        54308.5030481857     
   106.499997997444        54466.8736965921     
   106.599997991507        54619.8429138516     
   106.699997985570        54767.5469581711     
   106.799997979633        54910.1171668236     
   106.899997973696        55047.6801679734     
   106.999997967759        55180.3580819557     
   107.099997961823        55308.2687127686     
   107.199997955886        55431.5257304101     
   107.299997949949        55550.2388447174     
   107.399997944012        55664.5139712381     
   107.499997938075        55774.4533896501     
   107.599997932139        55880.1558952274     
   107.699997926202        55981.7169437579     
   107.799997920265        56079.2287903250     
   107.899997914328        56172.7806223282     
   107.999997908391        56262.4586870768     
   108.099997902454        56348.3464142580     
   108.199997896518        56430.5245336005     
   108.299997890581        56509.0711879692     
   108.399997884644        56584.0620421627     
   108.499997878707        56655.5703876282     
   108.599997872770        56723.6672433153     
   108.699997866834        56788.4214528625     
   108.799997860897        56849.8997782988     
   108.899997854960        56908.1669904314     
   108.999997849023        56963.2859560682     
   109.099997843086        57015.3177222293     
   109.199997837149        57064.3215974774     
   109.299997831213        57110.3552304908     
   109.399997825276        57153.4746859875     
   109.499997819339        57193.7345181231     
   109.599997813402        57231.1878414285     
   109.699997807465        57265.8863994165     
   109.799997801529        57297.8806309019     
   109.899997795592        57327.2197341426     
   109.999997789655        57353.9517288473     
   110.099997783718        57378.1235161232     
   110.199997777781        57399.7809364229     
   110.299997771844        57418.9688255409     
   110.399997765908        57435.7310687127     
   110.499997759971        57450.1106528443     
   110.599997754034        57462.1497169428     
   110.699997748097        57471.8896007503     
   110.799997742160        57479.3708916375     
   110.899997736224        57484.6334697791     
   110.999997730287        57487.7165516266     
   111.099997724350        57488.6587317400     
   111.199997718413        57487.4980229510     
   111.299997712476        57484.2718949030     
   111.399997706539        57479.0173110106     
   111.499997700603        57471.7707638000     
   111.599997694666        57462.5683087010     
   111.699997688729        57451.4455962656     
   111.799997682792        57438.4379028549     
   111.899997676855        57423.5801597853     
   111.999997670919        57406.9069809768     
   112.099997664982        57388.4526890749     
   112.199997659045        57368.2513401028     
   112.299997653108        57346.3367466261     
   112.399997647171        57322.7424994610     
   112.499997641234        57297.5019879302     
   112.599997635298        57270.6484186876     
   112.699997629361        57242.2148331289     
   112.799997623424        57212.2341233980     
   112.899997617487        57180.7390470148     
   112.999997611550        57147.7622401378     
   113.099997605614        57113.3362294907     
   113.199997599677        57077.4934429594     
   113.299997593740        57040.2662188983     
   113.399997587803        57001.6868141663     
   113.499997581866        56961.7874109181     
   113.599997575929        56920.6001221689     
   113.699997569993        56878.1569961844     
   113.799997564056        56834.4900197022     
   113.899997558119        56789.6311200423     
   113.999997552182        56743.6121661110     
   114.099997546245        56696.4649683659     
   114.199997540309        56648.2212777573     
   114.299997534372        56598.9127836878     
   114.399997528435        56548.5711110449     
   114.499997522498        56497.2278163184     
   114.599997516561        56444.9143828789     
   114.699997510624        56391.6622154378     
   114.799997504688        56337.5026337314     
   114.899997498751        56282.4668655030     
   114.999997492814        56226.5860387862     
   115.099997486877        56169.8911735708     
   115.199997480940        56112.4131728809     
   115.299997475004        56054.1828133156     
   115.399997469067        55995.2307351052     
   115.499997463130        55935.5874317179     
   115.599997457193        55875.2832390855     
   115.699997451256        55814.3483244688     
   115.799997445319        55752.8126750314     
   115.899997439383        55690.7060861575     
   115.999997433446        55628.0581495679     
   116.099997427509        55564.8982412642     
   116.199997421572        55501.2555093639     
   116.299997415635        55437.1588618560     
   116.399997409699        55372.6369543316     
   116.499997403762        55307.7181777182     
   116.599997397825        55242.4306460633     
   116.699997391888        55176.8021844130     
   116.799997385951        55110.8603168078     
   116.899997380014        55044.6322544474     
   116.999997374078        54978.1448840458     
   117.099997368141        54911.4247564154     
   117.199997362204        54844.4980753144     
   117.299997356267        54777.3906865747     
   117.399997350330        54710.1280675531     
   117.499997344394        54642.7353169168     
   117.599997338457        54575.2371447978     
   117.699997332520        54507.6578633335     
   117.799997326583        54440.0213776111     
   117.899997320646        54372.3511770409     
   117.999997314709        54304.6703271807     
   118.099997308773        54237.0014619533     
   118.199997302836        54169.3667764589     
   118.299997296899        54101.7880201401     
   118.399997290962        54034.2864905011     
   118.499997285025        53966.8830273068     
   118.599997279089        53899.5980072877     
   118.699997273152        53832.4513393469     
   118.799997267215        53765.4624602816     
   118.899997261278        53698.6503310096     
   118.999997255341        53632.0334333080     
   119.099997249404        53565.6297670597     
   119.199997243468        53499.4568480077     
   119.299997237531        53433.5317060037     
   119.399997231594        53367.8708837609     
   119.499997225657        53302.4904360890     
   119.599997219720        53237.4059296121     
   119.699997213784        53172.6324429612     
   119.799997207847        53108.1845674306     
   119.899997201910        53044.0764080811     
   119.999997195973        52980.3215852921     
   120.099997190036        50498.7427558568     
   120.199997184100        48126.0580448584     
   120.299997178163        45834.5911253115     
   120.399997172226        43623.2318525193     
   120.499997166289        41491.8742152467     
   120.599997160352        39441.1269552829     
   120.699997154415        37472.1617113258     
   120.799997148479        35586.5712150352     
   120.899997142542        33786.2316493149     
   120.999997136605        32073.1639953336     
   121.099997130668        30449.3875452054     
   121.199997124731        28916.7532951464     
   121.299997118795        27476.7437279754     
   121.399997112858        26130.2828713940     
   121.499997106921        24877.7226435388     
   121.599997100984        23718.9875453393     
   121.699997095047        22653.5243222921     
   121.799997089110        21680.0526528864     
   121.899997083174        20796.3868009615     
   121.999997077237        19999.4086596541     
   122.099997071300        19285.1489534282     
   122.199997065363        18648.9280863322     
   122.299997059426        18085.5235139920     
   122.399997053490        17589.3448470435     
   122.499997047553        17154.6062258937     
   122.599997041616        16775.4875644580     
   122.699997035679        16446.2767391492     
   122.799997029742        16161.4866611975     
   122.899997023805        15915.9442322499     
   122.999997017869        15704.8512891129     
   123.099997011932        15523.8200231076     
   123.199997005995        15368.8867898925     
   123.299997000058        15236.5088068242     
   123.399996994121        15123.5481884696     
   123.499996988185        15027.2473293292     
   123.599996982248        14945.1990012517     
   123.699996976311        14875.3138335377     
   123.799996970374        14815.7871777234     
   123.899996964437        14765.0667764029     
   123.999996958500        14721.8221763026     
   124.099996952564        14684.9164511044     
   124.199996946627        14653.3805193086     
   124.299996940690        14626.3901420297     
   124.399996934753        14603.2455491777     
   124.499996928816        14583.3535552301     
   124.599996922880        14566.2119749256     
   124.699996916943        14551.3961244746     
   124.799996911006        14538.5471869638     
   124.899996905069        14527.3622255627     
   124.999996899132        14517.5856403425     
   125.099996893195        14509.0018807604     
   125.199996887259        14501.4292440033     
   125.299996881322        14494.7146078864     
   125.399996875385        14488.7289649387     
   125.499996869448        14483.3636411150     
   125.599996863511        14478.5270979760     
   125.699996857575        14474.1422309945     
   125.799996851638        14470.1440889602     
   125.899996845701        14466.4779502199     
   125.999996839764        14463.0977009077     
   126.099996833827        14459.9644684792     
   126.199996827890        14457.0454708633     
   126.299996821954        14454.3130475795     
   126.399996816017        14451.7438443200     
   126.499996810080        14449.3181268831     
   126.599996804143        14447.0192040787     
   126.699996798206        14444.8329424052     
   126.799996792270        14442.7473579807     
   126.899996786333        14440.7522734891     
   126.999996780396        14438.8390298159     
   127.099996774459        14437.0002437060     
   127.199996768522        14435.2296041055     
   127.299996762585        14433.5217010391     
   127.399996756649        14431.8718818373     
   127.499996750712        14430.2761303532     
   127.599996744775        14428.7309655020     
   127.699996738838        14427.2333560378     
   127.799996732901        14425.7806489761     
   127.899996726965        14424.3705094834     
   127.999996721028        14423.0008703980     
   128.099996715091        14421.6698898494     
   128.199996709154        14420.3759156769     
   128.299996703217        14419.1174555674     
   128.399996697280        14417.8931519960     
   128.499996691344        14416.7017612077     
   128.599996685407        14415.5421355957     
   128.699996679470        14414.4132089354     
   128.799996673533        14413.3139840298     
   128.899996667596        14412.2435223761     
   128.999996661660        14411.2009355443     
   129.099996655723        14410.1853779968     
   129.199996649786        14409.1960411270     
   129.299996643849        14408.2321483260     
   129.399996637912        14407.2929509271     
   129.499996631975        14406.3777248879     
   129.599996626039        14405.4857680954     
   129.699996620102        14404.6163982163     
   129.799996614165        14403.7689510007     
   129.899996608228        14402.9427789583     
   129.999996602291        14402.1372503729     
   130.099996596355        14401.3517485972     
   130.199996590418        14400.5856715680     
   130.299996584481        14399.8384315346     
   130.399996578544        14399.1094549289     
   130.499996572607        14398.3981823755     
   130.599996566670        14397.7040688072     
   130.699996560734        14397.0265836525     
   130.799996554797        14396.3652110775     
   130.899996548860        14395.7194502663     
   130.999996542923        14395.0888157169     
   131.099996536986        14394.4728375335     
   131.199996531050        14393.8710617027     
   131.299996525113        14393.2830503400     
   131.399996519176        14392.7083818936     
   131.499996513239        14392.1466512957     
   131.599996507302        14391.5974700529     
   131.699996501365        14391.0604662708     
   131.799996495429        14390.5352846047     
   131.899996489492        14390.0215861354     
   131.999996483555        14389.5190481638     
   132.099996477618        14389.0273639485     
   132.199996471681        14388.5462423504     
   132.299996465745        14388.0754073963     
   132.399996459808        14387.6145978476     
   132.499996453871        14387.1635665765     
   132.599996447934        14386.7220800036     
   132.699996441997        14386.2899174854     
   132.799996436060        14385.8668705833     
   132.899996430124        14385.4527423875     
   132.999996424187        14385.0473467570     
   133.099996418250        14384.6505075744     
   133.199996412313        14384.2620580234     
   133.299996406376        14383.8818397795     
   133.399996400440        14383.5097023304     
   133.499996394503        14383.1455022170     
   133.599996388566        14382.7891023098     
   133.699996382629        14382.4403711799     
   133.799996376692        14382.0991824251     
   133.899996370756        14381.7654140432     
   133.999996364819        14381.4389478689     
   134.099996358882        14381.1196690745     
   134.199996352945        14380.8074656267     
   134.299996347008        14380.5022278458     
   134.399996341071        14380.2038480097     
   134.499996335135        14379.9122200086     
   134.599996329198        14379.6272389779     
   134.699996323261        14379.3488010261     
   134.799996317324        14379.0768029897     
   134.899996311387        14378.8111422595     
   134.999996305451        14378.5517165567     
   135.099996299514        14378.2984238067     
   135.199996293577        14378.0511620184     
   135.299996287640        14377.8098292448     
   135.399996281703        14377.5743234796     
   135.499996275766        14377.3445426293     
   135.599996269830        14377.1203844905     
   135.699996263893        14376.9017467877     
   135.799996257956        14376.6885271728     
   135.899996252019        14376.4806232451     
   135.999996246082        14376.2779325972     
   136.099996240146        14376.0803528852     
   136.199996234209        14375.8877819062     
   136.299996228272        14375.7001176292     
   136.399996222335        14375.5172582826     
   136.499996216398        14375.3391024286     
   136.599996210461        14375.1655490841     
   136.699996204525        14374.9964977529     
   136.799996198588        14374.8318485227     
   136.899996192651        14374.6715021365     
   136.999996186714        14374.5153601144     
   137.099996180777        14374.3633248014     
   137.199996174841        14374.2152994402     
   137.299996168904        14374.0711882470     
   137.399996162967        14373.9308964877     
   137.499996157030        14373.7943305742     
   137.599996151093        14373.6613980822     
   137.699996145156        14373.5320078291     
   137.799996139220        14373.4060699193     
   137.899996133283        14373.2834958220     
   137.999996127346        14373.1641984152     
   138.099996121409        14373.0480920049     
   138.199996115472        14372.9350923773     
   138.299996109536        14372.8251168255     
   138.399996103599        14372.7180841975     
   138.499996097662        14372.6139149343     
   138.599996091725        14372.5125310576     
   138.699996085788        14372.4138562066     
   138.799996079851        14372.3178156517     
   138.899996073915        14372.2243362969     
   138.999996067978        14372.1333467240     
   139.099996062041        14372.0447771722     
   139.199996056104        14371.9585595322     
   139.299996050167        14371.8746273572     
   139.399996044231        14371.7929158562     
   139.499996038294        14371.7133618822     
   139.599996032357        14371.6359039315     
   139.699996026420        14371.5604821529     
   139.799996020483        14371.4870382967     
   139.899996014546        14371.4155157111     
   139.999996008610        14371.3458593279     
   140.099996002673        14371.2780156413     
   140.199995996736        14371.2119326850     
   140.299995990799        14371.1475600026     
   140.399995984862        14371.0848486382     
   140.499995978926        14371.0237511182     
   140.599995972989        14370.9642213937     
   140.699995967052        14370.9062148253     
   140.799995961115        14370.8496881552     
   140.899995955178        14370.7945994763     
   140.999995949241        14370.7409082015     
   141.099995943305        14370.6885750312     
   141.199995937368        14370.6375619201     
   141.299995931431        14370.5878320404     
   141.399995925494        14370.5393497548     
   141.499995919557        14370.4920806020     
   141.599995913621        14370.4459912318     
   141.699995907684        14370.4010493809     
   141.799995901747        14370.3572238415     
   141.899995895810        14370.3144844299     
   141.999995889873        14370.2728019509     
   142.099995883936        14370.2321481669     
   142.199995878000        14370.1924957655     
   142.299995872063        14370.1538183261     
   142.399995866126        14370.1160902888     
   142.499995860189        14370.0792869237     
   142.599995854252        14370.0433843005     
   142.699995848316        14370.0083592590     
   142.799995842379        14369.9741893737     
   142.899995836442        14369.9408529315     
   142.999995830505        14369.9083289136     
   143.099995824568        14369.8765969603     
   143.199995818631        14369.8456373358     
   143.299995812695        14369.8154309093     
   143.399995806758        14369.7859591297     
   143.499995800821        14369.7572040048     
   143.599995794884        14369.7291480757     
   143.699995788947        14369.7017743948     
   143.799995783011        14369.6750665084     
   143.899995777074        14369.6490084285     
   143.999995771137        14369.6235846218     
   144.099995765200        14369.5987799870     
   144.199995759263        14369.5745798338     
   144.299995753326        14369.5509698718     
   144.399995747390        14369.5279361893     
   144.499995741453        14369.5054652407     
   144.599995735516        14369.4835438311     
   144.699995729579        14369.4621591012     
   144.799995723642        14369.4412985137     
   144.899995717706        14369.4209498435     
   144.999995711769        14369.4011011610     
   145.099995705832        14369.3817408259     
   145.199995699895        14369.3628574732     
   145.299995693958        14369.3444400048     
   145.399995688021        14369.3264775785     
   145.499995682085        14369.3089595972     
   145.599995676148        14369.2918757071     
   145.699995670211        14369.2752157847     
   145.799995664274        14369.2589699211     
   145.899995658337        14369.2431284376     
   145.999995652401        14369.2276818637     
   146.099995646464        14369.2126209379     
   146.199995640527        14369.1979365881     
   146.299995634590        14369.1836199381     
   146.399995628653        14369.1696622953     
   146.499995622716        14369.1560551585     
   146.599995616780        14369.1427902001     
   146.699995610843        14369.1298592614     
   146.799995604906        14369.1172543666     
   146.899995598969        14369.1049677000     
   146.999995593032        14369.0929916085     
   147.099995587096        14369.0813185966     
   147.199995581159        14369.0699413314     
   147.299995575222        14369.0588526321     
   147.399995569285        14369.0480454683     
   147.499995563348        14369.0375129585     
   147.599995557411        14369.0272483650     
   147.699995551475        14369.0172450974     
   147.799995545538        14369.0074967017     
   147.899995539601        14368.9979968655     
   147.999995533664        14368.9887394136     
   148.099995527727        14368.9797183005     
   148.199995521791        14368.9709276183     
   148.299995515854        14368.9623615836     
   148.399995509917        14368.9540145464     
   148.499995503980        14368.9458809817     
   148.599995498043        14368.9379554906     
   148.699995492106        14368.9302327934     
   148.799995486170        14368.9227077225     
   148.899995480233        14368.9153752486     
   148.999995474296        14368.9082304502     
   149.099995468359        14368.9012685123     
   149.199995462422        14368.8944847372     
   149.299995456486        14368.8878745581     
   149.399995450549        14368.8814334807     
   149.499995444612        14368.8751571507     
   149.599995438675        14368.8690413115     
   149.699995432738        14368.8630817885     
   149.799995426802        14368.8572745510     
   149.899995420865        14368.8516156229     
   149.999995414928        14368.8461011692     
