   95.0999986742407        14368.6327684573     
   95.1999986683039        14368.6327684283     
   95.2999986623671        14368.6327683992     
   95.3999986564303        14368.6327683702     
   95.4999986504935        14368.6327683411     
   95.5999986445566        14368.6327683121     
   95.6999986386198        14368.6327682830     
   95.7999986326830        14368.6327682540     
   95.8999986267462        14368.6327682249     
   95.9999986208094        14368.6327681959     
   96.0999986148725        14368.6327681668     
   96.1999986089357        14368.6327681378     
   96.2999986029989        14368.6327681087     
   96.3999985970621        14368.6327680796     
   96.4999985911253        14368.6327680505     
   96.5999985851885        14368.6327680215     
   96.6999985792516        14368.6327679924     
   96.7999985733148        14368.6327679633     
   96.8999985673780        14368.6327679343     
   96.9999985614412        14368.6327679052     
   97.0999985555044        14368.6327678761     
   97.1999985495676        14368.6327678470     
   97.2999985436307        14368.6327678180     
   97.3999985376939        14368.6327677889     
   97.4999985317571        14368.6327677598     
   97.5999985258203        14368.6327677307     
   97.6999985198835        14368.6327677016     
   97.7999985139466        14368.6327676725     
   97.8999985080098        14368.6327676434     
   97.9999985020730        14368.6327676143     
   98.0999984961362        14368.6327675852     
   98.1999984901994        14368.6327675561     
   98.2999984842626        14368.6327675270     
   98.3999984783257        14368.6327674979     
   98.4999984723889        14368.6327674688     
   98.5999984664521        14368.6327674397     
   98.6999984605153        14368.6327674106     
   98.7999984545785        14368.6327673815     
   98.8999984486417        14368.6327673524     
   98.9999984427048        14368.6327673233     
   99.0999984367680        14368.6327672942     
   99.1999984308312        14368.6327672650     
   99.2999984248944        14368.6327672359     
   99.3999984189576        14368.6327672068     
   99.4999984130207        14368.6327671777     
   99.5999984070839        14368.6327671486     
   99.6999984011471        14368.6327671194     
   99.7999983952103        14368.6327670903     
   99.8999983892735        14368.6327670612     
   99.9999983833367        14368.6327670320     
   100.099998377400        17088.7217302831     
   100.199998371463        19460.2685284740     
   100.299998365526        21617.7371453410     
   100.399998359589        23614.6979422663     
   100.499998353653        25473.5892190648     
   100.599998347716        27210.4552042362     
   100.699998341779        28838.4536247325     
   100.799998335842        30368.3749010915     
   100.899998329905        31808.9681838231     
   100.999998323968        33167.4643780335     
   101.099998318032        34450.0882979748     
   101.199998312095        35662.3832157638     
   101.299998306158        36809.3659716076     
   101.399998300221        37895.5985195629     
   101.499998294284        38925.2329306792     
   101.599998288348        39902.0491318317     
   101.699998282411        40829.4883331604     
   101.799998276474        41710.6828658024     
   101.899998270537        42548.4844124667     
   101.999998264600        43345.4926988815     
   102.099998258663        44104.0850159503     
   102.199998252727        44826.4449581231     
   102.299998246790        45514.5881274640     
   102.399998240853        46170.3834214038     
   102.499998234916        46795.5698521196     
   102.599998228979        47391.7697177470     
   102.699998223043        47960.4991685700     
   102.799998217106        48503.1770376260     
   102.899998211169        49021.1325195523     
   102.999998205232        49515.6120383592     
   103.099998199295        49987.7854857991     
   103.199998193358        50438.7519243963     
   103.299998187422        50869.5448085193     
   103.399998181485        51281.1367605275     
   103.499998175548        51674.4439349102     
   103.599998169611        52050.3300025363     
   103.699998163674        52409.6097873598     
   103.799998157738        52753.0525873849     
   103.899998151801        53081.3852103608     
   103.999998145864        53395.2947527855     
   104.099998139927        53695.4311482889     
   104.199998133990        53982.4095091820     
   104.299998128054        54256.8122822827     
   104.399998122117        54519.1912378790     
   104.499998116180        54770.0693084982     
   104.599998110243        55009.9422921960     
   104.699998104306        55239.2804333059     
   104.799998098369        55458.5298921918     
   104.899998092433        55668.1141139872     
   104.999998086496        55868.4351053408     
   105.099998080559        56059.8746270845     
   105.199998074622        56242.7953098573     
   105.299998068685        56417.5416989663     
   105.399998062749        56584.4412341203     
   105.499998056812        56743.8051690795     
   105.599998050875        56895.9294356372     
   105.699998044938        57041.0954563299     
   105.799998039001        57179.5709091871     
   105.899998033064        57311.6104481781     
   105.999998027128        57437.4563822988     
   106.099998021191        57557.3393161487     
   106.199998015254        57671.4787545211     
   106.299998009317        57780.0836733958     
   106.399998003380        57883.3530594849     
   106.499997997444        57981.4764203516     
   106.599997991507        58074.6342669221     
   106.699997985570        58162.9985701092     
   106.799997979633        58246.7331931861     
   106.899997973696        58325.9943012943     
   106.999997967759        58400.9307495353     
   107.099997961823        58471.6844508830     
   107.199997955886        58538.3907251351     
   107.299997949949        58601.1786299909     
   107.399997944012        58660.1712753223     
   107.499997938075        58715.4861215877     
   107.599997932139        58767.2352633073     
   107.699997926202        58815.5256984712     
   107.799997920265        58860.4595846396     
   107.899997914328        58902.1344825287     
   107.999997908391        58940.6435877446     
   108.099997902454        58976.0759513586     
   108.199997896518        59008.5166899118     
   108.299997890581        59038.0471854549     
   108.399997884644        59064.7452761510     
   108.499997878707        59088.6854379526     
   108.599997872770        59109.9389578550     
   108.699997866834        59128.5740991373     
   108.799997860897        59144.6562590500     
   108.899997854960        59158.2481193260     
   108.999997849023        59169.4097898922     
   109.099997843086        59178.1989461367     
   109.199997837149        59184.6709600381     
   109.299997831213        59188.8790254931     
   109.399997825276        59190.8742781050     
   109.499997819339        59190.7059097252     
   109.599997813402        59188.4212779709     
   109.699997807465        59184.0660109735     
   109.799997801529        59177.6841075978     
   109.899997795592        59169.3180332819     
   109.999997789655        59159.0088117574     
   110.099997783718        59146.7961127791     
   110.199997777781        59132.7183360595     
   110.299997771844        59116.8126915535     
   110.399997765908        59099.1152762598     
   110.499997759971        59079.6611476336     
   110.599997754034        59058.4843937873     
   110.699997748097        59035.6182005734     
   110.799997742160        59011.0949156574     
   110.899997736224        58984.9461096918     
   110.999997730287        58957.2026346853     
   111.099997724350        58927.8946796700     
   111.199997718413        58897.0518237219     
   111.299997712476        58864.7030864459     
   111.399997706539        58830.8769759771     
   111.499997700603        58795.6015345644     
   111.599997694666        58758.9043818411     
   111.699997688729        58720.8127557855     
   111.799997682792        58681.3535514659     
   111.899997676855        58640.5533576254     
   111.999997670919        58598.4384911342     
   112.099997664982        58555.0350293936     
   112.199997659045        58510.3688407083     
   112.299997653108        58464.4656126814     
   112.399997647171        58417.3508786998     
   112.499997641234        58369.0500425058     
   112.599997635298        58319.5884009516     
   112.699997629361        58268.9911649369     
   112.799997623424        58217.2834785954     
   112.899997617487        58164.4904367501     
   112.999997611550        58110.6371007038     
   113.099997605614        58055.7485123811     
   113.199997599677        57999.8497068811     
   113.299997593740        57942.9657234687     
   113.399997587803        57885.1216150599     
   113.499997581866        57826.3424562284     
   113.599997575929        57766.6533497899     
   113.699997569993        57706.0794320024     
   113.799997564056        57644.6458764234     
   113.899997558119        57582.3778964775     
   113.999997552182        57519.3007467737     
   114.099997546245        57455.4397232243     
   114.199997540309        57390.8201620067     
   114.299997534372        57325.4674374229     
   114.399997528435        57259.4069587069     
   114.499997522498        57192.6641658199     
   114.599997516561        57125.2645243012     
   114.699997510624        57057.2335192022     
   114.799997504688        56988.5966481828     
   114.899997498751        56919.3794137972     
   114.999997492814        56849.6073150403     
   115.099997486877        56779.3058381965     
   115.199997480940        56708.5004470420     
   115.299997475004        56637.2165724714     
   115.399997469067        56565.4796015747     
   115.499997463130        56493.3148662347     
   115.599997457193        56420.7476312977     
   115.699997451256        56347.8030823540     
   115.799997445319        56274.5063131992     
   115.899997439383        56200.8823130129     
   115.999997433446        56126.9559533039     
   116.099997427509        56052.7519746827     
   116.199997421572        55978.2949734910     
   116.299997415635        55903.6093883561     
   116.399997409699        55828.7194866927     
   116.499997403762        55753.6493512143     
   116.599997397825        55678.4228664841     
   116.699997391888        55603.0637055546     
   116.799997385951        55527.5953167324     
   116.899997380014        55452.0409105021     
   116.999997374078        55376.4234466516     
   117.099997368141        55300.7656216287     
   117.199997362204        55225.0898561450     
   117.299997356267        55149.4182831624     
   117.399997350330        55073.7727360292     
   117.499997344394        54998.1747371449     
   117.599997338457        54922.6454869069     
   117.699997332520        54847.2058530765     
   117.799997326583        54771.8763605649     
   117.899997320646        54696.6771816559     
   117.999997314709        54621.6281266836     
   118.099997308773        54546.7486351836     
   118.199997302836        54472.0577675215     
   118.299997296899        54397.5741970250     
   118.399997290962        54323.3162026149     
   118.499997285025        54249.3016619495     
   118.599997279089        54175.5480450899     
   118.699997273152        54102.0724086869     
   118.799997267215        54028.8913906954     
   118.899997261278        53956.0212056149     
   118.999997255341        53883.4776402556     
   119.099997249404        53811.2760500355     
   119.199997243468        53739.4313557968     
   119.299997237531        53667.9580411366     
   119.399997231594        53596.8701502608     
   119.499997225657        53526.1812863320     
   119.599997219720        53455.9046103277     
   119.699997213784        53386.0528403752     
   119.799997207847        53316.6382515811     
   119.899997201910        53247.6726763160     
   119.999997195973        53179.1675049680     
   120.099997190036        50692.0736898204     
   120.199997184100        48313.8630316455     
   120.299997178163        46016.7706153574     
   120.399997172226        43799.6406464889     
   120.499997166289        41662.3311751291     
   120.599997160352        39605.4237232143     
   120.699997154415        37630.0710079882     
   120.799997148479        35737.8551126906     
   120.899997142542        33930.6501943793     
   120.999997136605        32210.4846470656     
   121.099997130668        30579.3963156533     
   121.199997124731        29039.2692856058     
   121.299997118795        27591.6373174844     
   121.399997112858        26237.4854678754     
   121.499997106921        24977.2093143683     
   121.599997100984        23810.7609685018     
   121.699997095047        22737.6337592188     
   121.799997089110        21756.6205445387     
   121.899997083174        20865.6195876089     
   121.999997077237        20061.5934689748     
   122.099997071300        19340.6424794857     
   122.199997065363        18698.1420985179     
   122.299997059426        18128.9094742706     
   122.399997053490        17627.3787220876     
   122.499997047553        17187.7740799941     
   122.599997041616        16804.2725243188     
   122.699997035679        16471.1478999542     
   122.799997029742        16182.8903114636     
   122.899997023805        15934.2975077853     
   122.999997017869        15720.5381288340     
   123.099997011932        15537.1891381372     
   123.199997005995        15380.2512757772     
   123.299997000058        15246.1470106687     
   123.399996994121        15131.7054676644     
   123.499996988185        15034.1383876526     
   123.599996982248        14951.0105470864     
   123.699996976311        14880.2073639961     
   123.799996970374        14819.9017459202     
   123.899996964437        14768.5216441609     
   123.999996958500        14724.7192905874     
   124.099996952564        14687.3427099003     
   124.199996946627        14655.4098126660     
   124.299996940690        14628.0851679270     
   124.399996934753        14604.6594130546     
   124.499996928816        14584.5311676022     
   124.599996922880        14567.1912645536     
   124.699996916943        14552.2090857058     
   124.799996911006        14539.2207798666     
   124.899996905069        14527.9191466658     
   124.999996899132        14518.0449805306     
   125.099996893195        14509.3796853919     
   125.199996887259        14501.7389887449     
   125.299996881322        14494.9676022113     
   125.399996875385        14488.9346937484     
   125.499996869448        14483.5300536029     
   125.599996863511        14478.6608516050     
   125.699996857575        14474.2488973688     
   125.799996851638        14470.2283274006     
   125.899996845701        14466.5436540022     
   125.999996839764        14463.1481204003     
   126.099996833827        14460.0023147631     
   126.199996827890        14457.0730028917     
   126.299996821954        14454.3321454586     
   126.399996816017        14451.7560708937     
   126.499996810080        14449.3247794667     
   126.599996804143        14447.0213579066     
   126.699996798206        14444.8314871027     
   126.799996792270        14442.7430281687     
   126.899996786333        14440.7456744565     
   126.999996780396        14438.8306590516     
   127.099996774459        14436.9905089433     
   127.199996768522        14435.2188384422     
   127.299996762585        14433.5101756005     
   127.399996756649        14431.8598163763     
   127.499996750712        14430.2637021194     
   127.599996744775        14428.7183166570     
   127.699996738838        14427.2205998519     
   127.799996732901        14425.7678750033     
   127.899996726965        14424.3577878768     
   127.999996721028        14422.9882555090     
   128.099996715091        14421.6574232226     
   128.199996709154        14420.3636285406     
   128.299996703217        14419.1053709014     
   128.399996697280        14417.8812862445     
   128.499996691344        14416.6901256948     
   128.599996685407        14415.5307376932     
   128.699996679470        14414.4020530209     
   128.799996673533        14413.3030722709     
   128.899996667596        14412.2328553680     
   128.999996661660        14411.1905128243     
   129.099996655723        14410.1751984558     
   129.199996649786        14409.1861033344     
   129.299996643849        14408.2224507817     
   129.399996637912        14407.2834922529     
   129.499996631975        14406.3685039669     
   129.599996626039        14405.4767841688     
   129.699996620102        14404.6076509463     
   129.799996614165        14403.7604404917     
   129.899996608228        14402.9345057650     
   129.999996602291        14402.1292154834     
   130.099996596355        14401.3439533987     
   130.199996590418        14400.5781177969     
   130.299996584481        14399.8311212164     
   130.399996578544        14399.1023903093     
   130.499996572607        14398.3913658447     
   130.599996566670        14397.6975028202     
   130.699996560734        14397.0202706475     
   130.799996554797        14396.3591533928     
   130.899996548860        14395.7136500598     
   130.999996542923        14395.0832748866     
   131.099996536986        14394.4675576430     
   131.199996531050        14393.8660439122     
   131.299996525113        14393.2782953433     
   131.399996519176        14392.7038898613     
   131.499996513239        14392.1424218275     
   131.599996507302        14391.5935021383     
   131.699996501365        14391.0567582578     
   131.799996495429        14390.5318341787     
   131.899996489492        14390.0183903064     
   131.999996483555        14389.5161032632     
   132.099996477618        14389.0246656341     
   132.199996471681        14388.5437856213     
   132.299996465745        14388.0731866156     
   132.399996459808        14387.6126067515     
   132.499996453871        14387.1617983544     
   132.599996447934        14386.7205273080     
   132.699996441997        14386.2885724778     
   132.799996436060        14385.8657249892     
   132.899996430124        14385.4517875531     
   132.999996424187        14385.0465737006     
   133.099996418250        14384.6499070492     
   133.199996412313        14384.2616205702     
   133.299996406376        14383.8815557860     
   133.399996400440        14383.5095620908     
   133.499996394503        14383.1454959835     
   133.599996388566        14382.7892203469     
   133.699996382629        14382.4406038186     
   133.799996376692        14382.0995201055     
   133.899996370756        14381.7658473601     
   133.999996364819        14381.4394676164     
   134.099996358882        14381.1202662791     
   134.199996352945        14380.8081315808     
   134.299996347008        14380.5029541361     
   134.399996341071        14380.2046265471     
   134.499996335135        14379.9130430444     
   134.599996329198        14379.6280991227     
   134.699996323261        14379.3496912628     
   134.799996317324        14379.0777166872     
   134.899996311387        14378.8120731766     
   134.999996305451        14378.5526588471     
   135.099996299514        14378.2993720192     
   135.199996293577        14378.0521110966     
   135.299996287640        14377.8107745238     
   135.399996281703        14377.5752606786     
   135.499996275766        14377.3454678442     
   135.599996269830        14377.1212941839     
   135.699996263893        14376.9026377803     
   135.799996257956        14376.6893966287     
   135.899996252019        14376.4814686598     
   135.999996246082        14376.2787517832     
   136.099996240146        14376.0811439585     
   136.199996234209        14375.8885432700     
   136.299996228272        14375.7008479591     
   136.399996222335        14375.5179565108     
   136.499996216398        14375.3397677290     
   136.599996210461        14375.1661808560     
   136.699996204525        14374.9970956057     
   136.799996198588        14374.8324122609     
   136.899996192651        14374.6720317446     
   136.999996186714        14374.5158557423     
   137.099996180777        14374.3637867501     
   137.199996174841        14374.2157281485     
   137.299996168904        14374.0715842779     
   137.399996162967        14373.9312605156     
   137.499996157030        14373.7946633727     
   137.599996151093        14373.6617005128     
   137.699996145156        14373.5322808297     
   137.799996139220        14373.4063144942     
   137.899996133283        14373.2837130307     
   137.999996127346        14373.1643893644     
   138.099996121409        14373.0482578387     
   138.199996115472        14372.9352342694     
   138.299996109536        14372.8252359716     
   138.399996103599        14372.7181818071     
   138.499996097662        14372.6139922246     
   138.599996091725        14372.5125892476     
   138.699996085788        14372.4138965109     
   138.799996079851        14372.3178392756     
   138.899996073915        14372.2243444311     
   138.999996067978        14372.1333405405     
   139.099996062041        14372.0447578199     
   139.199996056104        14371.9585281347     
   139.299996050167        14371.8745850080     
   139.399996044231        14371.7928636174     
   139.499996038294        14371.7133007811     
   139.599996032357        14371.6358349582     
   139.699996026420        14371.5604062597     
   139.799996020483        14371.4869563955     
   139.899996014546        14371.4154286731     
   139.999996008610        14371.3457679827     
   140.099996002673        14371.2779207750     
   140.199995996736        14371.2118350418     
   140.299995990799        14371.1474602825     
   140.399995984862        14371.0847474980     
   140.499995978926        14371.0236491722     
   140.599995972989        14370.9641192127     
   140.699995967052        14370.9061129385     
   140.799995961115        14370.8495870507     
   140.899995955178        14370.7944996011     
   140.999995949241        14370.7408099630     
   141.099995943305        14370.6884787982     
   141.199995937368        14370.6374680239     
   141.299995931431        14370.5877407761     
   141.399995925494        14370.5392613829     
   141.499995919557        14370.4919953488     
   141.599995913621        14370.4459092921     
   141.699995907684        14370.4009709185     
   141.799995901747        14370.3571489913     
   141.899995895810        14370.3144132992     
   141.999995889873        14370.2727346206     
   142.099995883936        14370.2320846940     
   142.199995878000        14370.1924361836     
   142.299995872063        14370.1537626477     
   142.399995866126        14370.1160385064     
   142.499995860189        14370.0792390120     
   142.599995854252        14370.0433402169     
   142.699995848316        14370.0083189451     
   142.799995842379        14369.9741527575     
   142.899995836442        14369.9408199282     
   142.999995830505        14369.9082994277     
   143.099995824568        14369.8765708859     
   143.199995818631        14369.8456145584     
   143.299995812695        14369.8154113071     
   143.399995806758        14369.7859425739     
   143.499995800821        14369.7571903625     
   143.599995794884        14369.7291372078     
   143.699995788947        14369.7017661619     
   143.799995783011        14369.6750607657     
   143.899995777074        14369.6490050319     
   143.999995771137        14369.6235834266     
   144.099995765200        14369.5987808469     
   144.199995759263        14369.5745826045     
   144.299995753326        14369.5509744101     
   144.399995747390        14369.5279423541     
   144.499995741453        14369.5054728931     
   144.599995735516        14369.4835528367     
   144.699995729579        14369.4621693264     
   144.799995723642        14369.4413098321     
   144.899995717706        14369.4209621297     
   144.999995711769        14369.4011142959     
   145.099995705832        14369.3817546943     
   145.199995699895        14369.3628719648     
   145.299995693958        14369.3444550149     
   145.399995688021        14369.3264930073     
   145.499995682085        14369.3089753511     
   145.599995676148        14369.2918916963     
   145.699995670211        14369.2752319253     
   145.799995664274        14369.2589861349     
   145.899995658337        14369.2431446519     
   145.999995652401        14369.2276980107     
   146.099995646464        14369.2126369557     
   146.199995640527        14369.1979524183     
   146.299995634590        14369.1836355274     
   146.399995628653        14369.1696775957     
   146.499995622716        14369.1560701288     
   146.599995616780        14369.1428048021     
   146.699995610843        14369.1298734634     
   146.799995604906        14369.1172681383     
   146.899995598969        14369.1049810176     
   146.999995593032        14369.0930044499     
   147.099995587096        14369.0813309459     
   147.199995581159        14369.0699531754     
   147.299995575222        14369.0588639592     
   147.399995569285        14369.0480562718     
   147.499995563348        14369.0375232353     
   147.599995557411        14369.0272581150     
   147.699995551475        14369.0172543198     
   147.799995545538        14369.0075053997     
   147.899995539601        14368.9980050462     
   147.999995533664        14368.9887470838     
   148.099995527727        14368.9797254712     
   148.199995521791        14368.9709342991     
   148.299995515854        14368.9623677879     
   148.399995509917        14368.9540202872     
   148.499995503980        14368.9458862742     
   148.599995498043        14368.9379603510     
   148.699995492106        14368.9302372389     
   148.799995486170        14368.9227117715     
   148.899995480233        14368.9153789166     
   148.999995474296        14368.9082337569     
   149.099995468359        14368.9012714778     
   149.199995462422        14368.8944873788     
   149.299995456486        14368.8878768966     
   149.399995450549        14368.8814355339     
   149.499995444612        14368.8751589396     
   149.599995438675        14368.8690428540     
   149.699995432738        14368.8630831025     
   149.799995426802        14368.8572756554     
   149.899995420865        14368.8516165357     
   149.999995414928        14368.8461019086     
