   95.0999986742407        14368.6327684573     
   95.1999986683039        14368.6327684283     
   95.2999986623671        14368.6327683992     
   95.3999986564303        14368.6327683702     
   95.4999986504935        14368.6327683411     
   95.5999986445566        14368.6327683121     
   95.6999986386198        14368.6327682830     
   95.7999986326830        14368.6327682540     
   95.8999986267462        14368.6327682249     
   95.9999986208094        14368.6327681959     
   96.0999986148725        14368.6327681668     
   96.1999986089357        14368.6327681378     
   96.2999986029989        14368.6327681087     
   96.3999985970621        14368.6327680796     
   96.4999985911253        14368.6327680505     
   96.5999985851885        14368.6327680215     
   96.6999985792516        14368.6327679924     
   96.7999985733148        14368.6327679633     
   96.8999985673780        14368.6327679343     
   96.9999985614412        14368.6327679052     
   97.0999985555044        14368.6327678761     
   97.1999985495676        14368.6327678470     
   97.2999985436307        14368.6327678180     
   97.3999985376939        14368.6327677889     
   97.4999985317571        14368.6327677598     
   97.5999985258203        14368.6327677307     
   97.6999985198835        14368.6327677016     
   97.7999985139466        14368.6327676725     
   97.8999985080098        14368.6327676434     
   97.9999985020730        14368.6327676143     
   98.0999984961362        14368.6327675852     
   98.1999984901994        14368.6327675561     
   98.2999984842626        14368.6327675270     
   98.3999984783257        14368.6327674979     
   98.4999984723889        14368.6327674688     
   98.5999984664521        14368.6327674397     
   98.6999984605153        14368.6327674106     
   98.7999984545785        14368.6327673815     
   98.8999984486417        14368.6327673524     
   98.9999984427048        14368.6327673233     
   99.0999984367680        14368.6327672942     
   99.1999984308312        14368.6327672650     
   99.2999984248944        14368.6327672359     
   99.3999984189576        14368.6327672068     
   99.4999984130207        14368.6327671777     
   99.5999984070839        14368.6327671486     
   99.6999984011471        14368.6327671194     
   99.7999983952103        14368.6327670903     
   99.8999983892735        14368.6327670612     
   99.9999983833367        14368.6327670320     
   100.099998377400        15422.9794783164     
   100.199998371463        16233.1211739171     
   100.299998365526        16907.2898890904     
   100.399998359589        17484.4215006050     
   100.499998353653        17977.1412107168     
   100.599998347716        18394.9524260268     
   100.699998341779        18746.6209684079     
   100.799998335842        19040.1353850727     
   100.899998329905        19282.5984835537     
   100.999998323968        19480.2052254016     
   101.099998318032        19638.2904448563     
   101.199998312095        19761.4436381145     
   101.299998306158        19853.6615647471     
   101.399998300221        19918.4904912474     
   101.499998294284        19959.1285907687     
   101.599998288348        19978.4874362715     
   101.699998282411        19979.2255192223     
   101.799998276474        19963.7671094486     
   101.899998270537        19934.3152540709     
   101.999998264600        19892.8634333033     
   102.099998258663        19841.2076496427     
   102.199998252727        19780.9593041386     
   102.299998246790        19713.5586210651     
   102.399998240853        19640.2882247334     
   102.499998234916        19562.2865005791     
   102.599998228979        19480.5604587844     
   102.699998223043        19395.9979095903     
   102.799998217106        19309.3788378849     
   102.899998211169        19221.3859268065     
   102.999998205232        19132.6142259678     
   103.099998199295        19043.5799911972     
   103.199998193358        18954.7287417727     
   103.299998187422        18866.4425908579     
   103.399998181485        18779.0469079934     
   103.499998175548        18692.8163714698     
   103.599998169611        18607.9804649561     
   103.699998163674        18524.7284682101     
   103.799998157738        18443.2139868624     
   103.899998151801        18363.5590616093     
   103.999998145864        18285.8578928877     
   104.099998139927        18210.1802134480     
   104.199998133990        18136.5743379921     
   104.299998128054        18065.0699163596     
   104.399998122117        17995.6804144413     
   104.499998116180        17928.4053450128     
   104.599998110243        17863.2322690170     
   104.699998104306        17800.1385863248     
   104.799998098369        17739.0931336922     
   104.899998092433        17680.0576064465     
   104.999998086496        17622.9878193406     
   105.099998080559        17567.8348209755     
   105.199998074622        17514.5458752465     
   105.299998068685        17463.0653223136     
   105.399998062749        17413.3353307781     
   105.499998056812        17365.2965518011     
   105.599998050875        17318.8886851915     
   105.699998044938        17274.0509666418     
   105.799998039001        17230.7225845753     
   105.899998033064        17188.8430343525     
   105.999998027128        17148.3524169192     
   106.099998021191        17109.1916883222     
   106.199998015254        17071.3028659523     
   106.299998009317        17034.6291967909     
   106.399998003380        16999.1152924304     
   106.499997997444        16964.7072351353     
   106.599997991507        16931.3526588008     
   106.699997985570        16899.0008082120     
   106.799997979633        16867.6025796693     
   106.899997973696        16837.1105456716     
   106.999997967759        16807.4789660637     
   107.099997961823        16778.6637877469     
   107.199997955886        16750.6226348205     
   107.299997949949        16723.3147907691     
   107.399997944012        16696.7011741350     
   107.499997938075        16670.7443088827     
   107.599997932139        16645.4082905648     
   107.699997926202        16620.6587491835     
   107.799997920265        16596.4628095715     
   107.899997914328        16572.7890499490     
   107.999997908391        16549.6074592604     
   108.099997902454        16526.8893937733     
   108.199997896518        16504.6075333587     
   108.299997890581        16482.7358377927     
   108.399997884644        16461.2495033713     
   108.499997878707        16440.1249200788     
   108.599997872770        16419.3396294885     
   108.699997866834        16398.8722835553     
   108.799997860897        16378.7026044176     
   108.899997854960        16358.8113452918     
   108.999997849023        16339.1802525298     
   109.099997843086        16319.7920288780     
   109.199997837149        16300.6302979678     
   109.299997831213        16281.6795700422     
   109.399997825276        16262.9252089188     
   109.499997819339        16244.3534001778     
   109.599997813402        16225.9511205511     
   109.699997807465        16207.7061084830     
   109.799997801529        16189.6068358329     
   109.899997795592        16171.6424806740     
   109.999997789655        16153.8029011534     
   110.099997783718        16136.0786103650     
   110.199997777781        16118.4607521877     
   110.299997771844        16100.9410780475     
   110.399997765908        16083.5119245479     
   110.499997759971        16066.1661919287     
   110.599997754034        16048.8973233007     
   110.699997748097        16031.6992846100     
   110.799997742160        16014.5665452915     
   110.899997736224        15997.4940595615     
   110.999997730287        15980.4772483114     
   111.099997724350        15963.5119815583     
   111.199997718413        15946.5945614162     
   111.299997712476        15929.7217055511     
   111.399997706539        15912.8905310810     
   111.499997700603        15896.0985388940     
   111.599997694666        15879.3435983484     
   111.699997688729        15862.6239323303     
   111.799997682792        15845.9381026392     
   111.899997676855        15829.2849956801     
   111.999997670919        15812.6638084380     
   112.099997664982        15796.0740347137     
   112.199997659045        15779.5154516117     
   112.299997653108        15762.9881062586     
   112.399997647171        15746.4923027312     
   112.499997641234        15730.0285891910     
   112.599997635298        15713.5977452105     
   112.699997629361        15697.2007693000     
   112.799997623424        15680.8388666005     
   112.899997617487        15664.5134367632     
   112.999997611550        15648.2260619973     
   113.099997605614        15631.9784952907     
   113.199997599677        15615.7726488026     
   113.299997593740        15599.6105824304     
   113.399997587803        15583.4944925491     
   113.499997581866        15567.4267009320     
   113.599997575929        15551.4096438534     
   113.699997569993        15535.4458613795     
   113.799997564056        15519.5379868550     
   113.899997558119        15503.6887365893     
   113.999997552182        15487.9008997519     
   114.099997546245        15472.1773284829     
   114.199997540309        15456.5209282287     
   114.299997534372        15440.9346483082     
   114.399997528435        15425.4214727205     
   114.499997522498        15409.9844112010     
   114.599997516561        15394.6264905332     
   114.699997510624        15379.3507461275     
   114.799997504688        15364.1602138712     
   114.899997498751        15349.0579222596     
   114.999997492814        15334.0468848139     
   115.099997486877        15319.1300927937     
   115.199997480940        15304.3105082096     
   115.299997475004        15289.5910571411     
   115.399997469067        15274.9746233660     
   115.499997463130        15260.4640423030     
   115.599997457193        15246.0620952745     
   115.699997451256        15231.7715040888     
   115.799997445319        15217.5949259457     
   115.899997439383        15203.5349486671     
   115.999997433446        15189.5940862509     
   116.099997427509        15175.7747747496     
   116.199997421572        15162.0793684714     
   116.299997415635        15148.5101365033     
   116.399997409699        15135.0692595496     
   116.499997403762        15121.7588270877     
   116.599997397825        15108.5808348319     
   116.699997391888        15095.5371825025     
   116.799997385951        15082.6296718954     
   116.899997380014        15069.8600052434     
   116.999997374078        15057.2297838631     
   117.099997368141        15044.7405070806     
   117.199997362204        15032.3935714278     
   117.299997356267        15020.1902700990     
   117.399997350330        15008.1317926612     
   117.499997344394        14996.2192250045     
   117.599997338457        14984.4535495313     
   117.699997332520        14972.8356455631     
   117.799997326583        14961.3662899614     
   117.899997320646        14950.0461579521     
   117.999997314709        14938.8758241402     
   118.099997308773        14927.8557637078     
   118.199997302836        14916.9863537752     
   118.299997296899        14906.2678749201     
   118.399997290962        14895.7005128767     
   118.499997285025        14885.2843603006     
   118.599997279089        14875.0194187423     
   118.699997273152        14864.9056006669     
   118.799997267215        14854.9427316208     
   118.899997261278        14845.1305525108     
   118.999997255341        14835.4687218919     
   119.099997249404        14825.9568184054     
   119.199997243468        14816.5943432479     
   119.299997237531        14807.3807227015     
   119.399997231594        14798.3153107078     
   119.499997225657        14789.3973914943     
   119.599997219720        14780.6261822132     
   119.699997213784        14772.0008356136     
   119.799997207847        14763.5204427263     
   119.899997201910        14755.1840355551     
   119.999997195973        14746.9905897674     
   120.099997190036        14738.9390273831     
   120.199997184100        14731.0282194481     
   120.299997178163        14723.2569886916     
   120.399997172226        14715.6241121604     
   120.499997166289        14708.1283238252     
   120.599997160352        14700.7683171551     
   120.699997154415        14693.5427476542     
   120.799997148479        14686.4502353586     
   120.899997142542        14679.4893672888     
   120.999997136605        14672.6586998538     
   121.099997130668        14665.9567612084     
   121.199997124731        14659.3820535523     
   121.299997118795        14652.9330553778     
   121.399997112858        14646.6082236603     
   121.499997106921        14640.4059959871     
   121.599997100984        14634.3247926286     
   121.699997095047        14628.3630185477     
   121.799997089110        14622.5190653436     
   121.899997083174        14616.7913131368     
   121.999997077237        14611.1781323869     
   122.099997071300        14605.6778856478     
   122.199997065363        14600.2889292567     
   122.299997059426        14595.0096149618     
   122.399997053490        14589.8382914839     
   122.499997047553        14584.7733060136     
   122.599997041616        14579.8130056473     
   122.699997035679        14574.9557387589     
   122.799997029742        14570.1998563105     
   122.899997023805        14565.5437131009     
   122.999997017869        14560.9856689555     
   123.099997011932        14556.5240898553     
   123.199997005995        14552.1573490100     
   123.299997000058        14547.8838278719     
   123.399996994121        14543.7019170960     
   123.499996988185        14539.6100174442     
   123.599996982248        14535.6065406394     
   123.699996976311        14531.6899101629     
   123.799996970374        14527.8585620088     
   123.899996964437        14524.1109453813     
   123.999996958500        14520.4455233513     
   124.099996952564        14516.8607734646     
   124.199996946627        14513.3551883051     
   124.299996940690        14509.9272760167     
   124.399996934753        14506.5755607826     
   124.499996928816        14503.2985832639     
   124.599996922880        14500.0949010025     
   124.699996916943        14496.9630887852     
   124.799996911006        14493.9017389708     
   124.899996905069        14490.9094617860     
   124.999996899132        14487.9848855870     
   125.099996893195        14485.1266570890     
   125.199996887259        14482.3334415682     
   125.299996881322        14479.6039230321     
   125.399996875385        14476.9368043648     
   125.499996869448        14474.3308074447     
   125.599996863511        14471.7846732387     
   125.699996857575        14469.2971618717     
   125.799996851638        14466.8670526748     
   125.899996845701        14464.4931442113     
   125.999996839764        14462.1742542816     
   126.099996833827        14459.9092199125     
   126.199996827890        14457.6968973260     
   126.299996821954        14455.5361618893     
   126.399996816017        14453.4259080549     
   126.499996810080        14451.3650492773     
   126.599996804143        14449.3525179250     
   126.699996798206        14447.3872651699     
   126.799996792270        14445.4682608729     
   126.899996786333        14443.5944934522     
   126.999996780396        14441.7649697413     
   127.099996774459        14439.9787148421     
   127.199996768522        14438.2347719628     
   127.299996762585        14436.5322022501     
   127.399996756649        14434.8700846129     
   127.499996750712        14433.2475155397     
   127.599996744775        14431.6636089091     
   127.699996738838        14430.1174957926     
   127.799996732901        14428.6083242547     
   127.899996726965        14427.1352591465     
   127.999996721028        14425.6974818949     
   128.099996715091        14424.2941902888     
   128.199996709154        14422.9245982598     
   128.299996703217        14421.5879356627     
   128.399996697280        14420.2834480531     
   128.499996691344        14419.0103964603     
   128.599996685407        14417.7680571576     
   128.699996679470        14416.5557214394     
   128.799996673533        14415.3726953863     
   128.899996667596        14414.2182996343     
   128.999996661660        14413.0918691487     
   129.099996655723        14411.9927529837     
   129.199996649786        14410.9203140614     
   129.299996643849        14409.8739289303     
   129.399996637912        14408.8529875407     
   129.499996631975        14407.8568930157     
   129.599996626039        14406.8850614147     
   129.699996620102        14405.9369215134     
   129.799996614165        14405.0119145744     
   129.899996608228        14404.1094941182     
   129.999996602291        14403.2291257029     
   130.099996596355        14402.3702867033     
   130.199996590418        14401.5324660894     
   130.299996584481        14400.7151642064     
   130.399996578544        14399.9178925603     
   130.499996572607        14399.1401736039     
   130.599996566670        14398.3815405252     
   130.699996560734        14397.6415370377     
   130.799996554797        14396.9197171744     
   130.899996548860        14396.2156450823     
   130.999996542923        14395.5288948218     
   131.099996536986        14394.8590501661     
   131.199996531050        14394.2057044062     
   131.299996525113        14393.5684601563     
   131.399996519176        14392.9469291631     
   131.499996513239        14392.3407321173     
   131.599996507302        14391.7494984678     
   131.699996501365        14391.1728662372     
   131.799996495429        14390.6104818450     
   131.899996489492        14390.0619999315     
   131.999996483555        14389.5270831818     
   132.099996477618        14389.0054021527     
   132.199996471681        14388.4966351005     
   132.299996465745        14388.0004678284     
   132.399996459808        14387.5165935163     
   132.499996453871        14387.0447125518     
   132.599996447934        14386.5845323853     
   132.699996441997        14386.1357673795     
   132.799996436060        14385.6981386357     
   132.899996430124        14385.2713738685     
   132.999996424187        14384.8552072542     
   133.099996418250        14384.4493792666     
   133.199996412313        14384.0536365768     
   133.299996406376        14383.6677318694     
   133.399996400440        14383.2914237456     
   133.499996394503        14382.9244765664     
   133.599996388566        14382.5666603301     
   133.699996382629        14382.2177505510     
   133.799996376692        14381.8775281184     
   133.899996370756        14381.5457791953     
   133.999996364819        14381.2222950762     
   134.099996358882        14380.9068720870     
   134.199996352945        14380.5993114628     
   134.299996347008        14380.2994192251     
   134.399996341071        14380.0070061023     
   134.499996335135        14379.7218873680     
   134.599996329198        14379.4438828053     
   134.699996323261        14379.1728165307     
   134.799996317324        14378.9085169476     
   134.899996311387        14378.6508166259     
   134.999996305451        14378.3995521805     
   135.099996299514        14378.1545642373     
   135.199996293577        14377.9156972782     
   135.299996287640        14377.6827995683     
   135.399996281703        14377.4557231045     
   135.499996275766        14377.2343234691     
   135.599996269830        14377.0184597699     
   135.699996263893        14376.8079945882     
   135.799996257956        14376.6027938449     
   135.899996252019        14376.4027267322     
   135.999996246082        14376.2076656822     
   136.099996240146        14376.0174862372     
   136.199996234209        14375.8320669787     
   136.299996228272        14375.6512894870     
   136.399996222335        14375.4750382600     
   136.499996216398        14375.3032006219     
   136.599996210461        14375.1356666552     
   136.699996204525        14374.9723291744     
   136.799996198588        14374.8130836312     
   136.899996192651        14374.6578280453     
   136.999996186714        14374.5064629398     
   137.099996180777        14374.3588913060     
   137.199996174841        14374.2150185420     
   137.299996168904        14374.0747523681     
   137.399996162967        14373.9380027841     
   137.499996157030        14373.8046820023     
   137.599996151093        14373.6747044326     
   137.699996145156        14373.5479865985     
   137.799996139220        14373.4244470829     
   137.899996133283        14373.3040064851     
   137.999996127346        14373.1865873624     
   138.099996121409        14373.0721142005     
   138.199996115472        14372.9605133750     
   138.299996109536        14372.8517130725     
   138.399996103599        14372.7456432621     
   138.499996097662        14372.6422356522     
   138.599996091725        14372.5414236397     
   138.699996085788        14372.4431422777     
   138.799996079851        14372.3473282567     
   138.899996073915        14372.2539198263     
   138.999996067978        14372.1628567702     
   139.099996062041        14372.0740803709     
   139.199996056104        14371.9875333724     
   139.299996050167        14371.9031599400     
   139.399996044231        14371.8209056231     
   139.499996038294        14371.7407173517     
   139.599996032357        14371.6625433699     
   139.699996026420        14371.5863332061     
   139.799996020483        14371.5120376480     
   139.899996014546        14371.4396087098     
   139.999996008610        14371.3689996033     
   140.099996002673        14371.3001647078     
   140.199995996736        14371.2330595356     
   140.299995990799        14371.1676407059     
   140.399995984862        14371.1038659437     
   140.499995978926        14371.0416940202     
   140.599995972989        14370.9810847319     
   140.699995967052        14370.9219988804     
   140.799995961115        14370.8643982460     
   140.899995955178        14370.8082455654     
   140.999995949241        14370.7535045060     
   141.099995943305        14370.7001396442     
   141.199995937368        14370.6481164419     
   141.299995931431        14370.5974012236     
   141.399995925494        14370.5479611502     
   141.499995919557        14370.4997642102     
   141.599995913621        14370.4527792088     
   141.699995907684        14370.4069757174     
   141.799995901747        14370.3623240698     
   141.899995895810        14370.3187953417     
   141.999995889873        14370.2763613337     
   142.099995883936        14370.2349945532     
   142.199995878000        14370.1946681940     
   142.299995872063        14370.1553561244     
   142.399995866126        14370.1170328656     
   142.499995860189        14370.0796735769     
   142.599995854252        14370.0432540419     
   142.699995848316        14370.0077506488     
   142.799995842379        14369.9731403801     
   142.899995836442        14369.9394007922     
   142.999995830505        14369.9065100006     
   143.099995824568        14369.8744466715     
   143.199995818631        14369.8431900187     
   143.299995812695        14369.8127197730     
   143.399995806758        14369.7830161680     
   143.499995800821        14369.7540599342     
   143.599995794884        14369.7258322828     
   143.699995788947        14369.6983149021     
   143.799995783011        14369.6714899331     
   143.899995777074        14369.6453399706     
   143.999995771137        14369.6198480415     
   144.099995765200        14369.5949976047     
   144.199995759263        14369.5707725284     
   144.299995753326        14369.5471570876     
   144.399995747390        14369.5241359529     
   144.499995741453        14369.5016941813     
   144.599995735516        14369.4798172011     
   144.699995729579        14369.4584908093     
   144.799995723642        14369.4377011598     
   144.899995717706        14369.4174347519     
   144.999995711769        14369.3976784261     
   145.099995705832        14369.3784193522     
   145.199995699895        14369.3596450223     
   145.299995693958        14369.3413432435     
   145.399995688021        14369.3235021310     
   145.499995682085        14369.3061100932     
   145.599995676148        14369.2891558330     
   145.699995670211        14369.2726283387     
   145.799995664274        14369.2565168656     
   145.899995658337        14369.2408109503     
   145.999995652401        14369.2255003873     
   146.099995646464        14369.2105752408     
   146.199995640527        14369.1960258123     
   146.299995634590        14369.1818426435     
   146.399995628653        14369.1680165238     
   146.499995622716        14369.1545384688     
   146.599995616780        14369.1413997155     
   146.699995610843        14369.1285917272     
   146.799995604906        14369.1161061816     
   146.899995598969        14369.1039349642     
   146.999995593032        14369.0920701648     
   147.099995587096        14369.0805040705     
   147.199995581159        14369.0692291645     
   147.299995575222        14369.0582381181     
   147.399995569285        14369.0475237868     
   147.499995563348        14369.0370792092     
   147.599995557411        14369.0268975914     
   147.699995551475        14369.0169723181     
   147.799995545538        14369.0072969345     
   147.899995539601        14368.9978651543     
   147.999995533664        14368.9886708439     
   148.099995527727        14368.9797080299     
   148.199995521791        14368.9709708824     
   148.299995515854        14368.9624537193     
   148.399995509917        14368.9541509990     
   148.499995503980        14368.9460573341     
   148.599995498043        14368.9381674580     
   148.699995492106        14368.9304762408     
   148.799995486170        14368.9229786739     
   148.899995480233        14368.9156698967     
   148.999995474296        14368.9085451512     
   149.099995468359        14368.9015997930     
   149.199995462422        14368.8948293227     
   149.299995456486        14368.8882293316     
   149.399995450549        14368.8817955203     
   149.499995444612        14368.8755237226     
   149.599995438675        14368.8694098355     
   149.699995432738        14368.8634499091     
   149.799995426802        14368.8576400480     
   149.899995420865        14368.8519764851     
   149.999995414928        14368.8464555334     
