   95.0999986742407        149200.000001951     
   95.1999986683039        149200.000001951     
   95.2999986623671        149200.000001951     
   95.3999986564303        149200.000001951     
   95.4999986504935        149200.000001951     
   95.5999986445566        149200.000001951     
   95.6999986386198        149200.000001951     
   95.7999986326830        149200.000001951     
   95.8999986267462        149200.000001951     
   95.9999986208094        149200.000001951     
   96.0999986148725        149200.000001951     
   96.1999986089357        149200.000001951     
   96.2999986029989        149200.000001951     
   96.3999985970621        149200.000001951     
   96.4999985911253        149200.000001951     
   96.5999985851885        149200.000001951     
   96.6999985792516        149200.000001951     
   96.7999985733148        149200.000001951     
   96.8999985673780        149200.000001951     
   96.9999985614412        149200.000001951     
   97.0999985555044        149200.000001951     
   97.1999985495676        149200.000001951     
   97.2999985436307        149200.000001951     
   97.3999985376939        149200.000001951     
   97.4999985317571        149200.000001951     
   97.5999985258203        149200.000001951     
   97.6999985198835        149200.000001951     
   97.7999985139466        149200.000001951     
   97.8999985080098        149200.000001951     
   97.9999985020730        149200.000001951     
   98.0999984961362        149200.000001951     
   98.1999984901994        149200.000001951     
   98.2999984842626        149200.000001951     
   98.3999984783257        149200.000001951     
   98.4999984723889        149200.000001951     
   98.5999984664521        149200.000001951     
   98.6999984605153        149200.000001951     
   98.7999984545785        149200.000001951     
   98.8999984486417        149200.000001951     
   98.9999984427048        149200.000001951     
   99.0999984367680        149200.000001951     
   99.1999984308312        149200.000001951     
   99.2999984248944        149200.000001951     
   99.3999984189576        149200.000001951     
   99.4999984130207        149200.000001951     
   99.5999984070839        149200.000001951     
   99.6999984011471        149200.000001951     
   99.7999983952103        149200.000001951     
   99.8999983892735        149200.000001951     
   99.9999983833367        149200.000001951     
   100.099998377400        149047.706895139     
   100.199998371463        149076.368033888     
   100.299998365526        149089.381754787     
   100.399998359589        149097.875243390     
   100.499998353653        149104.643833812     
   100.599998347716        149110.408506998     
   100.699998341779        149115.443090336     
   100.799998335842        149119.912145497     
   100.899998329905        149123.940993173     
   100.999998323968        149127.622529431     
   101.099998318032        149131.018501286     
   101.199998312095        149134.168242313     
   101.299998306158        149137.098736634     
   101.399998300221        149139.831079334     
   101.499998294284        149142.383380021     
   101.599998288348        149144.771777014     
   101.699998282411        149147.010764847     
   101.799998276474        149149.113353388     
   101.899998270537        149151.091218422     
   101.999998264600        149152.954878313     
   102.099998258663        149154.713893228     
   102.199998252727        149156.377063316     
   102.299998246790        149157.952584950     
   102.399998240853        149159.448120768     
   102.499998234916        149160.870765688     
   102.599998228979        149162.226941900     
   102.699998223043        149163.522295387     
   102.799998217106        149164.761660833     
   102.899998211169        149165.949116855     
   102.999998205232        149167.088107160     
   103.099998199295        149168.181584265     
   103.199998193358        149169.232140257     
   103.299998187422        149170.242107280     
   103.399998181485        149171.213625860     
   103.499998175548        149172.148687174     
   103.599998169611        149173.049157468     
   103.699998163674        149173.916791729     
   103.799998157738        149174.753241669     
   103.899998151801        149175.560061154     
   103.999998145864        149176.338710821     
   104.099998139927        149177.090562562     
   104.199998133990        149177.816904275     
   104.299998128054        149178.518944787     
   104.399998122117        149179.197818898     
   104.499998116180        149179.854592403     
   104.599998110243        149180.490266971     
   104.699998104306        149181.105784845     
   104.799998098369        149181.702033219     
   104.899998092433        149182.279848345     
   104.999998086496        149182.840019356     
   105.099998080559        149183.383291725     
   105.199998074622        149183.910370450     
   105.299998068685        149184.421923014     
   105.399998062749        149184.918581978     
   105.499998056812        149185.400947462     
   105.599998050875        149185.869589310     
   105.699998044938        149186.325049115     
   105.799998039001        149186.767842056     
   105.899998033064        149187.198458559     
   105.999998027128        149187.617365870     
   106.099998021191        149188.025009387     
   106.199998015254        149188.421814052     
   106.299998009317        149188.808185425     
   106.399998003380        149189.184510871     
   106.499997997444        149189.551160502     
   106.599997991507        149189.908488145     
   106.699997985570        149190.256832159     
   106.799997979633        149190.596516282     
   106.899997973696        149190.927850359     
   106.999997967759        149191.251130974     
   107.099997961823        149191.566642194     
   107.199997955886        149191.874656050     
   107.299997949949        149192.175433161     
   107.399997944012        149192.469223279     
   107.499997938075        149192.756265699     
   107.599997932139        149193.036789744     
   107.699997926202        149193.311015250     
   107.799997920265        149193.579152851     
   107.899997914328        149193.841404499     
   107.999997908391        149194.097963704     
   108.099997902454        149194.349015905     
   108.199997896518        149194.594738788     
   108.299997890581        149194.835302604     
   108.399997884644        149195.070870449     
   108.499997878707        149195.301598496     
   108.599997872770        149195.527636249     
   108.699997866834        149195.749126832     
   108.799997860897        149195.966207210     
   108.899997854960        149196.179008315     
   108.999997849023        149196.387655398     
   109.099997843086        149196.592268155     
   109.199997837149        149196.792960827     
   109.299997831213        149196.989842586     
   109.399997825276        149197.183017485     
   109.499997819339        149197.372584864     
   109.599997813402        149197.558639257     
   109.699997807465        149197.741270708     
   109.799997801529        149197.920564913     
   109.899997795592        149198.096603356     
   109.999997789655        149198.269463329     
   110.099997783718        149198.439218254     
   110.199997777781        149198.605937712     
   110.299997771844        149198.769687585     
   110.399997765908        149198.930530183     
   110.499997759971        149199.088524366     
   110.599997754034        149199.243725658     
   110.699997748097        149199.396186394     
   110.799997742160        149199.545955858     
   110.899997736224        149199.693080250     
   110.999997730287        149199.837603034     
   111.099997724350        149199.979564762     
   111.199997718413        149200.119003507     
   111.299997712476        149200.255954718     
   111.399997706539        149200.390451431     
   111.499997700603        149200.522524285     
   111.599997694666        149200.652201813     
   111.699997688729        149200.779510387     
   111.799997682792        149200.904474360     
   111.899997676855        149201.027116141     
   111.999997670919        149201.147456393     
   112.099997664982        149201.265513972     
   112.199997659045        149201.381306188     
   112.299997653108        149201.494848876     
   112.399997647171        149201.606156376     
   112.499997641234        149201.715241713     
   112.599997635298        149201.822116751     
   112.699997629361        149201.926792100     
   112.799997623424        149202.029277478     
   112.899997617487        149202.129581547     
   112.999997611550        149202.227712206     
   113.099997605614        149202.323676393     
   113.199997599677        149202.417480621     
   113.299997593740        149202.509130659     
   113.399997587803        149202.598631809     
   113.499997581866        149202.685988864     
   113.599997575929        149202.771206412     
   113.699997569993        149202.854288625     
   113.799997564056        149202.935239617     
   113.899997558119        149203.014063292     
   113.999997552182        149203.090763534     
   114.099997546245        149203.165344268     
   114.199997540309        149203.237809499     
   114.299997534372        149203.308163309     
   114.399997528435        149203.376410162     
   114.499997522498        149203.442554680     
   114.599997516561        149203.506601809     
   114.699997510624        149203.568556919     
   114.799997504688        149203.628425860     
   114.899997498751        149203.686214842     
   114.999997492814        149203.741930734     
   115.099997486877        149203.795580880     
   115.199997480940        149203.847173316     
   115.299997475004        149203.896716547     
   115.399997469067        149203.944219982     
   115.499997463130        149203.989693573     
   115.599997457193        149204.033148073     
   115.699997451256        149204.074594864     
   115.799997445319        149204.114046302     
   115.899997439383        149204.151515345     
   115.999997433446        149204.187015761     
   116.099997427509        149204.220562287     
   116.199997421572        149204.252170280     
   116.299997415635        149204.281856036     
   116.399997409699        149204.309636598     
   116.499997403762        149204.335529923     
   116.599997397825        149204.359554591     
   116.699997391888        149204.381730193     
   116.799997385951        149204.402076975     
   116.899997380014        149204.420616115     
   116.999997374078        149204.437369424     
   117.099997368141        149204.452359514     
   117.199997362204        149204.465609794     
   117.299997356267        149204.477144247     
   117.399997350330        149204.486987773     
   117.499997344394        149204.495165667     
   117.599997338457        149204.501704110     
   117.699997332520        149204.506629822     
   117.799997326583        149204.509970108     
   117.899997320646        149204.511752847     
   117.999997314709        149204.512006453     
   118.099997308773        149204.510759848     
   118.199997302836        149204.508042426     
   118.299997296899        149204.503884023     
   118.399997290962        149204.498314886     
   118.499997285025        149204.491365646     
   118.599997279089        149204.483067282     
   118.699997273152        149204.473451101     
   118.799997267215        149204.462548598     
   118.899997261278        149204.450391547     
   118.999997255341        149204.437012071     
   119.099997249404        149204.422442217     
   119.199997243468        149204.406714330     
   119.299997237531        149204.389860884     
   119.399997231594        149204.371914345     
   119.499997225657        149204.352907250     
   119.599997219720        149204.332872180     
   119.699997213784        149204.311841592     
   119.799997207847        149204.289847935     
   119.899997201910        149204.266923723     
   119.999997195973        149204.243101163     
   120.099997190036        149361.193013801     
   120.199997184100        149356.531298452     
   120.299997178163        149351.157431055     
   120.399997172226        149345.825891610     
   120.499997166289        149340.485733240     
   120.599997160352        149335.092500256     
   120.699997154415        149329.611562318     
   120.799997148479        149324.017616110     
   120.899997142542        149318.294509495     
   120.999997136605        149312.435420533     
   121.099997130668        149306.443563713     
   121.199997124731        149300.333861526     
   121.299997118795        149294.135192088     
   121.399997112858        149287.887233992     
   121.499997106921        149281.625466141     
   121.599997100984        149275.376680431     
   121.699997095047        149269.177111436     
   121.799997089110        149263.080080466     
   121.899997083174        149257.147672532     
   121.999997077237        149251.441134435     
   122.099997071300        149246.014750327     
   122.199997065363        149240.912661983     
   122.299997059426        149236.167583178     
   122.399997053490        149231.800535303     
   122.499997047553        149227.821200505     
   122.599997041616        149224.228829373     
   122.699997035679        149221.013654416     
   122.799997029742        149218.158652366     
   122.899997023805        149215.641440904     
   122.999997017869        149213.436113015     
   123.099997011932        149211.514869033     
   123.199997005995        149209.849369556     
   123.299997000058        149208.411785058     
   123.399996994121        149207.175555095     
   123.499996988185        149206.115891979     
   123.599996982248        149205.210073868     
   123.699996976311        149204.437573841     
   123.799996970374        149203.780067975     
   123.899996964437        149203.221359276     
   123.999996958500        149202.747247288     
   124.099996952564        149202.345366364     
   124.199996946627        149202.005009520     
   124.299996940690        149201.716949862     
   124.399996934753        149201.473267550     
   124.499996928816        149201.267187296     
   124.599996922880        149201.092929200     
   124.699996916943        149200.945574127     
   124.799996911006        149200.820943836     
   124.899996905069        149200.715495322     
   124.999996899132        149200.626228503     
   125.099996893195        149200.550606038     
   125.199996887259        149200.486484140     
   125.299996881322        149200.432053053     
   125.399996875385        149200.385786144     
   125.499996869448        149200.346396399     
   125.599996863511        149200.312799376     
   125.699996857575        149200.284081735     
   125.799996851638        149200.259474501     
   125.899996845701        149200.238330532     
   125.999996839764        149200.220105318     
   126.099996833827        149200.204340833     
   126.199996827890        149200.190651728     
   126.299996821954        149200.178714216     
   126.399996816017        149200.168255872     
   126.499996810080        149200.159047797     
   126.599996804143        149200.150897501     
   126.699996798206        149200.143643149     
   126.799996792270        149200.137149025     
   126.899996786333        149200.131300902     
   126.999996780396        149200.126002350     
   127.099996774459        149200.121173211     
   127.199996768522        149200.116745498     
   127.299996762585        149200.112662090     
   127.399996756649        149200.108874781     
   127.499996750712        149200.105344352     
   127.599996744775        149200.102036231     
   127.699996738838        149200.098922039     
   127.799996732901        149200.095977158     
   127.899996726965        149200.093183090     
   127.999996721028        149200.090521787     
   128.099996715091        149200.087978694     
   128.199996709154        149200.085543673     
   128.299996703217        149200.083204226     
   128.399996697280        149200.080953123     
   128.499996691344        149200.078782405     
   128.599996685407        149200.076686879     
   128.699996679470        149200.074659708     
   128.799996673533        149200.072699728     
   128.899996667596        149200.070800589     
   128.999996661660        149200.068959366     
   129.099996655723        149200.067173173     
   129.199996649786        149200.065441201     
   129.299996643849        149200.063761220     
   129.399996637912        149200.062129170     
   129.499996631975        149200.060544464     
   129.599996626039        149200.059008340     
   129.699996620102        149200.057513900     
   129.799996614165        149200.056067613     
   129.899996608228        149200.054660196     
   129.999996602291        149200.053298069     
   130.099996596355        149200.051974786     
   130.199996590418        149200.050690653     
   130.299996584481        149200.049447994     
   130.399996578544        149200.048241419     
   130.499996572607        149200.047070250     
   130.599996566670        149200.045938242     
   130.699996560734        149200.044841109     
   130.799996554797        149200.043777338     
   130.899996548860        149200.042746180     
   130.999996542923        149200.041746904     
   131.099996536986        149200.040778705     
   131.199996531050        149200.039840677     
   131.299996525113        149200.038931808     
   131.399996519176        149200.038050947     
   131.499996513239        149200.037196783     
   131.599996507302        149200.036367812     
   131.699996501365        149200.035562395     
   131.799996495429        149200.034779913     
   131.899996489492        149200.034021463     
   131.999996483555        149200.033285428     
   132.099996477618        149200.032566319     
   132.199996471681        149200.031866994     
   132.299996465745        149200.031188745     
   132.399996459808        149200.030522992     
   132.499996453871        149200.029878502     
   132.599996447934        149200.029244401     
   132.699996441997        149200.028629415     
   132.799996436060        149200.028023036     
   132.899996430124        149200.027434775     
   132.999996424187        149200.026852762     
   133.099996418250        149200.026287991     
   133.199996412313        149200.025733173     
   133.299996406376        149200.025184576     
   133.399996400440        149200.024650712     
   133.499996394503        149200.024125354     
   133.599996388566        149200.023604800     
   133.699996382629        149200.023097814     
   133.799996376692        149200.022599101     
   133.899996370756        149200.022104336     
   133.999996364819        149200.021619615     
   134.099996358882        149200.021144220     
   134.199996352945        149200.020676094     
   134.299996347008        149200.020210433     
   134.399996341071        149200.019755978     
   134.499996335135        149200.019309364     
   134.599996329198        149200.018869695     
   134.699996323261        149200.018433138     
   134.799996317324        149200.018005222     
   134.899996311387        149200.017586147     
   134.999996305451        149200.017173883     
   135.099996299514        149200.016766283     
   135.199996293577        149200.016363933     
   135.299996287640        149200.015972064     
   135.399996281703        149200.015586999     
   135.499996275766        149200.015207844     
   135.599996269830        149200.014831484     
   135.699996263893        149200.014466866     
   135.799996257956        149200.014109073     
   135.899996252019        149200.013757897     
   135.999996246082        149200.013408651     
   136.099996240146        149200.013070827     
   136.199996234209        149200.012740315     
   136.299996228272        149200.012416597     
   136.399996222335        149200.012096452     
   136.499996216398        149200.011783638     
   136.599996210461        149200.011480160     
   136.699996204525        149200.011183363     
   136.799996198588        149200.010891879     
   136.899996192651        149200.010603821     
   136.999996186714        149200.010326795     
   137.099996180777        149200.010056250     
   137.199996174841        149200.009792046     
   137.299996168904        149200.009530111     
   137.399996162967        149200.009277032     
   137.499996157030        149200.009031736     
   137.599996151093        149200.008792562     
   137.699996145156        149200.008558820     
   137.799996139220        149200.008326414     
   137.899996133283        149200.008105079     
   137.999996127346        149200.007889506     
   138.099996121409        149200.007679596     
   138.199996115472        149200.007474837     
   138.299996109536        149200.007271110     
   138.399996103599        149200.007077023     
   138.499996097662        149200.006888749     
   138.599996091725        149200.006705620     
   138.699996085788        149200.006527527     
   138.799996079851        149200.006352805     
   138.899996073915        149200.006180194     
   138.999996067978        149200.006016552     
   139.099996062041        149200.005857506     
   139.199996056104        149200.005702945     
   139.299996050167        149200.005552759     
   139.399996044231        149200.005406494     
   139.499996038294        149200.005260974     
   139.599996032357        149200.005121528     
   139.699996026420        149200.004987743     
   139.799996020483        149200.004857788     
   139.899996014546        149200.004731556     
   139.999996008610        149200.004608943     
   140.099996002673        149200.004489846     
   140.199995996736        149200.004373296     
   140.299995990799        149200.004256880     
   140.399995984862        149200.004146816     
   140.499995978926        149200.004040777     
   140.599995972989        149200.003937761     
   140.699995967052        149200.003837674     
   140.799995961115        149200.003740426     
   140.899995955178        149200.003645928     
   140.999995949241        149200.003554091     
   141.099995943305        149200.003464833     
   141.199995937368        149200.003377427     
   141.299995931431        149200.003290115     
   141.399995925494        149200.003205890     
   141.499995919557        149200.003126138     
   141.599995913621        149200.003048574     
   141.699995907684        149200.002973124     
   141.799995901747        149200.002899721     
   141.899995895810        149200.002828296     
   141.999995889873        149200.002758786     
   142.099995883936        149200.002691126     
   142.199995878000        149200.002625258     
   142.299995872063        149200.002561122     
   142.399995866126        149200.002498661     
   142.499995860189        149200.002437823     
   142.599995854252        149200.002378554     
   142.699995848316        149200.002320318     
   142.799995842379        149200.002262111     
   142.899995836442        149200.002203903     
   142.999995830505        149200.002150374     
   143.099995824568        149200.002098234     
   143.199995818631        149200.002047391     
   143.299995812695        149200.001997801     
   143.399995806758        149200.001949431     
   143.499995800821        149200.001902242     
   143.599995794884        149200.001856200     
   143.699995788947        149200.001811270     
   143.799995783011        149200.001767421     
   143.899995777074        149200.001724624     
   143.999995771137        149200.001682847     
   144.099995765200        149200.001642063     
   144.199995759263        149200.001602245     
   144.299995753326        149200.001563367     
   144.399995747390        149200.001525404     
   144.499995741453        149200.001488332     
   144.599995735516        149200.001452129     
   144.699995729579        149200.001416771     
   144.799995723642        149200.001382239     
   144.899995717706        149200.001348512     
   144.999995711769        149200.001315570     
   145.099995705832        149200.001283396     
   145.199995699895        149200.001251970     
   145.299995693958        149200.001221276     
   145.399995688021        149200.001191295     
   145.499995682085        149200.001161993     
   145.599995676148        149200.001132890     
   145.699995670211        149200.001103786     
   145.799995664274        149200.001074682     
   145.899995658337        149200.001045742     
   145.999995652401        149200.001019725     
   146.099995646464        149200.000994320     
   146.199995640527        149200.000969513     
   146.299995634590        149200.000945291     
   146.399995628653        149200.000921643     
   146.499995622716        149200.000898555     
   146.599995616780        149200.000876017     
   146.699995610843        149200.000854018     
   146.799995604906        149200.000832543     
   146.899995598969        149200.000811584     
   146.999995593032        149200.000791131     
   147.099995587096        149200.000771173     
   147.199995581159        149200.000751698     
   147.299995575222        149200.000732696     
   147.399995569285        149200.000714157     
   147.499995563348        149200.000696073     
   147.599995557411        149200.000678433     
   147.699995551475        149200.000661228     
   147.799995545538        149200.000644449     
   147.899995539601        149200.000628086     
   147.999995533664        149200.000612130     
   148.099995527727        149200.000596573     
   148.199995521791        149200.000581404     
   148.299995515854        149200.000566617     
   148.399995509917        149200.000552202     
   148.499995503980        149200.000538153     
   148.599995498043        149200.000524460     
   148.699995492106        149200.000511113     
   148.799995486170        149200.000498106     
   148.899995480233        149200.000485432     
   148.999995474296        149200.000473083     
   149.099995468359        149200.000461048     
   149.199995462422        149200.000449325     
   149.299995456486        149200.000437904     
   149.399995450549        149200.000426775     
   149.499995444612        149200.000415937     
   149.599995438675        149200.000405376     
   149.699995432738        149200.000395091     
   149.799995426802        149200.000385073     
   149.899995420865        149200.000375314     
   149.999995414928        149200.000365810     
