   95.0999986742407       0.000000000000000E+000
   95.1999986683039       0.000000000000000E+000
   95.2999986623671       0.000000000000000E+000
   95.3999986564303       0.000000000000000E+000
   95.4999986504935       0.000000000000000E+000
   95.5999986445566       0.000000000000000E+000
   95.6999986386198       0.000000000000000E+000
   95.7999986326830       0.000000000000000E+000
   95.8999986267462       0.000000000000000E+000
   95.9999986208094       0.000000000000000E+000
   96.0999986148725       0.000000000000000E+000
   96.1999986089357       0.000000000000000E+000
   96.2999986029989       0.000000000000000E+000
   96.3999985970621       0.000000000000000E+000
   96.4999985911253       0.000000000000000E+000
   96.5999985851885       0.000000000000000E+000
   96.6999985792516       0.000000000000000E+000
   96.7999985733148       0.000000000000000E+000
   96.8999985673780       0.000000000000000E+000
   96.9999985614412       0.000000000000000E+000
   97.0999985555044       0.000000000000000E+000
   97.1999985495676       0.000000000000000E+000
   97.2999985436307       0.000000000000000E+000
   97.3999985376939       0.000000000000000E+000
   97.4999985317571       0.000000000000000E+000
   97.5999985258203       0.000000000000000E+000
   97.6999985198835       0.000000000000000E+000
   97.7999985139466       0.000000000000000E+000
   97.8999985080098       0.000000000000000E+000
   97.9999985020730       0.000000000000000E+000
   98.0999984961362       0.000000000000000E+000
   98.1999984901994       0.000000000000000E+000
   98.2999984842626       0.000000000000000E+000
   98.3999984783257       0.000000000000000E+000
   98.4999984723889       0.000000000000000E+000
   98.5999984664521       0.000000000000000E+000
   98.6999984605153       0.000000000000000E+000
   98.7999984545785       0.000000000000000E+000
   98.8999984486417       0.000000000000000E+000
   98.9999984427048       0.000000000000000E+000
   99.0999984367680       0.000000000000000E+000
   99.1999984308312       0.000000000000000E+000
   99.2999984248944       0.000000000000000E+000
   99.3999984189576       0.000000000000000E+000
   99.4999984130207       0.000000000000000E+000
   99.5999984070839       0.000000000000000E+000
   99.6999984011471       0.000000000000000E+000
   99.7999983952103       0.000000000000000E+000
   99.8999983892735       0.000000000000000E+000
   99.9999983833367       0.000000000000000E+000
   100.099998377400       2.426629659738867E-002
   100.199998371463       1.121107473947239E-002
   100.299998365526       8.561952842511034E-003
   100.399998359589       7.957768914137298E-003
   100.499998353653       7.751091578451956E-003
   100.599998347716       7.618691328100260E-003
   100.699998341779       7.497747115160831E-003
   100.799998335842       7.376501819361380E-003
   100.899998329905       7.253149214468114E-003
   100.999998323968       7.127779093233046E-003
   101.099998318032       7.000805737699086E-003
   101.199998312095       6.872665200859720E-003
   101.299998306158       6.743760143485674E-003
   101.399998300221       6.614452608749941E-003
   101.499998294284       6.485065811839311E-003
   101.599998288348       6.355887391248353E-003
   101.699998282411       6.227172679215392E-003
   101.799998276474       6.099147735278308E-003
   101.899998270537       5.972012115117591E-003
   101.999998264600       5.845941389181853E-003
   102.099998258663       5.721089431942640E-003
   102.199998252727       5.597590502218581E-003
   102.299998246790       5.475561133447497E-003
   102.399998240853       5.355101851121422E-003
   102.499998234916       5.236298733047578E-003
   102.599998228979       5.119224826674637E-003
   102.699998223043       5.003941436445485E-003
   102.799998217106       4.890499292943870E-003
   102.899998211169       4.778939614549909E-003
   102.999998205232       4.669295071345934E-003
   103.099998199295       4.561590660119598E-003
   103.199998193358       4.455844498530525E-003
   103.299998187422       4.352068545754703E-003
   103.399998181485       4.250269256279053E-003
   103.499998175548       4.150448172897335E-003
   103.599998169611       4.052602464421245E-003
   103.699998163674       3.956725413120777E-003
   103.799998157738       3.862806856451027E-003
   103.899998151801       3.770833587215548E-003
   103.999998145864       3.680789715933856E-003
   104.099998139927       3.592656998850605E-003
   104.199998133990       3.506415134705149E-003
   104.299998128054       3.422042033100805E-003
   104.399998122117       3.339514057058099E-003
   104.499998116180       3.258806242103194E-003
   104.599998110243       3.179892494026529E-003
   104.699998104306       3.102745767262684E-003
   104.799998098369       3.027338225652855E-003
   104.899998092433       2.953641387207758E-003
   104.999998086496       2.881626254330214E-003
   105.099998080559       2.811263430833842E-003
   105.199998074622       2.742523226967905E-003
   105.299998068685       2.675375753552166E-003
   105.399998062749       2.609791006225546E-003
   105.499998056812       2.545738940721432E-003
   105.599998050875       2.483189539999917E-003
   105.699998044938       2.422112873994260E-003
   105.799998039001       2.362479152656330E-003
   105.899998033064       2.304258772930533E-003
   105.999998027128       2.247422360220192E-003
   106.099998021191       2.191940804869169E-003
   106.199998015254       2.137785294125934E-003
   106.299998009317       2.084927340020089E-003
   106.399998003380       2.033338803540711E-003
   106.499997997444       1.982991915470234E-003
   106.599997991507       1.933859294197197E-003
   106.699997985570       1.885913960799356E-003
   106.799997979633       1.839129351665844E-003
   106.899997973696       1.793479328898293E-003
   106.999997967759       1.748938188713011E-003
   107.099997961823       1.705480668042790E-003
   107.199997955886       1.663081949523323E-003
   107.299997949949       1.621717665024664E-003
   107.399997944012       1.581363897883080E-003
   107.499997938075       1.541997183966440E-003
   107.599997932139       1.503594511698792E-003
   107.699997926202       1.466133321156172E-003
   107.799997920265       1.429591502335081E-003
   107.899997914328       1.393947392688047E-003
   107.999997908391       1.359179774008685E-003
   108.099997902454       1.325267868743638E-003
   108.199997896518       1.292191335800577E-003
   108.299997890581       1.259930265914056E-003
   108.399997884644       1.228465176626853E-003
   108.499997878707       1.197777006938293E-003
   108.599997872770       1.167847111665433E-003
   108.699997866834       1.138657255559294E-003
   108.799997860897       1.110189607214950E-003
   108.899997854960       1.082426732808907E-003
   108.999997849023       1.055351589695074E-003
   109.099997843086       1.028947519887310E-003
   109.199997837149       1.003198243453789E-003
   109.299997831213       9.780878518460369E-004
   109.399997825276       9.536008011814010E-004
   109.499997819339       9.297219054998866E-004
   109.599997813402       9.064363300096365E-004
   109.699997807465       8.837295843361750E-004
   109.799997801529       8.615875157889460E-004
   109.899997795592       8.399963026560639E-004
   109.999997789655       8.189424475380728E-004
   110.099997783718       7.984127707303455E-004
   110.199997777781       7.783944036605770E-004
   110.299997771844       7.588747823904561E-004
   110.399997765908       7.398416411863258E-004
   110.499997759971       7.212830061652553E-004
   110.599997754034       7.031871890203136E-004
   110.699997748097       6.855427808298526E-004
   110.799997742160       6.683386459540901E-004
   110.899997736224       6.515639160215136E-004
   110.999997730287       6.352079840084141E-004
   111.099997724350       6.192604984125099E-004
   111.199997718413       6.037113575231301E-004
   111.299997712476       5.885507037887802E-004
   111.399997706539       5.737689182831099E-004
   111.499997700603       5.593566152702560E-004
   111.599997694666       5.453046368692669E-004
   111.699997688729       5.316040478183786E-004
   111.799997682792       5.182461303387923E-004
   111.899997676855       5.052223790979802E-004
   111.999997670919       4.925244962716661E-004
   112.099997664982       4.801443867044101E-004
   112.199997659045       4.680741531676677E-004
   112.299997653108       4.563060917149282E-004
   112.399997647171       4.448326871327124E-004
   112.499997641234       4.336466084867005E-004
   112.599997635298       4.227407047614911E-004
   112.699997629361       4.121080005933675E-004
   112.799997623424       4.017416920945993E-004
   112.899997617487       3.916351427677378E-004
   112.999997611550       3.817818795093140E-004
   113.099997605614       3.721755887009157E-004
   113.199997599677       3.628101123865636E-004
   113.299997593740       3.536794445350753E-004
   113.399997587803       3.447777273857964E-004
   113.499997581866       3.360992478764191E-004
   113.599997575929       3.276384341513907E-004
   113.699997569993       3.193898521495536E-004
   113.799997564056       3.113482022692839E-004
   113.899997558119       3.035083161101199E-004
   113.999997552182       2.958651532891101E-004
   114.099997546245       2.884137983304590E-004
   114.199997540309       2.811494576272082E-004
   114.299997534372       2.740674564733751E-004
   114.399997528435       2.671632361651378E-004
   114.499997522498       2.604323511697844E-004
   114.599997516561       2.538704663609104E-004
   114.699997510624       2.474733543185465E-004
   114.799997504688       2.412368926927836E-004
   114.899997498751       2.351570616297627E-004
   114.999997492814       2.292299412583634E-004
   115.099997486877       2.234517092366214E-004
   115.199997480940       2.178186383563825E-004
   115.299997475004       2.123270942049867E-004
   115.399997469067       2.069735328827456E-004
   115.499997463130       2.017544987748832E-004
   115.599997457193       1.966666223770330E-004
   115.699997451256       1.917066181726132E-004
   115.799997445319       1.868712825613507E-004
   115.899997439383       1.821574918375946E-004
   115.999997433446       1.775622002173800E-004
   116.099997427509       1.730824379130391E-004
   116.199997421572       1.687153092543711E-004
   116.299997415635       1.644579908552635E-004
   116.399997409699       1.603077298246882E-004
   116.499997403762       1.562618420211828E-004
   116.599997397825       1.523177103496109E-004
   116.699997391888       1.484727830993881E-004
   116.799997385951       1.447245723231544E-004
   116.899997380014       1.410706522549278E-004
   116.999997374078       1.375086577668430E-004
   117.099997368141       1.340362828635614E-004
   117.199997362204       1.306512792134708E-004
   117.299997356267       1.273514547158205E-004
   117.399997350330       1.241346721029271E-004
   117.499997344394       1.209988475765600E-004
   117.599997338457       1.179419494779351E-004
   117.699997332520       1.149619969901347E-004
   117.799997326583       1.120570588725436E-004
   117.899997320646       1.092252522263240E-004
   117.999997314709       1.064647412902871E-004
   118.099997308773       1.037737362663574E-004
   118.199997302836       1.011504921740596E-004
   118.299997296899       9.859330773305075E-005
   118.399997290962       9.610052427345166E-005
   118.499997285025       9.367052467289220E-005
   118.599997279089       9.130173231986520E-005
   118.699997273152       8.899261010268260E-005
   118.799997267215       8.674165942345004E-005
   118.899997261278       8.454741923639068E-005
   118.999997255341       8.240846510997339E-005
   119.099997249404       8.032340831237348E-005
   119.199997243468       7.829089491932892E-005
   119.299997237531       7.630960494442808E-005
   119.399997231594       7.437825149073936E-005
   119.499997225657       7.249557992358621E-005
   119.599997219720       7.066036706382425E-005
   119.699997213784       6.887142040116379E-005
   119.799997207847       6.712757732703864E-005
   119.899997201910       6.542770438651097E-005
   119.999997195973       6.377069654884750E-005
   120.099997190036       6.215547649614253E-005
   120.199997184100       6.058099392972074E-005
   120.299997178163       5.904622489380492E-005
   120.399997172226       5.755017111594338E-005
   120.499997166289       5.609185936397508E-005
   120.599997160352       5.467034081895910E-005
   120.699997154415       5.328469046374830E-005
   120.799997148479       5.193400648681404E-005
   120.899997142542       5.061740970093724E-005
   120.999997136605       4.933404297641491E-005
   121.099997130668       4.808307068841024E-005
   121.199997124731       4.686367817809971E-005
   121.299997118795       4.567507122727038E-005
   121.399997112858       4.451647554606249E-005
   121.499997106921       4.338713627350207E-005
   121.599997100984       4.228631749051835E-005
   121.699997095047       4.121330174512549E-005
   121.799997089110       4.016738958953684E-005
   121.899997083174       3.914789912873290E-005
   121.999997077237       3.815416558047138E-005
   122.099997071300       3.718554084621437E-005
   122.199997065363       3.624139309282078E-005
   122.299997059426       3.532110634471501E-005
   122.399997053490       3.442408008626181E-005
   122.499997047553       3.354972887410307E-005
   122.599997041616       3.269748195920667E-005
   122.699997035679       3.186678291837778E-005
   122.799997029742       3.105708929500783E-005
   122.899997023805       3.026787224883365E-005
   122.999997017869       2.949861621445490E-005
   123.099997011932       2.874881856843940E-005
   123.199997005995       2.801798930475385E-005
   123.299997000058       2.730565071833269E-005
   123.399996994121       2.661133709660179E-005
   123.499996988185       2.593459441871216E-005
   123.599996982248       2.527498006234006E-005
   123.699996976311       2.463206251782429E-005
   123.799996970374       2.400542110949367E-005
   123.899996964437       2.339464572396268E-005
   123.999996958500       2.279933654526058E-005
   124.099996952564       2.221910379660294E-005
   124.199996946627       2.165356748864034E-005
   124.299996940690       2.110235717402486E-005
   124.399996934753       2.056511170813440E-005
   124.499996928816       2.004147901580726E-005
   124.599996922880       1.953111586392179E-005
   124.699996916943       1.903368763968940E-005
   124.799996911006       1.854886813450962E-005
   124.899996905069       1.807633933325084E-005
   124.999996899132       1.761579120881554E-005
   125.099996893195       1.716692152186443E-005
   125.199996887259       1.672943562556808E-005
   125.299996881322       1.630304627525091E-005
   125.399996875385       1.588747344281900E-005
   125.499996869448       1.548244413584256E-005
   125.599996863511       1.508769222117464E-005
   125.699996857575       1.470295825301013E-005
   125.799996851638       1.432798930522321E-005
   125.899996845701       1.396253880795547E-005
   125.999996839764       1.360636638827644E-005
   126.099996833827       1.325923771484555E-005
   126.199996827890       1.292092434647445E-005
   126.299996821954       1.259120358448580E-005
   126.399996816017       1.226985832877481E-005
   126.499996810080       1.195667693747856E-005
   126.599996804143       1.165145309017072E-005
   126.699996798206       1.135398565447935E-005
   126.799996792270       1.106407855605101E-005
   126.899996786333       1.078154065177928E-005
   126.999996780396       1.050618560620412E-005
   127.099996774459       1.023783177101435E-005
   127.199996768522       9.976302067569502E-006
   127.299996762585       9.721423872362964E-006
   127.399996756649       9.473028905360011E-006
   127.499996750712       9.230953121127673E-006
   127.599996744775       8.995036602698226E-006
   127.699996738838       8.765123458088443E-006
   127.799996732901       8.541061719410559E-006
   127.899996726965       8.322703244511951E-006
   127.999996721028       8.109903621076199E-006
   128.099996715091       7.902522073128301E-006
   128.199996709154       7.700421369878115E-006
   128.299996703217       7.503467736847858E-006
   128.399996697280       7.311530769224033E-006
   128.499996691344       7.124483347378223E-006
   128.599996685407       6.942201554502955E-006
   128.699996679470       6.764564596308487E-006
   128.799996673533       6.591454722730245E-006
   128.899996667596       6.422757151593387E-006
   128.999996661660       6.258359994189799E-006
   129.099996655723       6.098154182715844E-006
   129.199996649786       5.942033399525826E-006
   129.299996643849       5.789894008155033E-006
   129.399996637912       5.641634986068238E-006
   129.499996631975       5.497157859091321E-006
   129.599996626039       5.356366637481238E-006
   129.699996620102       5.219167753596146E-006
   129.799996614165       5.085470001123975E-006
   129.899996608228       4.955184475830562E-006
   129.999996602291       4.828224517788598E-006
   130.099996596355       4.704505655053953E-006
   130.199996590418       4.583945548746710E-006
   130.299996584481       4.466463939508059E-006
   130.399996578544       4.351982595294378E-006
   130.499996572607       4.240425260476912E-006
   130.599996566670       4.131717606215154E-006
   130.699996560734       4.025787182069218E-006
   130.799996554797       3.922563368822358E-006
   130.899996548860       3.821977332483819E-006
   130.999996542923       3.723961979441125E-006
   131.099996536986       3.628451912732884E-006
   131.199996531050       3.535383389416038E-006
   131.299996525113       3.444694278997858E-006
   131.399996519176       3.356324022908597E-006
   131.499996513239       3.270213594984696E-006
   131.599996507302       3.186305462943223E-006
   131.699996501365       3.104543550817886E-006
   131.799996495429       3.024873202333935E-006
   131.899996489492       2.947241145200222E-006
   131.999996483555       2.871595456292928E-006
   132.099996477618       2.797885527710792E-006
   132.199996471681       2.726062033678846E-006
   132.299996465745       2.656076898279899E-006
   132.399996459808       2.587883263993627E-006
   132.499996453871       2.521435461021868E-006
   132.599996447934       2.456688977381991E-006
   132.699996441997       2.393600429747942E-006
   132.799996436060       2.332127535021488E-006
   132.899996430124       2.272229082614078E-006
   132.999996424187       2.213864907422998E-006
   133.099996418250       2.156995863483278E-006
   133.199996412313       2.101583798279820E-006
   133.299996406376       2.047591527701831E-006
   133.399996400440       1.994982811625098E-006
   133.499996394503       1.943722330104652E-006
   133.599996388566       1.893775660164761E-006
   133.699996382629       1.845109253169373E-006
   133.799996376692       1.797690412759836E-006
   133.899996370756       1.751487273345075E-006
   133.999996364819       1.706468779130962E-006
   134.099996358882       1.662604663675057E-006
   134.199996352945       1.619865429953800E-006
   134.299996347008       1.578222330929374E-006
   134.399996341071       1.537647350603779E-006
   134.499996335135       1.498113185547902E-006
   134.599996329198       1.459593226894097E-006
   134.699996323261       1.422061542780004E-006
   134.799996317324       1.385492861233227E-006
   134.899996311387       1.349862553485259E-006
   134.999996305451       1.315146617704321E-006
   135.099996299514       1.281321663136187E-006
   135.199996293577       1.248364894643458E-006
   135.299996287640       1.216254097633757E-006
   135.399996281703       1.184967623364139E-006
   135.499996275766       1.154484374617672E-006
   135.599996269830       1.124783791737734E-006
   135.699996263893       1.095845839014269E-006
   135.799996257956       1.067650991411684E-006
   135.899996252019       1.040180221630675E-006
   135.999996246082       1.013414987495585E-006
   136.099996240146       9.873372196585277E-007
   136.199996234209       9.619293096128711E-007
   136.299996228272       9.371740980088412E-007
   136.399996222335       9.130548632625040E-007
   136.499996216398       8.895553104519374E-007
   136.599996210461       8.666595604925801E-007
   136.699996204525       8.443521395855179E-007
   136.799996198588       8.226179689313266E-007
   136.899996192651       8.014423547031513E-007
   136.999996186714       7.808109782723132E-007
   137.099996180777       7.607098866804212E-007
   137.199996174841       7.411254833517767E-007
   137.299996168904       7.220445190393850E-007
   137.399996162967       7.034540830000795E-007
   137.499996157030       6.853415943918783E-007
   137.599996151093       6.676947938882645E-007
   137.699996145156       6.505017355044648E-007
   137.799996139220       6.337507786296988E-007
   137.899996133283       6.174305802609162E-007
   137.999996127346       6.015300874322318E-007
   138.099996121409       5.860385298363474E-007
   138.199996115472       5.709454126315167E-007
   138.299996109536       5.562405094308603E-007
   138.399996103599       5.419138554687216E-007
   138.499996097662       5.279557409398072E-007
   138.599996091725       5.143567045067308E-007
   138.699996085788       5.011075269718382E-007
   138.799996079851       4.881992251091009E-007
   138.899996073915       4.756230456520822E-007
   138.999996067978       4.633704594341555E-007
   139.099996062041       4.514331556768900E-007
   139.199996056104       4.398030364233589E-007
   139.299996050167       4.284722111120850E-007
   139.399996044231       4.174329912887284E-007
   139.499996038294       4.066778854516803E-007
   139.599996032357       3.961995940282525E-007
   139.699996026420       3.859910044781845E-007
   139.799996020483       3.760451865216605E-007
   139.899996014546       3.663553874875767E-007
   139.999996008610       3.569150277807210E-007
   140.099996002673       3.477176964633279E-007
   140.199995996736       3.387571469490180E-007
   140.299995990799       3.300272928059543E-007
   140.399995984862       3.215222036665590E-007
   140.499995978926       3.132361012411359E-007
   140.599995972989       3.051633554327414E-007
   140.699995967052       2.972984805506156E-007
   140.799995961115       2.896361316200745E-007
   140.899995955178       2.821711007859591E-007
   140.999995949241       2.748983138075741E-007
   141.099995943305       2.678128266428310E-007
   141.199995937368       2.609098221191097E-007
   141.299995931431       2.541846066889087E-007
   141.399995925494       2.476326072679778E-007
   141.499995919557       2.412493681538980E-007
   141.599995913621       2.350305480231192E-007
   141.699995907684       2.289719170043867E-007
   141.799995901747       2.230693538267236E-007
   141.899995895810       2.173188430400011E-007
   141.999995889873       2.117164723063142E-007
   142.099995883936       2.062584297603456E-007
   142.199995878000       2.009410014370075E-007
   142.299995872063       1.957605687646016E-007
   142.399995866126       1.907136061218775E-007
   142.499995860189       1.857966784575106E-007
   142.599995854252       1.810064389697404E-007
   142.699995848316       1.763396268460564E-007
   142.799995842379       1.717930650598172E-007
   142.899995836442       1.673636582233536E-007
   142.999995830505       1.630483904957759E-007
   143.099995824568       1.588443235442574E-007
   143.199995818631       1.547485945572864E-007
   143.299995812695       1.507584143086158E-007
   143.399995806758       1.468710652706790E-007
   143.499995800821       1.430838997762165E-007
   143.599995794884       1.393943382267669E-007
   143.699995788947       1.357998673469905E-007
   143.799995783011       1.322980384835200E-007
   143.899995777074       1.288864659473650E-007
   143.999995771137       1.255628253985882E-007
   144.099995765200       1.223248522723435E-007
   144.199995759263       1.191703402451002E-007
   144.299995753326       1.160971397400892E-007
   144.399995747390       1.131031564709633E-007
   144.499995741453       1.101863500227495E-007
   144.599995735516       1.073447324690132E-007
   144.699995729579       1.045763670244517E-007
   144.799995723642       1.018793667319728E-007
   144.899995717706       9.925189318330617E-008
   144.999995711769       9.669215527244297E-008
   145.099995705832       9.419840798086586E-008
   145.199995699895       9.176895119402641E-008
   145.299995693958       8.940212854797879E-008
   145.399995688021       8.709632630563120E-008
   145.499995682085       8.484997226172933E-008
   145.599995676148       8.266153467593316E-008
   145.699995670211       8.052952123317915E-008
   145.799995664274       7.845247803068049E-008
   145.899995658337       7.642898859091604E-008
   145.999995652401       7.445767289985757E-008
   146.099995646464       7.253718646990705E-008
   146.199995640527       7.066621942678321E-008
   146.299995634590       6.884349561986130E-008
   146.399995628653       6.706777175531122E-008
   146.499995622716       6.533783655144632E-008
   146.599995616780       6.365250991573241E-008
   146.699995610843       6.201064214292141E-008
   146.799995604906       6.041111313373889E-008
   146.899995598969       5.885283163358816E-008
   146.999995593032       5.733473449082045E-008
   147.099995587096       5.585578593401971E-008
   147.199995581159       5.441497686781948E-008
   147.299995575222       5.301132418680273E-008
   147.399995569285       5.164387010700275E-008
   147.499995563348       5.031168151456256E-008
   147.599995557411       4.901384933111092E-008
   147.699995551475       4.774948789543073E-008
   147.799995545538       4.651773436099468E-008
   147.899995539601       4.531774810898356E-008
   147.999995533664       4.414871017635586E-008
   148.099995527727       4.300982269862464E-008
   148.199995521791       4.190030836692317E-008
   148.299995515854       4.081940989903441E-008
   148.399995509917       3.976638952399472E-008
   148.499995503980       3.874052847993986E-008
   148.599995498043       3.774112652486029E-008
   148.699995492106       3.676750145989859E-008
   148.799995486170       3.581898866493297E-008
   148.899995480233       3.489494064606260E-008
   148.999995474296       3.399472659473990E-008
   149.099995468359       3.311773195822471E-008
   149.199995462422       3.226335802107859E-008
   149.299995456486       3.143102149741581E-008
   149.399995450549       3.062015413364407E-008
   149.499995444612       2.983020232140404E-008
   149.599995438675       2.906062672046770E-008
   149.699995432738       2.831090189133013E-008
   149.799995426802       2.758051593725048E-008
   149.899995420865       2.686897015549074E-008
   149.999995414928       2.617577869753258E-008
