   95.0999986742407        466.957853838473     
   95.1999986683039        466.942609456716     
   95.2999986623671        466.927365074959     
   95.3999986564303        466.912120693202     
   95.4999986504935        466.896876311445     
   95.5999986445566        466.881631929688     
   95.6999986386198        466.866387547931     
   95.7999986326830        466.851143166175     
   95.8999986267462        466.835898784418     
   95.9999986208094        466.820654402661     
   96.0999986148725        466.805410020904     
   96.1999986089357        466.790165639147     
   96.2999986029989        466.774921257390     
   96.3999985970621        466.759676875633     
   96.4999985911253        466.744432493876     
   96.5999985851885        466.729188112119     
   96.6999985792516        466.713943730362     
   96.7999985733148        466.698699348605     
   96.8999985673780        466.683454966848     
   96.9999985614412        466.668210585091     
   97.0999985555044        466.652966203334     
   97.1999985495676        466.637721821578     
   97.2999985436307        466.622477439821     
   97.3999985376939        466.607233058064     
   97.4999985317571        466.591988676307     
   97.5999985258203        466.576744294550     
   97.6999985198835        466.561499912793     
   97.7999985139466        466.546255531036     
   97.8999985080098        466.531011149279     
   97.9999985020730        466.515766767522     
   98.0999984961362        466.500522385765     
   98.1999984901994        466.485278004008     
   98.2999984842626        466.470033622251     
   98.3999984783257        466.454789240494     
   98.4999984723889        466.439544858737     
   98.5999984664521        466.424300476981     
   98.6999984605153        466.409056095224     
   98.7999984545785        466.393811713467     
   98.8999984486417        466.378567331710     
   98.9999984427048        466.363322949953     
   99.0999984367680        466.348078568196     
   99.1999984308312        466.332834186439     
   99.2999984248944        466.317589804682     
   99.3999984189576        466.302345422925     
   99.4999984130207        466.287101041168     
   99.5999984070839        466.271856659411     
   99.6999984011471        466.256612277654     
   99.7999983952103        466.241367895897     
   99.8999983892735        466.226123553623     
   99.9999983833367        466.210879228709     
   100.099998377400        466.188940136360     
   100.199998371463        466.149909354543     
   100.299998365526        466.082856882032     
   100.399998359589        465.966979023673     
   100.499998353653        465.769754053836     
   100.599998347716        465.455279850536     
   100.699998341779        465.013923757494     
   100.799998335842        464.494374121342     
   100.899998329905        463.987351996819     
   100.999998323968        463.570242505718     
   101.099998318032        463.276236775260     
   101.199998312095        463.102083375045     
   101.299998306158        463.027780450606     
   101.399998300221        463.030513276223     
   101.499998294284        463.090729256740     
   101.599998288348        463.193521319638     
   101.699998282411        463.328101061662     
   101.799998276474        463.486799435181     
   101.899998270537        463.664147750226     
   101.999998264600        463.856181069477     
   102.099998258663        464.059954439351     
   102.199998252727        464.273222114041     
   102.299998246790        464.494229758766     
   102.399998240853        464.721580527215     
   102.499998234916        464.954147557334     
   102.599998228979        465.191014839162     
   102.699998223043        465.431435197855     
   102.799998217106        465.674798707340     
   102.899998211169        465.920607749618     
   102.999998205232        466.168456658538     
   103.099998199295        466.418014835469     
   103.199998193358        466.669012700705     
   103.299998187422        466.921230058808     
   103.399998181485        467.174486543029     
   103.499998175548        467.428633839254     
   103.599998169611        467.683549411636     
   103.699998163674        467.939131475003     
   103.799998157738        468.195294986542     
   103.899998151801        468.451968459852     
   103.999998145864        468.709091435509     
   104.099998139927        468.966612471467     
   104.199998133990        469.224487542948     
   104.299998128054        469.482678763702     
   104.399998122117        469.741153359381     
   104.499998116180        469.999882838705     
   104.599998110243        470.258842320306     
   104.699998104306        470.518009982528     
   104.799998098369        470.777366610828     
   104.899998092433        471.036895223185     
   104.999998086496        471.296580758145     
   105.099998080559        471.556409813559     
   105.199998074622        471.816370426658     
   105.299998068685        472.076451887914     
   105.399998062749        472.336644582868     
   105.499998056812        472.596939857045     
   105.599998050875        472.857329900207     
   105.699998044938        473.117807646762     
   105.799998039001        473.378366689753     
   105.899998033064        473.639001206394     
   105.999998027128        473.899705893301     
   106.099998021191        474.160475910112     
   106.199998015254        474.421306830103     
   106.299998009317        474.682194597030     
   106.399998003380        474.943135487047     
   106.499997997444        475.204126075324     
   106.599997991507        475.465163206384     
   106.699997985570        475.726243968005     
   106.799997979633        475.987365667947     
   106.899997973696        476.248525813336     
   106.999997967759        476.509722092225     
   107.099997961823        476.770952357208     
   107.199997955886        477.032214610673     
   107.299997949949        477.293506991662     
   107.399997944012        477.554827763995     
   107.499997938075        477.816175305692     
   107.599997932139        478.077548099291     
   107.699997926202        478.338944723308     
   107.799997920265        478.600363844265     
   107.899997914328        478.861804209691     
   107.999997908391        479.123264641689     
   108.099997902454        479.384744031060     
   108.199997896518        479.646241331996     
   108.299997890581        479.907755557211     
   108.399997884644        480.169285773589     
   108.499997878707        480.430831098127     
   108.599997872770        480.692390694164     
   108.699997866834        480.953963768101     
   108.799997860897        481.215549566266     
   108.899997854960        481.477147372058     
   108.999997849023        481.738756503294     
   109.099997843086        482.000376309866     
   109.199997837149        482.262006171564     
   109.299997831213        482.523645495762     
   109.399997825276        482.785293715974     
   109.499997819339        483.046950289588     
   109.599997813402        483.308614696800     
   109.699997807465        483.570286438521     
   109.799997801529        483.831965035576     
   109.899997795592        484.093650026902     
   109.999997789655        484.355340968733     
   110.099997783718        484.617037433386     
   110.199997777781        484.878739007878     
   110.299997771844        485.140445293650     
   110.399997765908        485.402155904901     
   110.499997759971        485.663870468503     
   110.599997754034        485.925588622458     
   110.699997748097        486.187310015770     
   110.799997742160        486.449034307487     
   110.899997736224        486.710761166044     
   110.999997730287        486.972490268931     
   111.099997724350        487.234221301598     
   111.199997718413        487.495953957581     
   111.299997712476        487.757687937402     
   111.399997706539        488.019422948414     
   111.499997700603        488.281158705320     
   111.599997694666        488.542894926846     
   111.699997688729        488.804631343234     
   111.799997682792        489.066367676506     
   111.899997676855        489.328103666414     
   111.999997670919        489.589839052303     
   112.099997664982        489.851573579506     
   112.199997659045        490.113306995503     
   112.299997653108        490.375039053008     
   112.399997647171        490.636769507264     
   112.499997641234        490.898498117070     
   112.599997635298        491.160224644269     
   112.699997629361        491.421948853541     
   112.799997623424        491.683670512080     
   112.899997617487        491.945389389595     
   112.999997611550        492.207105258105     
   113.099997605614        492.468817891700     
   113.199997599677        492.730527066496     
   113.299997593740        492.992232560550     
   113.399997587803        493.253934153631     
   113.499997581866        493.515631626750     
   113.599997575929        493.777324762969     
   113.699997569993        494.039013346408     
   113.799997564056        494.300697162585     
   113.899997558119        494.562375998223     
   113.999997552182        494.824049641232     
   114.099997546245        495.085717880471     
   114.199997540309        495.347380505963     
   114.299997534372        495.609037308748     
   114.399997528435        495.870688080580     
   114.499997522498        496.132332614236     
   114.599997516561        496.393970703259     
   114.699997510624        496.655602142069     
   114.799997504688        496.917226725780     
   114.899997498751        497.178844250355     
   114.999997492814        497.440454512495     
   115.099997486877        497.702057309578     
   115.199997480940        497.963652439858     
   115.299997475004        498.225239702198     
   115.399997469067        498.486818896303     
   115.499997463130        498.748389822689     
   115.599997457193        499.009952282490     
   115.699997451256        499.271506077888     
   115.799997445319        499.533051011688     
   115.899997439383        499.794586887711     
   115.999997433446        500.056113510640     
   116.099997427509        500.317630686000     
   116.199997421572        500.579138220416     
   116.299997415635        500.840635921560     
   116.399997409699        501.102123598087     
   116.499997403762        501.363601059819     
   116.599997397825        501.625068117867     
   116.699997391888        501.886524584419     
   116.799997385951        502.147970273085     
   116.899997380014        502.409404998853     
   116.999997374078        502.670828578137     
   117.099997368141        502.932240828862     
   117.199997362204        503.193641570531     
   117.299997356267        503.455030624329     
   117.399997350330        503.716407813190     
   117.499997344394        503.977772961842     
   117.599997338457        504.239125896886     
   117.699997332520        504.500466447007     
   117.799997326583        504.761794442825     
   117.899997320646        505.023109717182     
   117.999997314709        505.284412105153     
   118.099997308773        505.545701444100     
   118.199997302836        505.806977573805     
   118.299997296899        506.068240336540     
   118.399997290962        506.329489577130     
   118.499997285025        506.590725143094     
   118.599997279089        506.851946884645     
   118.699997273152        507.113154654937     
   118.799997267215        507.374348309965     
   118.899997261278        507.635527708709     
   118.999997255341        507.896692713274     
   119.099997249404        508.157843188962     
   119.199997243468        508.418979004271     
   119.299997237531        508.680100031062     
   119.399997231594        508.941206144612     
   119.499997225657        509.202297223613     
   119.599997219720        509.463373150436     
   119.699997213784        509.724433810973     
   119.799997207847        509.985479094886     
   119.899997201910        510.246508895553     
   119.999997195973        510.507523110237     
   120.099997190036        510.768488040050     
   120.199997184100        511.029310745512     
   120.299997178163        511.289909465736     
   120.399997172226        511.550192470651     
   120.499997166289        511.810048351113     
   120.599997160352        512.069336355406     
   120.699997154415        512.327874636439     
   120.799997148479        512.585425235193     
   120.899997142542        512.841674546312     
   120.999997136605        513.096207882253     
   121.099997130668        513.348476703649     
   121.199997124731        513.597757341311     
   121.299997118795        513.843101025584     
   121.399997112858        514.083277428386     
   121.499997106921        514.316718344363     
   121.599997100984        514.541475565248     
   121.699997095047        514.755219874098     
   121.799997089110        514.955324549474     
   121.899997083174        515.139083229126     
   121.999997077237        515.304084800897     
   122.099997071300        515.448686680564     
   122.199997065363        515.572418368318     
   122.299997059426        515.676111130647     
   122.399997053490        515.761672614901     
   122.499997047553        515.831627826986     
   122.599997041616        515.888645578101     
   122.699997035679        515.935204106217     
   122.799997029742        515.973427396389     
   122.899997023805        516.005048333196     
   122.999997017869        516.031440557806     
   123.099997011932        516.053676413136     
   123.199997005995        516.072587600255     
   123.299997000058        516.088818570943     
   123.399996994121        516.102869908937     
   123.499996988185        516.115132158679     
   123.599996982248        516.125911656216     
   123.699996976311        516.135450063322     
   123.799996970374        516.143939097416     
   123.899996964437        516.151531653238     
   123.999996958500        516.158350232742     
   124.099996952564        516.164493369931     
   124.199996946627        516.170040559250     
   124.299996940690        516.175056062829     
   124.399996934753        516.179591873282     
   124.499996928816        516.183690036668     
   124.599996922880        516.187384487480     
   124.699996916943        516.190702508812     
   124.799996911006        516.193665902786     
   124.899996905069        516.196291935216     
   124.999996899132        516.198594103224     
   125.099996893195        516.200582763033     
   125.199996887259        516.202265646537     
   125.299996881322        516.203648288831     
   125.399996875385        516.204734384054     
   125.499996869448        516.205526083074     
   125.599996863511        516.206024243869     
   125.699996857575        516.206228643166     
   125.799996851638        516.206138156188     
   125.899996845701        516.205750910207     
   125.999996839764        516.205064416342     
   126.099996833827        516.204075683400     
   126.199996827890        516.202781316815     
   126.299996821954        516.201177605245     
   126.399996816017        516.199260596932     
   126.499996810080        516.197026167668     
   126.599996804143        516.194470081761     
   126.699996798206        516.191588047366     
   126.799996792270        516.188375767174     
   126.899996786333        516.184828985307     
   126.999996780396        516.180943531297     
   127.099996774459        516.176715361587     
   127.199996768522        516.172140599203     
   127.299996762585        516.167215571921     
   127.399996756649        516.161936849280     
   127.499996750712        516.156301278682     
   127.599996744775        516.150306020722     
   127.699996738838        516.143948583882     
   127.799996732901        516.137226858605     
   127.899996726965        516.130139150721     
   127.999996721028        516.122684214185     
   128.099996715091        516.114861282950     
   128.199996709154        516.106670101824     
   128.299996703217        516.098110956089     
   128.399996697280        516.089184699641     
   128.499996691344        516.079892781287     
   128.599996685407        516.070237268933     
   128.699996679470        516.060220871259     
   128.799996673533        516.049846956585     
   128.899996667596        516.039119568405     
   128.999996661660        516.028043437354     
   129.099996655723        516.016623989117     
   129.199996649786        516.004867347960     
   129.299996643849        515.992780335547     
   129.399996637912        515.980370464721     
   129.499996631975        515.967645928043     
   129.599996626039        515.954615580811     
   129.699996620102        515.941288918558     
   129.799996614165        515.927676048843     
   129.899996608228        515.913787657531     
   129.999996602291        515.899634969534     
   130.099996596355        515.885229704341     
   130.199996590418        515.870584026609     
   130.299996584481        515.855710492271     
   130.399996578544        515.840621990580     
   130.499996572607        515.825331682775     
   130.599996566670        515.809852937864     
   130.699996560734        515.794199266478     
   130.799996554797        515.778384253272     
   130.899996548860        515.762421488927     
   130.999996542923        515.746324502338     
   131.099996536986        515.730106693900     
   131.199996531050        515.713781270773     
   131.299996525113        515.697361184574     
   131.399996519176        515.680859072437     
   131.499996513239        515.664287202053     
   131.599996507302        515.647657421028     
   131.699996501365        515.630981111383     
   131.799996495429        515.614269148950     
   131.899996489492        515.597531868766     
   131.999996483555        515.580779035988     
   132.099996477618        515.564019818574     
   132.199996471681        515.547262783811     
   132.299996465745        515.530515866366     
   132.399996459808        515.513786374283     
   132.499996453871        515.497080985200     
   132.599996447934        515.480405749128     
   132.699996441997        515.463766097127     
   132.799996436060        515.447166853157     
   132.899996430124        515.430612249909     
   132.999996424187        515.414105947973     
   133.099996418250        515.397651057479     
   133.199996412313        515.381250162484     
   133.299996406376        515.364905346843     
   133.399996400440        515.348618221867     
   133.499996394503        515.332389954970     
   133.599996388566        515.316221298846     
   133.699996382629        515.300112621467     
   133.799996376692        515.284063935589     
   133.899996370756        515.268074928585     
   133.999996364819        515.252144991405     
   134.099996358882        515.236273247219     
   134.199996352945        515.220458579116     
   134.299996347008        515.204699656599     
   134.399996341071        515.188994961457     
   134.499996335135        515.173342812113     
   134.599996329198        515.157741386761     
   134.699996323261        515.142188745372     
   134.799996317324        515.126682850226     
   134.899996311387        515.111221585178     
   134.999996305451        515.095802773608     
   135.099996299514        515.080424194996     
   135.199996293577        515.065083600300     
   135.299996287640        515.049778726000     
   135.399996281703        515.034507307054     
   135.499996275766        515.019267088461     
   135.599996269830        515.004055835941     
   135.699996263893        514.988871345493     
   135.799996257956        514.973711451774     
   135.899996252019        514.958574035761     
   135.999996246082        514.943457031497     
   136.099996240146        514.928358431547     
   136.199996234209        514.913276292639     
   136.299996228272        514.898208739003     
   136.399996222335        514.883153966911     
   136.499996216398        514.868110246936     
   136.599996210461        514.853075926629     
   136.699996204525        514.838049432206     
   136.799996198588        514.823029270091     
   136.899996192651        514.808014026555     
   136.999996186714        514.793002369859     
   137.099996180777        514.777993048109     
   137.199996174841        514.762984895592     
   137.299996168904        514.747976820804     
   137.399996162967        514.732967803469     
   137.499996157030        514.717956914427     
   137.599996151093        514.702943297530     
   137.699996145156        514.687926167699     
   137.799996139220        514.672904814490     
   137.899996133283        514.657878596776     
   137.999996127346        514.642846941691     
   138.099996121409        514.627809341638     
   138.199996115472        514.612765352230     
   138.299996109536        514.597714589554     
   138.399996103599        514.582656727747     
   138.499996097662        514.567591495544     
   138.599996091725        514.552518674446     
   138.699996085788        514.537438095349     
   138.799996079851        514.522349635676     
   138.899996073915        514.507253216726     
   138.999996067978        514.492148801016     
   139.099996062041        514.477036389510     
   139.199996056104        514.461916018219     
   139.299996050167        514.446787756388     
   139.399996044231        514.431651703168     
   139.499996038294        514.416507985304     
   139.599996032357        514.401356754445     
   139.699996026420        514.386198184742     
   139.799996020483        514.371032470497     
   139.899996014546        514.355859823639     
   139.999996008610        514.340680471686     
   140.099996002673        514.325494655586     
   140.199995996736        514.310302626949     
   140.299995990799        514.295104647847     
   140.399995984862        514.279900986806     
   140.499995978926        514.264691918728     
   140.599995972989        514.249477721772     
   140.699995967052        514.234258677436     
   140.799995961115        514.219035067517     
   140.899995955178        514.203807173244     
   140.999995949241        514.188575275353     
   141.099995943305        514.173339651060     
   141.199995937368        514.158100572671     
   141.299995931431        514.142858309651     
   141.399995925494        514.127613123671     
   141.499995919557        514.112365272188     
   141.599995913621        514.097115002273     
   141.699995907684        514.081862556066     
   141.799995901747        514.066608165951     
   141.899995895810        514.051352055668     
   141.999995889873        514.036094440394     
   142.099995883936        514.020835522393     
   142.199995878000        514.005575499449     
   142.299995872063        513.990314555872     
   142.399995866126        513.975052865660     
   142.499995860189        513.959790597627     
   142.599995854252        513.944527901255     
   142.699995848316        513.929264923642     
   142.799995842379        513.914001790249     
   142.899995836442        513.898738650164     
   142.999995830505        513.883475583096     
   143.099995824568        513.868212721468     
   143.199995818631        513.852950150489     
   143.299995812695        513.837687960597     
   143.399995806758        513.822426222916     
   143.499995800821        513.807165012238     
   143.599995794884        513.791904390506     
   143.699995788947        513.776644405594     
   143.799995783011        513.761385107336     
   143.899995777074        513.746126530542     
   143.999995771137        513.730868711942     
   144.099995765200        513.715611672730     
   144.199995759263        513.700355432728     
   144.299995753326        513.685100005054     
   144.399995747390        513.669845400528     
   144.499995741453        513.654591620139     
   144.599995735516        513.639338661723     
   144.699995729579        513.624086520105     
   144.799995723642        513.608835186407     
   144.899995717706        513.593584647951     
   144.999995711769        513.578334888010     
   145.099995705832        513.563085885373     
   145.199995699895        513.547837622328     
   145.299995693958        513.532590071212     
   145.399995688021        513.517343208060     
   145.499995682085        513.502097004208     
   145.599995676148        513.486851431392     
   145.699995670211        513.471606458185     
   145.799995664274        513.456362056169     
   145.899995658337        513.441118191030     
   145.999995652401        513.425874831205     
   146.099995646464        513.410631943607     
   146.199995640527        513.395389495752     
   146.299995634590        513.380147454072     
   146.399995628653        513.364905785881     
   146.499995622716        513.349664464084     
   146.599995616780        513.334423453493     
   146.699995610843        513.319182719652     
   146.799995604906        513.303942235573     
   146.899995598969        513.288701975257     
   146.999995593032        513.273461900776     
   147.099995587096        513.258221998161     
   147.199995581159        513.242982228597     
   147.299995575222        513.227742572777     
   147.399995569285        513.212502993167     
   147.499995563348        513.197263499944     
   147.599995557411        513.182024006721     
   147.699995551475        513.166784520756     
   147.799995545538        513.151545064748     
   147.899995539601        513.136305571525     
   147.999995533664        513.121066078302     
   148.099995527727        513.105826559624     
   148.199995521791        513.090586952714     
   148.299995515854        513.075347275699     
   148.399995509917        513.060107517099     
   148.499995503980        513.044867658234     
   148.599995498043        513.029627687493     
   148.699995492106        513.014387596898     
   148.799995486170        512.999147380636     
   148.899995480233        512.983907034311     
   148.999995474296        512.968666554524     
   149.099995468359        512.953425928238     
   149.199995462422        512.938185147895     
   149.299995456486        512.922944226386     
   149.399995450549        512.907703154765     
   149.499995444612        512.892461918640     
   149.599995438675        512.877220538945     
   149.699995432738        512.861979002070     
   149.799995426802        512.846737305740     
   149.899995420865        512.831495466700     
   149.999995414928        512.816253471314     
