   95.0999986742407       -89.6547274408968     
   95.1999986683039       -89.6547274409000     
   95.2999986623671       -89.6547274409031     
   95.3999986564303       -89.6547274409063     
   95.4999986504935       -89.6547274409095     
   95.5999986445566       -89.6547274409126     
   95.6999986386198       -89.6547274409158     
   95.7999986326830       -89.6547274409189     
   95.8999986267462       -89.6547274409221     
   95.9999986208094       -89.6547274409253     
   96.0999986148725       -89.6547274409284     
   96.1999986089357       -89.6547274409316     
   96.2999986029989       -89.6547274409347     
   96.3999985970621       -89.6547274409379     
   96.4999985911253       -89.6547274409411     
   96.5999985851885       -89.6547274409442     
   96.6999985792516       -89.6547274409474     
   96.7999985733148       -89.6547274409506     
   96.8999985673780       -89.6547274409537     
   96.9999985614412       -89.6547274409569     
   97.0999985555044       -89.6547274409601     
   97.1999985495676       -89.6547274409632     
   97.2999985436307       -89.6547274409664     
   97.3999985376939       -89.6547274409695     
   97.4999985317571       -89.6547274409727     
   97.5999985258203       -89.6547274409759     
   97.6999985198835       -89.6547274409790     
   97.7999985139466       -89.6547274409822     
   97.8999985080098       -89.6547274409854     
   97.9999985020730       -89.6547274409885     
   98.0999984961362       -89.6547274409917     
   98.1999984901994       -89.6547274409949     
   98.2999984842626       -89.6547274409980     
   98.3999984783257       -89.6547274410012     
   98.4999984723889       -89.6547274410044     
   98.5999984664521       -89.6547274410075     
   98.6999984605153       -89.6547274410107     
   98.7999984545785       -89.6547274410139     
   98.8999984486417       -89.6547274410170     
   98.9999984427048       -89.6547274410202     
   99.0999984367680       -89.6547274410234     
   99.1999984308312       -89.6547274410265     
   99.2999984248944       -89.6547274410297     
   99.3999984189576       -89.6547274410329     
   99.4999984130207       -89.6547274410360     
   99.5999984070839       -89.6547274410392     
   99.6999984011471       -89.6547274410424     
   99.7999983952103       -89.6547274410455     
   99.8999983892735       -89.6547274410487     
   99.9999983833367       -89.6547274410519     
   100.099998377400       -86.2825876801686     
   100.199998371463       -86.4075401818116     
   100.299998365526       -86.2098336613247     
   100.399998359589       -85.9462196619338     
   100.499998353653       -85.6711634894092     
   100.599998347716       -85.3964261930433     
   100.699998341779       -85.1251122192206     
   100.799998335842       -84.8585154131386     
   100.899998329905       -84.5975326105775     
   100.999998323968       -84.3428535500475     
   101.099998318032       -84.0948828266968     
   101.199998312095       -83.8536943011377     
   101.299998306158       -83.6191053221278     
   101.399998300221       -83.3908382313453     
   101.499998294284       -83.1686662707337     
   101.599998288348       -82.9524759447589     
   101.699998282411       -82.7422559318744     
   101.799998276474       -82.5380524673328     
   101.899998270537       -82.3399176324813     
   101.999998264600       -82.1478584849546     
   102.099998258663       -81.9617886594096     
   102.199998252727       -81.7814890630639     
   102.299998246790       -81.6065926806630     
   102.399998240853       -81.4366095523196     
   102.499998234916       -81.2709942226312     
   102.599998228979       -81.1092350286614     
   102.699998223043       -80.9509307237673     
   102.799998217106       -80.7958278363800     
   102.899998211169       -80.6438145388030     
   102.999998205232       -80.4948856239930     
   103.099998199295       -80.3490984628660     
   103.199998193358       -80.2065344590004     
   103.299998187422       -80.0672722346069     
   103.399998181485       -79.9313726362169     
   103.499998175548       -79.7988727734727     
   103.599998169611       -79.6697857797044     
   103.699998163674       -79.5441035763240     
   103.799998157738       -79.4218008004275     
   103.899998151801       -79.3028388223545     
   103.999998145864       -79.1871693240645     
   104.099998139927       -79.0747372452215     
   104.199998133990       -78.9654830870718     
   104.299998128054       -78.8593446491951     
   104.399998122117       -78.7562583027525     
   104.499998116180       -78.6561599031314     
   104.599998110243       -78.5589854315130     
   104.699998104306       -78.4646714376646     
   104.799998098369       -78.3731553397283     
   104.899998092433       -78.2843756226000     
   104.999998086496       -78.1982719652550     
   105.099998080559       -78.1147853187390     
   105.199998074622       -78.0338579501718     
   105.299998068685       -77.9554334635014     
   105.399998062749       -77.8794568044162     
   105.499998056812       -77.8058742545905     
   105.599998050875       -77.7346334186902     
   105.699998044938       -77.6656832065733     
   105.799998039001       -77.5989738122925     
   105.899998033064       -77.5344566909903     
   105.999998027128       -77.4720845344288     
   106.099998021191       -77.4118112456521     
   106.199998015254       -77.3535919131148     
   106.299998009317       -77.2973827845050     
   106.399998003380       -77.2431412404056     
   106.499997997444       -77.1908257679092     
   106.599997991507       -77.1403959342421     
   106.699997985570       -77.0918123604548     
   106.799997979633       -77.0450366952046     
   106.899997973696       -77.0000315886703     
   106.999997967759       -76.9567606665908     
   107.099997961823       -76.9151885044692     
   107.199997955886       -76.8752806019323     
   107.299997949949       -76.8370033572734     
   107.399997944012       -76.8003240421726     
   107.499997938075       -76.7652107766166     
   107.599997932139       -76.7316325040135     
   107.699997926202       -76.6995589665251     
   107.799997920265       -76.6689606806133     
   107.899997914328       -76.6398089128267     
   107.999997908391       -76.6120756558025     
   108.099997902454       -76.5857336045380     
   108.199997896518       -76.5607561329000     
   108.299997890581       -76.5371172704262     
   108.399997884644       -76.5147916793653     
   108.499997878707       -76.4937546320159     
   108.599997872770       -76.4739819883992     
   108.699997866834       -76.4554501741730     
   108.799997860897       -76.4381361589015     
   108.899997854960       -76.4220174346385     
   108.999997849023       -76.4070719948525     
   109.099997843086       -76.3932783136929     
   109.199997837149       -76.3806153256204     
   109.299997831213       -76.3690624053967     
   109.399997825276       -76.3585993484626     
   109.499997819339       -76.3492063516982     
   109.599997813402       -76.3408639945871     
   109.699997807465       -76.3335532208000     
   109.799997801529       -76.3272553201786     
   109.899997795592       -76.3219519111760     
   109.999997789655       -76.3176249237292     
   110.099997783718       -76.3142565825858     
   110.199997777781       -76.3118293910963     
   110.299997771844       -76.3103261154830     
   110.399997765908       -76.3097297695879     
   110.499997759971       -76.3100236001204     
   110.599997754034       -76.3111910724004     
   110.699997748097       -76.3132158566195     
   110.799997742160       -76.3160818146177     
   110.899997736224       -76.3197729871916     
   110.999997730287       -76.3242735819329     
   111.099997724350       -76.3295679616151     
   111.199997718413       -76.3356406331189     
   111.299997712476       -76.3424762369189     
   111.399997706539       -76.3500595371223     
   111.499997700603       -76.3583754120742     
   111.599997694666       -76.3674088455221     
   111.699997688729       -76.3771449183504     
   111.799997682792       -76.3875688008811     
   111.899997676855       -76.3986657457443     
   111.999997670919       -76.4104210813119     
   112.099997664982       -76.4228202057015     
   112.199997659045       -76.4358485813409     
   112.299997653108       -76.4494917300858     
   112.399997647171       -76.4637352289039     
   112.499997641234       -76.4785647060931     
   112.599997635298       -76.4939658380491     
   112.699997629361       -76.5099243465582     
   112.799997623424       -76.5264259966189     
   112.899997617487       -76.5434565947714     
   112.999997611550       -76.5610019879300     
   113.099997605614       -76.5790480626998     
   113.199997599677       -76.5975807451738     
   113.299997593740       -76.6165860011837     
   113.399997587803       -76.6360498369965     
   113.499997581866       -76.6559583004409     
   113.599997575929       -76.6762974824404     
   113.699997569993       -76.6970535189386     
   113.799997564056       -76.7182125932029     
   113.899997558119       -76.7397609384736     
   113.999997552182       -76.7616848409517     
   114.099997546245       -76.7839706430962     
   114.199997540309       -76.8066047472181     
   114.299997534372       -76.8295736193336     
   114.399997528435       -76.8528637932748     
   114.499997522498       -76.8764618750208     
   114.599997516561       -76.9003545472334     
   114.699997510624       -76.9245285739722     
   114.799997504688       -76.9489708055692     
   114.899997498751       -76.9736681836363     
   114.999997492814       -76.9986077461879     
   115.099997486877       -77.0237766328555     
   115.199997480940       -77.0491620901692     
   115.299997475004       -77.0747514768903     
   115.399997469067       -77.1005322693660     
   115.499997463130       -77.1264920668992     
   115.599997457193       -77.1526185970929     
   115.699997451256       -77.1788997211751     
   115.799997445319       -77.2053234392606     
   115.899997439383       -77.2318778955525     
   115.999997433446       -77.2585513834525     
   116.099997427509       -77.2853323505709     
   116.199997421572       -77.3122094036165     
   116.299997415635       -77.3391713131566     
   116.399997409699       -77.3662070182271     
   116.499997403762       -77.3933056307868     
   116.599997397825       -77.4204564400003     
   116.699997391888       -77.4476489163362     
   116.799997385951       -77.4748727154769     
   116.899997380014       -77.5021176820254     
   116.999997374078       -77.5293738530067     
   117.099997368141       -77.5566314611485     
   117.199997362204       -77.5838809379445     
   117.299997356267       -77.6111129164886     
   117.399997350330       -77.6383182340785     
   117.499997344394       -77.6654879345840     
   117.599997338457       -77.6926132705802     
   117.699997332520       -77.7196857052157     
   117.799997326583       -77.7466969139532     
   117.899997320646       -77.7736387858611     
   117.999997314709       -77.8005034248657     
   118.099997308773       -77.8272831506687     
   118.199997302836       -77.8539704994505     
   118.299997296899       -77.8805582243382     
   118.399997290962       -77.9070392956453     
   118.499997285025       -77.9334069008854     
   118.599997279089       -77.9596544445660     
   118.699997273152       -77.9857755477617     
   118.799997267215       -78.0117640474816     
   118.899997261278       -78.0376139958279     
   118.999997255341       -78.0633196589554     
   119.099997249404       -78.0888755158329     
   119.199997243468       -78.1142762568545     
   119.299997237531       -78.1395167822081     
   119.399997231594       -78.1645922001176     
   119.499997225657       -78.1894978248975     
   119.599997219720       -78.2142291748965     
   119.699997213784       -78.2387819702177     
   119.799997207847       -78.2631521303487     
   119.899997201910       -78.2873357716598     
   119.999997195973       -78.3113292047273     
   120.099997190036       -81.7668059584826     
   120.199997184100       -82.5918823242777     
   120.299997178163       -83.3462194546988     
   120.399997172226       -84.0413608726368     
   120.499997166289       -84.6813474389997     
   120.599997160352       -85.2695525211025     
   120.699997154415       -85.8088536481485     
   120.799997148479       -86.3017469301242     
   120.899997142542       -86.7504312203070     
   120.999997136605       -87.1568233107161     
   121.099997130668       -87.5223724869189     
   121.199997124731       -87.8474214715829     
   121.299997118795       -88.1303942929665     
   121.399997112858       -88.3697583361477     
   121.499997106921       -88.5701153968290     
   121.599997100984       -88.7415373639416     
   121.699997095047       -88.8916956297599     
   121.799997089110       -89.0236661538521     
   121.899997083174       -89.1382191206031     
   121.999997077237       -89.2357911865569     
   122.099997071300       -89.3173311457597     
   122.199997065363       -89.3843840056041     
   122.299997059426       -89.4388284224975     
   122.399997053490       -89.4825939221507     
   122.499997047553       -89.5174859298620     
   122.599997041616       -89.5451079001962     
   122.699997035679       -89.5668392423463     
   122.799997029742       -89.5838406523860     
   122.899997023805       -89.5970723453415     
   122.999997017869       -89.6073179133263     
   123.099997011932       -89.6152097874234     
   123.199997005995       -89.6212539223694     
   123.299997000058       -89.6258523399531     
   123.399996994121       -89.6293228666748     
   123.499996988185       -89.6319158785520     
   123.599996982248       -89.6338281680900     
   123.699996976311       -89.6352142167294     
   123.799996970374       -89.6361952294070     
   123.899996964437       -89.6368662995227     
   123.999996958500       -89.6373020484489     
   124.099996952564       -89.6375610421564     
   124.199996946627       -89.6376892400723     
   124.299996940690       -89.6377226852319     
   124.399996934753       -89.6376896033339     
   124.499996928816       -89.6376120430496     
   124.599996922880       -89.6375071609591     
   124.699996916943       -89.6373882311907     
   124.799996911006       -89.6372654415362     
   124.899996905069       -89.6371465235159     
   124.999996899132       -89.6370372529020     
   125.099996893195       -89.6369418487706     
   125.199996887259       -89.6368632927100     
   125.299996881322       -89.6368035849197     
   125.399996875385       -89.6367639501927     
   125.499996869448       -89.6367450039054     
   125.599996863511       -89.6367468859725     
   125.699996857575       -89.6367693690156     
   125.799996851638       -89.6368119457228     
   125.899996845701       -89.6368738993378     
   125.999996839764       -89.6369543604799     
   126.099996833827       -89.6370523527623     
   126.199996827890       -89.6371668293888     
   126.299996821954       -89.6372967022875     
   126.399996816017       -89.6374408652024     
   126.499996810080       -89.6375982118356     
   126.599996804143       -89.6377676499535     
   126.699996798206       -89.6379481120729     
   126.799996792270       -89.6381385641817     
   126.899996786333       -89.6383380105377     
   126.999996780396       -89.6385454989978     
   127.099996774459       -89.6387601232344     
   127.199996768522       -89.6389810244737     
   127.299996762585       -89.6392073922260     
   127.399996756649       -89.6394384642920     
   127.499996750712       -89.6396735262117     
   127.599996744775       -89.6399119102803     
   127.699996738838       -89.6401529942355     
   127.799996732901       -89.6403961996996     
   127.899996726965       -89.6406409904468     
   127.999996721028       -89.6408868705616     
   128.099996715091       -89.6411333825115     
   128.199996709154       -89.6413801051928     
   128.299996703217       -89.6416266519703     
   128.399996697280       -89.6418726687148     
   128.499996691344       -89.6421178318968     
   128.599996685407       -89.6423618467017     
   128.699996679470       -89.6426044452214     
   128.799996673533       -89.6428453846864     
   128.899996667596       -89.6430844457868     
   128.999996661660       -89.6433214310476     
   129.099996655723       -89.6435561632859     
   129.199996649786       -89.6437884841300     
   129.299996643849       -89.6440182526345     
   129.399996637912       -89.6442453439479     
   129.499996631975       -89.6444696480501     
   129.599996626039       -89.6446910683113     
   129.699996620102       -89.6449095214494     
   129.799996614165       -89.6451249348214     
   129.899996608228       -89.6453372466293     
   129.999996602291       -89.6455464046334     
   130.099996596355       -89.6457523653328     
   130.199996590418       -89.6459550931535     
   130.299996584481       -89.6461545597272     
   130.399996578544       -89.6463507431992     
   130.499996572607       -89.6465436276031     
   130.599996566670       -89.6467332022707     
   130.699996560734       -89.6469194613388     
   130.799996554797       -89.6471024032409     
   130.899996548860       -89.6472820302989     
   130.999996542923       -89.6474583483293     
   131.099996536986       -89.6476313662716     
   131.199996531050       -89.6478010959449     
   131.299996525113       -89.6479675517394     
   131.399996519176       -89.6481307503906     
   131.499996513239       -89.6482907107532     
   131.599996507302       -89.6484474536665     
   131.699996501365       -89.6486010018086     
   131.799996495429       -89.6487513795394     
   131.899996489492       -89.6488986127793     
   131.999996483555       -89.6490427290266     
   132.099996477618       -89.6491837571285     
   132.199996471681       -89.6493217273971     
   132.299996465745       -89.6494566712009     
   132.399996459808       -89.6495886220465     
   132.499996453871       -89.6497176129767     
   132.599996447934       -89.6498436797383     
   132.699996441997       -89.6499668588962     
   132.799996436060       -89.6500871877558     
   132.899996430124       -89.6502047049124     
   132.999996424187       -89.6503194500943     
   133.099996418250       -89.6504314638044     
   133.199996412313       -89.6505407876256     
   133.299996406376       -89.6506474639357     
   133.399996400440       -89.6507515359731     
   133.499996394503       -89.6508530477549     
   133.599996388566       -89.6509520439748     
   133.699996382629       -89.6510485699550     
   133.799996376692       -89.6511426715878     
   133.899996370756       -89.6512343951769     
   133.999996364819       -89.6513237875439     
   134.099996358882       -89.6514108957260     
   134.199996352945       -89.6514957670745     
   134.299996347008       -89.6515784490536     
   134.399996341071       -89.6516589892718     
   134.499996335135       -89.6517374352724     
   134.599996329198       -89.6518138345948     
   134.699996323261       -89.6518882345902     
   134.799996317324       -89.6519606824011     
   134.899996311387       -89.6520312249219     
   134.999996305451       -89.6520999086096     
   135.099996299514       -89.6521667795988     
   135.199996293577       -89.6522318834841     
   135.299996287640       -89.6522952653297     
   135.399996281703       -89.6523569696583     
   135.499996275766       -89.6524170403521     
   135.599996269830       -89.6524755206059     
   135.699996263893       -89.6525324528533     
   135.799996257956       -89.6525878788943     
   135.899996252019       -89.6526418396450     
   135.999996246082       -89.6526943753219     
   136.099996240146       -89.6527455251873     
   136.199996234209       -89.6527953277449     
   136.299996228272       -89.6528438206376     
   136.399996222335       -89.6528910405942     
   136.499996216398       -89.6529370234832     
   136.599996210461       -89.6529818042828     
   136.699996204525       -89.6530254170635     
   136.799996198588       -89.6530678950429     
   136.899996192651       -89.6531092705290     
   136.999996186714       -89.6531495748962     
   137.099996180777       -89.6531888386952     
   137.199996174841       -89.6532270916109     
   137.299996168904       -89.6532643624215     
   137.399996162967       -89.6533006790829     
   137.499996157030       -89.6533360687526     
   137.599996151093       -89.6533705576539     
   137.699996145156       -89.6534041713246     
   137.799996139220       -89.6534369344274     
   137.899996133283       -89.6534688708977     
   137.999996127346       -89.6535000038561     
   138.099996121409       -89.6535303557941     
   138.199996115472       -89.6535599484010     
   138.299996109536       -89.6535888026369     
   138.399996103599       -89.6536169388296     
   138.499996097662       -89.6536443766625     
   138.599996091725       -89.6536711351336     
   138.699996085788       -89.6536972326332     
   138.799996079851       -89.6537226869805     
   138.899996073915       -89.6537475153437     
   138.999996067978       -89.6537717343399     
   139.099996062041       -89.6537953601711     
   139.199996056104       -89.6538184083007     
   139.299996050167       -89.6538408938001     
   139.399996044231       -89.6538628313307     
   139.499996038294       -89.6538842348869     
   139.599996032357       -89.6539051181825     
   139.699996026420       -89.6539254944051     
   139.799996020483       -89.6539453763155     
   139.899996014546       -89.6539647763234     
   139.999996008610       -89.6539837064797     
   140.099996002673       -89.6540021784074     
   140.199995996736       -89.6540202033566     
   140.299995990799       -89.6540377921639     
   140.399995984862       -89.6540549555539     
   140.499995978926       -89.6540717037985     
   140.599995972989       -89.6540880468154     
   140.699995967052       -89.6541039943791     
   140.799995961115       -89.6541195559289     
   140.899995955178       -89.6541347404118     
   140.999995949241       -89.6541495570648     
   141.099995943305       -89.6541640142906     
   141.199995937368       -89.6541781205612     
   141.299995931431       -89.6541918841112     
   141.399995925494       -89.6542053129211     
   141.499995919557       -89.6542184147346     
   141.599995913621       -89.6542311970642     
   141.699995907684       -89.6542436676071     
   141.799995901747       -89.6542558331934     
   141.899995895810       -89.6542677011542     
   141.999995889873       -89.6542792780647     
   142.099995883936       -89.6542905709310     
   142.199995878000       -89.6543015861726     
   142.299995872063       -89.6543123301422     
   142.399995866126       -89.6543228091165     
   142.499995860189       -89.6543330292388     
   142.599995854252       -89.6543429964760     
   142.699995848316       -89.6543527166806     
   142.799995842379       -89.6543621955464     
   142.899995836442       -89.6543714386112     
   142.999995830505       -89.6543804517049     
   143.099995824568       -89.6543892398411     
   143.199995818631       -89.6543978081727     
   143.299995812695       -89.6544061623928     
   143.399995806758       -89.6544143068939     
   143.499995800821       -89.6544222471583     
   143.599995794884       -89.6544299874601     
   143.699995788947       -89.6544375332288     
   143.799995783011       -89.6544448884950     
   143.899995777074       -89.6544520579260     
   143.999995771137       -89.6544590463561     
   144.099995765200       -89.6544658577735     
   144.199995759263       -89.6544724964491     
   144.299995753326       -89.6544789666356     
   144.399995747390       -89.6544852724359     
   144.499995741453       -89.6544914178850     
   144.599995735516       -89.6544974069321     
   144.699995729579       -89.6545032434120     
   144.799995723642       -89.6545089310962     
   144.899995717706       -89.6545144736640     
   144.999995711769       -89.6545198746860     
   145.099995705832       -89.6545251376613     
   145.199995699895       -89.6545302659966     
   145.299995693958       -89.6545352630270     
   145.399995688021       -89.6545401324684     
   145.499995682085       -89.6545448772076     
   145.599995676148       -89.6545495002068     
   145.699995670211       -89.6545540050734     
   145.799995664274       -89.6545583944568     
   145.899995658337       -89.6545626712644     
   145.999995652401       -89.6545668387480     
   146.099995646464       -89.6545708991951     
   146.199995640527       -89.6545748558624     
   146.299995634590       -89.6545787110932     
   146.399995628653       -89.6545824674854     
   146.499995622716       -89.6545861280498     
   146.599995616780       -89.6545896946823     
   146.699995610843       -89.6545931699816     
   146.799995604906       -89.6545965567842     
   146.899995598969       -89.6545998569096     
   146.999995593032       -89.6546030726392     
   147.099995587096       -89.6546062061524     
   147.199995581159       -89.6546092597508     
   147.299995575222       -89.6546122356779     
   147.399995569285       -89.6546151357303     
   147.499995563348       -89.6546179619299     
   147.599995557411       -89.6546207161991     
   147.699995551475       -89.6546234003944     
   147.799995545538       -89.6546260163937     
   147.899995539601       -89.6546285659106     
   147.999995533664       -89.6546310507541     
   148.099995527727       -89.6546334725540     
   148.199995521791       -89.6546358332965     
   148.299995515854       -89.6546381342508     
   148.399995509917       -89.6546403768563     
   148.499995503980       -89.6546425626590     
   148.599995498043       -89.6546446931950     
   148.699995492106       -89.6546467702958     
   148.799995486170       -89.6546487950354     
   148.899995480233       -89.6546507684541     
   148.999995474296       -89.6546526921140     
   149.099995468359       -89.6546545679510     
   149.199995462422       -89.6546563960947     
   149.299995456486       -89.6546581782729     
   149.399995450549       -89.6546599162335     
   149.499995444612       -89.6546616099900     
   149.599995438675       -89.6546632617023     
   149.699995432738       -89.6546648716943     
   149.799995426802       -89.6546664414492     
   149.899995420865       -89.6546679719898     
   149.999995414928       -89.6546694639729     
