   95.0999986742407       1.265507687331622E-004
   95.1999986683039       1.265507685031392E-004
   95.2999986623671       1.265507682731021E-004
   95.3999986564303       1.265507680430509E-004
   95.4999986504935       1.265507678129855E-004
   95.5999986445566       1.265507675829009E-004
   95.6999986386198       1.265507673528058E-004
   95.7999986326830       1.265507671226916E-004
   95.8999986267462       1.265507668925645E-004
   95.9999986208094       1.265507666624227E-004
   96.0999986148725       1.265507664322651E-004
   96.1999986089357       1.265507662020929E-004
   96.2999986029989       1.265507659719078E-004
   96.3999985970621       1.265507657417029E-004
   96.4999985911253       1.265507655114882E-004
   96.5999985851885       1.265507652812547E-004
   96.6999985792516       1.265507650510066E-004
   96.7999985733148       1.265507648207442E-004
   96.8999985673780       1.265507645904677E-004
   96.9999985614412       1.265507643601752E-004
   97.0999985555044       1.265507641298658E-004
   97.1999985495676       1.265507638995450E-004
   97.2999985436307       1.265507636692072E-004
   97.3999985376939       1.265507634388534E-004
   97.4999985317571       1.265507632084854E-004
   97.5999985258203       1.265507629781033E-004
   97.6999985198835       1.265507627477070E-004
   97.7999985139466       1.265507625172918E-004
   97.8999985080098       1.265507622868652E-004
   97.9999985020730       1.265507620564199E-004
   98.0999984961362       1.265507618259631E-004
   98.1999984901994       1.265507615954904E-004
   98.2999984842626       1.265507613650018E-004
   98.3999984783257       1.265507611344973E-004
   98.4999984723889       1.265507609039804E-004
   98.5999984664521       1.265507606734469E-004
   98.6999984605153       1.265507604428989E-004
   98.7999984545785       1.265507602123336E-004
   98.8999984486417       1.265507599817549E-004
   98.9999984427048       1.265507597511612E-004
   99.0999984367680       1.265507595205526E-004
   99.1999984308312       1.265507592899304E-004
   99.2999984248944       1.265507590592907E-004
   99.3999984189576       1.265507588286372E-004
   99.4999984130207       1.265507585979661E-004
   99.5999984070839       1.265507583672832E-004
   99.6999984011471       1.265507581365842E-004
   99.7999983952103       1.265507579058693E-004
   99.8999983892735       1.265507576751400E-004
   99.9999983833367       1.265507574443987E-004
   100.099998377400       2.554712502222861E-004
   100.199998371463       2.873884045253928E-004
   100.299998365526       3.226809895962226E-004
   100.399998359589       3.928364584883826E-004
   100.499998353653       5.346920387842832E-004
   100.599998347716       8.570596756357253E-004
   100.699998341779       1.709526304666375E-003
   100.799998335842       4.146395931371081E-003
   100.899998329905       1.059375410992983E-002
   100.999998323968       2.463982486470425E-002
   101.099998318032       4.926235795555399E-002
   101.199998312095       8.499160368181012E-002
   101.299998306158       0.129860823036185     
   101.399998300221       0.181131354354475     
   101.499998294284       0.237153888310394     
   101.599998288348       0.298153860077695     
   101.699998282411       0.365990261866794     
   101.799998276474       0.443439769895298     
   101.899998270537       0.533375693100631     
   101.999998264600       0.637945963562131     
   102.099998258663       0.757773098518770     
   102.199998252727       0.891289877427427     
   102.299998246790        1.03446414751496     
   102.399998240853        1.18118175401411     
   102.499998234916        1.32432790356356     
   102.599998228979        1.45723070137908     
   102.699998223043        1.57490601154873     
   102.799998217106        1.67467359722885     
   102.899998211169        1.75607668535398     
   102.999998205232        1.82033834322539     
   103.099998199295        1.86967088566340     
   103.199998193358        1.90666865444398     
   103.299998187422        1.93388328005524     
   103.399998181485        1.95358364024675     
   103.499998175548        1.96765744887193     
   103.599998169611        1.97760300687343     
   103.699998163674        1.98456876278896     
   103.799998157738        1.98941191171014     
   103.899998151801        1.99275917359619     
   103.999998145864        1.99506135570640     
   104.099998139927        1.99663854793922     
   104.199998133990        1.99771567317616     
   104.299998128054        1.99844946336396     
   104.399998122117        1.99894839848508     
   104.499998116180        1.99928715467373     
   104.599998110243        1.99951691448506     
   104.699998104306        1.99967263663299     
   104.799998098369        1.99977813343997     
   104.899998092433        1.99984959043440     
   104.999998086496        1.99989799142719     
   105.099998080559        1.99993078144645     
   105.199998074622        1.99995300272496     
   105.299998068685        1.99996806839953     
   105.399998062749        1.99997828824092     
   105.499998056812        1.99998522525575     
   105.599998050875        1.99998993725261     
   105.699998044938        1.99999314032994     
   105.799998039001        1.99999531945473     
   105.899998033064        1.99999680322955     
   105.999998027128        1.99999781444006     
   106.099998021191        1.99999850423083     
   106.199998015254        1.99999897521747     
   106.299998009317        1.99999929712236     
   106.399998003380        1.99999951735735     
   106.499997997444        1.99999966819053     
   106.599997991507        1.99999977160300     
   106.699997985570        1.99999984258125     
   106.799997979633        1.99999989135329     
   106.899997973696        1.99999992490639     
   106.999997967759        1.99999994801699     
   107.099997961823        1.99999996395617     
   107.199997955886        1.99999997496270     
   107.299997949949        1.99999998257585     
   107.399997944012        1.99999998784773     
   107.499997938075        1.99999999150492     
   107.599997932139        1.99999999404962     
   107.699997926202        1.99999999581586     
   107.799997920265        1.99999999704967     
   107.899997914328        1.99999999790141     
   107.999997908391        1.99999999850238     
   108.099997902454        1.99999999894647     
   108.199997896518        1.99999999919653     
   108.299997890581        1.99999999941858     
   108.399997884644        1.99999999964062     
   108.499997878707        1.99999999965362     
   108.599997872770        1.99999999966209     
   108.699997866834        1.99999999966881     
   108.799997860897        1.99999999967418     
   108.899997854960        1.99999999967849     
   108.999997849023        1.99999999968196     
   109.099997843086        1.99999999968478     
   109.199997837149        1.99999999968707     
   109.299997831213        1.99999999968895     
   109.399997825276        1.99999999969050     
   109.499997819339        1.99999999969178     
   109.599997813402        1.99999999969285     
   109.699997807465        1.99999999969374     
   109.799997801529        1.99999999969449     
   109.899997795592        1.99999999969513     
   109.999997789655        1.99999999969567     
   110.099997783718        1.99999999969614     
   110.199997777781        1.99999999969655     
   110.299997771844        1.99999999969690     
   110.399997765908        1.99999999969722     
   110.499997759971        1.99999999969750     
   110.599997754034        1.99999999969775     
   110.699997748097        1.99999999969797     
   110.799997742160        1.99999999969818     
   110.899997736224        1.99999999969837     
   110.999997730287        1.99999999969855     
   111.099997724350        1.99999999969872     
   111.199997718413        1.99999999969889     
   111.299997712476        1.99999999969904     
   111.399997706539        1.99999999969919     
   111.499997700603        1.99999999969933     
   111.599997694666        1.99999999969947     
   111.699997688729        1.99999999969960     
   111.799997682792        1.99999999969973     
   111.899997676855        1.99999999969985     
   111.999997670919        1.99999999969997     
   112.099997664982        1.99999999970008     
   112.199997659045        1.99999999970019     
   112.299997653108        1.99999999970029     
   112.399997647171        1.99999999970039     
   112.499997641234        1.99999999970047     
   112.599997635298        1.99999999970055     
   112.699997629361        1.99999999970061     
   112.799997623424        1.99999999970066     
   112.899997617487        1.99999999970070     
   112.999997611550        1.99999999970071     
   113.099997605614        1.99999999970072     
   113.199997599677        1.99999999970072     
   113.299997593740        1.99999999970072     
   113.399997587803        1.99999999970072     
   113.499997581866        1.99999999970072     
   113.599997575929        1.99999999970072     
   113.699997569993        1.99999999970072     
   113.799997564056        1.99999999970072     
   113.899997558119        1.99999999970072     
   113.999997552182        1.99999999970072     
   114.099997546245        1.99999999970072     
   114.199997540309        1.99999999970072     
   114.299997534372        1.99999999970072     
   114.399997528435        1.99999999970072     
   114.499997522498        1.99999999970072     
   114.599997516561        1.99999999970072     
   114.699997510624        1.99999999970072     
   114.799997504688        1.99999999970072     
   114.899997498751        1.99999999970072     
   114.999997492814        1.99999999970072     
   115.099997486877        1.99999999970072     
   115.199997480940        1.99999999970072     
   115.299997475004        1.99999999970072     
   115.399997469067        1.99999999970072     
   115.499997463130        1.99999999970072     
   115.599997457193        1.99999999970072     
   115.699997451256        1.99999999970072     
   115.799997445319        1.99999999970072     
   115.899997439383        1.99999999970072     
   115.999997433446        1.99999999970072     
   116.099997427509        1.99999999970072     
   116.199997421572        1.99999999970072     
   116.299997415635        1.99999999970072     
   116.399997409699        1.99999999970072     
   116.499997403762        1.99999999970072     
   116.599997397825        1.99999999970072     
   116.699997391888        1.99999999970072     
   116.799997385951        1.99999999970072     
   116.899997380014        1.99999999970072     
   116.999997374078        1.99999999970072     
   117.099997368141        1.99999999970072     
   117.199997362204        1.99999999970072     
   117.299997356267        1.99999999970072     
   117.399997350330        1.99999999970072     
   117.499997344394        1.99999999970072     
   117.599997338457        1.99999999970072     
   117.699997332520        1.99999999961971     
   117.799997326583        1.99999999952639     
   117.899997320646        1.99999999942010     
   117.999997314709        1.99999999929910     
   118.099997308773        1.99999999916142     
   118.199997302836        1.99999999900487     
   118.299997296899        1.99999999882697     
   118.399997290962        1.99999999862494     
   118.499997285025        1.99999999840378     
   118.599997279089        1.99999999818174     
   118.699997273152        1.99999999795969     
   118.799997267215        1.99999999773765     
   118.899997261278        1.99999999751560     
   118.999997255341        1.99999999725664     
   119.099997249404        1.99999999681255     
   119.199997243468        1.99999999636846     
   119.299997237531        1.99999999592437     
   119.399997231594        1.99999999547878     
   119.499997225657        1.99999999481264     
   119.599997219720        1.99999999414651     
   119.699997213784        1.99999999343171     
   119.799997207847        1.99999999254353     
   119.899997201910        1.99999999163980     
   119.999997195973        1.99999999052958     
   120.099997190036        1.99999998347347     
   120.199997184100        1.99999996705887     
   120.299997178163        1.99999991406290     
   120.399997172226        1.99999969567167     
   120.499997166289        1.99999864451964     
   120.599997160352        1.99999310455849     
   120.699997154415        1.99996295697258     
   120.799997148479        1.99980172648650     
   120.899997142542        1.99898640043957     
   120.999997136605        1.99520261342268     
   121.099997130668        1.97952564700645     
   121.199997124731        1.92381030698364     
   121.299997118795        1.76632536679853     
   121.399997112858        1.44886322560091     
   121.499997106921        1.02134621694486     
   121.599997100984       0.619172834472242     
   121.699997095047       0.327656901709612     
   121.799997089110       0.152907225656541     
   121.899997083174       6.360728724773790E-002
   121.999997077237       2.415716550376972E-002
   122.099997071300       8.785865409720576E-003
   122.199997065363       3.308410672183119E-003
   122.299997059426       1.422085599175551E-003
   122.399997053490       7.465844702652029E-004
   122.499997047553       4.748262219275539E-004
   122.599997041616       3.461879420400426E-004
   122.699997035679       2.751161208208326E-004
   122.799997029742       2.310734813614366E-004
   122.899997023805       2.015984670188890E-004
   122.999997017869       1.808131920091492E-004
   123.099997011932       1.655883793478107E-004
   123.199997005995       1.541050532120794E-004
   123.299997000058       1.452381660880221E-004
   123.399996994121       1.382591591469817E-004
   123.499996988185       1.326787903898803E-004
   123.599996982248       1.281584311843739E-004
   123.699996976311       1.244575002320146E-004
   123.799996970374       1.214010997223124E-004
   123.899996964437       1.188594516498904E-004
   123.999996958500       1.167344737521966E-004
   124.099996952564       1.149508049022765E-004
   124.199996946627       1.134496754558250E-004
   124.299996940690       1.121846384630902E-004
   124.399996934753       1.111185432253742E-004
   124.499996928816       1.102213538670792E-004
   124.599996922880       1.094685526009525E-004
   124.699996916943       1.088399540302839E-004
   124.799996911006       1.083188127106900E-004
   124.899996905069       1.078911428589412E-004
   124.999996899132       1.075451935440348E-004
   125.099996893195       1.072710392437603E-004
   125.199996887259       1.070602570074037E-004
   125.299996881322       1.069056693618982E-004
   125.399996875385       1.068011376568218E-004
   125.499996869448       1.067413944997549E-004
   125.599996863511       1.067219067805338E-004
   125.699996857575       1.067387628526036E-004
   125.799996851638       1.067885789580940E-004
   125.899996845701       1.068684211089969E-004
   125.999996839764       1.069757394776535E-004
   126.099996833827       1.071083129838478E-004
   126.199996827890       1.072642022487036E-004
   126.299996821954       1.074417094544487E-004
   126.399996816017       1.076393439361272E-004
   126.499996810080       1.078557925539294E-004
   126.599996804143       1.080898940702816E-004
   126.699996798206       1.083406168954030E-004
   126.799996792270       1.086070396736684E-004
   126.899996786333       1.088883342796338E-004
   126.999996780396       1.091837508565703E-004
   127.099996774459       1.094926045942278E-004
   127.199996768522       1.098142639963664E-004
   127.299996762585       1.101481404222067E-004
   127.399996756649       1.104936787257011E-004
   127.499996750712       1.108503488444857E-004
   127.599996744775       1.112176382159322E-004
   127.699996738838       1.115950449195816E-004
   127.799996732901       1.119820714641380E-004
   127.899996726965       1.123782191542268E-004
   127.999996721028       1.127829829865253E-004
   128.099996715091       1.131958470381926E-004
   128.199996709154       1.136162803220650E-004
   128.299996703217       1.140437330933574E-004
   128.399996697280       1.144776336017148E-004
   128.499996691344       1.149173852904040E-004
   128.599996685407       1.153623644510782E-004
   128.699996679470       1.158119183480923E-004
   128.799996673533       1.162653638308565E-004
   128.899996667596       1.167219864553193E-004
   128.999996661660       1.171810401377019E-004
   129.099996655723       1.176417473634980E-004
   129.199996649786       1.181032999734315E-004
   129.299996643849       1.185648605450840E-004
   129.399996637912       1.190255643843748E-004
   129.499996631975       1.194845221347669E-004
   129.599996626039       1.199408230057046E-004
   129.699996620102       1.203935386075812E-004
   129.799996614165       1.208417273678004E-004
   129.899996608228       1.212844395330247E-004
   129.999996602291       1.217207226552344E-004
   130.099996596355       1.221496275512518E-004
   130.199996590418       1.225702146509971E-004
   130.299996584481       1.229815606554008E-004
   130.399996578544       1.233827654119607E-004
   130.499996572607       1.237729589066883E-004
   130.599996566670       1.241513082629746E-004
   130.699996560734       1.245170246323099E-004
   130.799996554797       1.248693698591487E-004
   130.899996548860       1.252076628023014E-004
   130.999996542923       1.255312851984103E-004
   131.099996536986       1.258396869592943E-004
   131.199996531050       1.261323908046920E-004
   131.299996525113       1.264089961438726E-004
   131.399996519176       1.266691821345788E-004
   131.499996513239       1.269127098644614E-004
   131.599996507302       1.271394236185811E-004
   131.699996501365       1.273492512157022E-004
   131.799996495429       1.275422034157166E-004
   131.899996489492       1.277183724197352E-004
   131.999996483555       1.278779295019859E-004
   132.099996477618       1.280211218310625E-004
   132.199996471681       1.281482685499550E-004
   132.299996465745       1.282597561988928E-004
   132.399996459808       1.283560335608516E-004
   132.499996453871       1.284376060911263E-004
   132.599996447934       1.285050299067505E-004
   132.699996441997       1.285589055734827E-004
   132.799996436060       1.285998717289524E-004
   132.899996430124       1.286285986430125E-004
   132.999996424187       1.286457818170594E-004
   133.099996418250       1.286521357078838E-004
   133.199996412313       1.286483876504368E-004
   133.299996406376       1.286352720470699E-004
   133.399996400440       1.286135248799563E-004
   133.499996394503       1.285838785906387E-004
   133.599996388566       1.285470573636651E-004
   133.699996382629       1.285037728388130E-004
   133.799996376692       1.284547202658285E-004
   133.899996370756       1.284005751103069E-004
   133.999996364819       1.283419901086302E-004
   134.099996358882       1.282795927635424E-004
   134.199996352945       1.282139832661748E-004
   134.299996347008       1.281457328265891E-004
   134.399996341071       1.280753823895248E-004
   134.499996335135       1.280034417091681E-004
   134.599996329198       1.279303887557057E-004
   134.699996323261       1.278566694249419E-004
   134.799996317324       1.277826975210483E-004
   134.899996311387       1.277088549826454E-004
   134.999996305451       1.276354923235110E-004
   135.099996299514       1.275629292599556E-004
   135.199996293577       1.274914554979042E-004
   135.299996287640       1.274213316548132E-004
   135.399996281703       1.273527902915182E-004
   135.499996275766       1.272860370343324E-004
   135.599996269830       1.272212517660136E-004
   135.699996263893       1.271585898685843E-004
   135.799996257956       1.270981835005494E-004
   135.899996252019       1.270401428958961E-004
   135.999996246082       1.269845576713659E-004
   136.099996240146       1.269314981314472E-004
   136.199996234209       1.268810165611859E-004
   136.299996228272       1.268331484991560E-004
   136.399996222335       1.267879139844337E-004
   136.499996216398       1.267453187712091E-004
   136.599996210461       1.267053555072604E-004
   136.699996204525       1.266680048716255E-004
   136.799996198588       1.266332366705004E-004
   136.899996192651       1.266010108880167E-004
   136.999996186714       1.265712786914379E-004
   137.099996180777       1.265439833885362E-004
   137.199996174841       1.265190613386623E-004
   137.299996168904       1.264964428163816E-004
   137.399996162967       1.264760528284043E-004
   137.499996157030       1.264578118840879E-004
   137.599996151093       1.264416367203537E-004
   137.699996145156       1.264274409827806E-004
   137.799996139220       1.264151358629396E-004
   137.899996133283       1.264046306942773E-004
   137.999996127346       1.263958335062740E-004
   138.099996121409       1.263886515398508E-004
   138.199996115472       1.263829917246913E-004
   138.299996109536       1.263787611195437E-004
   138.399996103599       1.263758673178226E-004
   138.499996097662       1.263742188184643E-004
   138.599996091725       1.263737253647326E-004
   138.699996085788       1.263742982517631E-004
   138.799996079851       1.263758506040161E-004
   138.899996073915       1.263782976244283E-004
   138.999996067978       1.263815568160843E-004
   139.099996062041       1.263855481772714E-004
   139.199996056104       1.263901943724453E-004
   139.299996050167       1.263954208790759E-004
   139.399996044231       1.264011561119323E-004
   139.499996038294       1.264073315262497E-004
   139.599996032357       1.264138817003725E-004
   139.699996026420       1.264207443993947E-004
   139.799996020483       1.264278606201187E-004
   139.899996014546       1.264351746203997E-004
   139.999996008610       1.264426339307889E-004
   140.099996002673       1.264501893526180E-004
   140.199995996736       1.264577949416671E-004
   140.299995990799       1.264654079781767E-004
   140.399995984862       1.264729889267295E-004
   140.499995978926       1.264805013828132E-004
   140.599995972989       1.264879120111846E-004
   140.699995967052       1.264951904742024E-004
   140.799995961115       1.265023093526385E-004
   140.899995955178       1.265092440577305E-004
   140.999995949241       1.265159727386073E-004
   141.099995943305       1.265224761822439E-004
   141.199995937368       1.265287377103298E-004
   141.299995931431       1.265347430703468E-004
   141.399995925494       1.265404803244384E-004
   141.499995919557       1.265459397352756E-004
   141.599995913621       1.265511136494259E-004
   141.699995907684       1.265559963807624E-004
   141.799995901747       1.265605840924204E-004
   141.899995895810       1.265648746770947E-004
   141.999995889873       1.265688676417067E-004
   142.099995883936       1.265725639889043E-004
   142.199995878000       1.265759661014453E-004
   142.299995872063       1.265790776302186E-004
   142.399995866126       1.265819033819243E-004
   142.499995860189       1.265844492106223E-004
   142.599995854252       1.265867219117726E-004
   142.699995848316       1.265887291201871E-004
   142.799995842379       1.265904792107984E-004
   142.899995836442       1.265919812032203E-004
   142.999995830505       1.265932446711685E-004
   143.099995824568       1.265942796549474E-004
   143.199995818631       1.265950965763577E-004
   143.299995812695       1.265957061626687E-004
   143.399995806758       1.265961193712544E-004
   143.499995800821       1.265963473173851E-004
   143.599995794884       1.265964012125512E-004
   143.699995788947       1.265962922992741E-004
   143.799995783011       1.265960317958589E-004
   143.899995777074       1.265956308456487E-004
   143.999995771137       1.265951004645509E-004
   144.099995765200       1.265944515000416E-004
   144.199995759263       1.265936945912404E-004
   144.299995753326       1.265928401316750E-004
   144.399995747390       1.265918982373403E-004
   144.499995741453       1.265908787184313E-004
   144.599995735516       1.265897910545783E-004
   144.699995729579       1.265886443735827E-004
   144.799995723642       1.265874474333198E-004
   144.899995717706       1.265862086068536E-004
   144.999995711769       1.265849358704292E-004
   145.099995705832       1.265836367942033E-004
   145.199995699895       1.265823185355893E-004
   145.299995693958       1.265809878348789E-004
   145.399995688021       1.265796510142808E-004
   145.499995682085       1.265783139814157E-004
   145.599995676148       1.265769822239806E-004
   145.699995670211       1.265756608186921E-004
   145.799995664274       1.265743544422066E-004
   145.899995658337       1.265730673655077E-004
   145.999995652401       1.265718034783442E-004
   146.099995646464       1.265705662840109E-004
   146.199995640527       1.265693589248469E-004
   146.299995634590       1.265681841795814E-004
   146.399995628653       1.265670444915081E-004
   146.499995622716       1.265659419662777E-004
   146.599995616780       1.265648783989094E-004
   146.699995610843       1.265638552847840E-004
   146.799995604906       1.265628738272572E-004
   146.899995598969       1.265619349612097E-004
   146.999995593032       1.265610393676656E-004
   147.099995587096       1.265601874864143E-004
   147.199995581159       1.265593795316247E-004
   147.299995575222       1.265586155066912E-004
   147.399995569285       1.265578952216997E-004
   147.499995563348       1.265572183076736E-004
   147.599995557411       1.265565842308119E-004
   147.699995551475       1.265559923070679E-004
   147.799995545538       1.265554417160969E-004
   147.899995539601       1.265549315150540E-004
   147.999995533664       1.265544606517450E-004
   148.099995527727       1.265540279772812E-004
   148.199995521791       1.265536322597805E-004
   148.299995515854       1.265532721956911E-004
   148.399995509917       1.265529464192184E-004
   148.499995503980       1.265526535129751E-004
   148.599995498043       1.265523920187099E-004
   148.699995492106       1.265521604488759E-004
   148.799995486170       1.265519573013060E-004
   148.899995480233       1.265517810521371E-004
   148.999995474296       1.265516301694099E-004
   149.099995468359       1.265515031338414E-004
   149.199995462422       1.265513984342674E-004
   149.299995456486       1.265513145606706E-004
   149.399995450549       1.265512500433622E-004
   149.499995444612       1.265512034295702E-004
   149.599995438675       1.265511732886389E-004
   149.699995432738       1.265511582507284E-004
   149.799995426802       1.265511569515019E-004
   149.899995420865       1.265511681028535E-004
   149.999995414928       1.265511904310900E-004
