t,y_1,y_2,y_3,y_4
0,0,0,0,0
0.01,0.39544814291445,0.0457778953962822,0.193159494039117,0.0233180798997643
0.02,0.282499297672715,0.042651025627789,0.406831505074829,0.055722668001142
0.03,0.199084785501699,0.0386473819635889,0.536445170239566,0.0835880586964958
0.04,0.146667077217831,0.0358421332208746,0.61031831118481,0.10772381580266
0.05,0.114215235750884,0.0338865670724046,0.649679130741479,0.129047085337782
0.06,0.0939534446611657,0.0324600242386258,0.66834164422238,0.14819945284829
0.07,0.0812777171686045,0.0313800250300212,0.674578533651453,0.165596861715517
0.08,0.0733399629766846,0.0305285614223424,0.673420138751242,0.181523373488664
0.09,0.0683538130407112,0.0298313822350773,0.668001431285141,0.196182815605178
0.1,0.0651980752483511,0.0292415739152739,0.660276371217343,0.209727264901
0.11,0.063183723199278,0.0287292846901649,0.651418661103882,0.222273162469118
0.12,0.0618950453204238,0.0282756908635317,0.64211335435711,0.233912696459956
0.13,0.0610458306226669,0.0278673246256241,0.632816778879892,0.244725249645309
0.14,0.0604700850762551,0.0274956726672184,0.623773517177939,0.254777485933818
0.15,0.0600702953347309,0.0271550777604995,0.61510803930149,0.264127326530399
0.16,0.059786453262096,0.0268414918765676,0.606880686329258,0.272826283976278
0.17,0.0595836320890884,0.0265520182559706,0.599111011582596,0.280919901948547
0.18,0.0594231972658447,0.0262836117459423,0.59182515914319,0.288454022553493
0.19,0.0592921968222263,0.0260344301553337,0.585008122132723,0.295467677640155
0.2,0.0591818276431612,0.0258029011051373,0.578640492690663,0.301996666586537
0.21,0.0590839136197939,0.0255874837164206,0.572701893950528,0.308076529833873
0.22,0.0589995811838112,0.0253872171429021,0.567161151567868,0.313736042264434
0.23,0.0589242915769887,0.0252008598329541,0.56199579643468,0.319005957429846
0.24,0.0588573608116283,0.0250274667375939,0.557180552280024,0.323912578614654
0.25,0.0587982866749644,0.024866510665728,0.552701658910962,0.328470583459558
0.26,0.058744631879509,0.0247167899456326,0.54853158272867,0.332711788808703
0.27,0.0586945813904821,0.0245772872914871,0.544646281917232,0.336663418456409
0.28,0.058646609172127,0.0244470622839676,0.541023081890179,0.340350811915717
0.29,0.0586044771418789,0.0243264856118693,0.537661557736538,0.343767537612815
0.3,0.0585647457862773,0.0242141424235006,0.534530983690786,0.346950431619828
0.31,0.0585265026277584,0.0241092444266646,0.531611266783613,0.349921147068709
0.32,0.058489379455107,0.0240111817468112,0.528885862256857,0.352696803156877
0.33,0.0584563909898944,0.0239204534791197,0.526360279554041,0.355266338034355
0.34,0.0584253754925148,0.0238358618069138,0.524006281447965,0.35766181163543
0.35,0.0583960592337269,0.0237568278280732,0.521807939132554,0.359899556088684
0.36,0.0583684573169242,0.0236830124429599,0.519755404682847,0.361989319726708
0.37,0.0583433010760393,0.0236146712003252,0.517853909192785,0.363924524763843
0.38,0.0583199972297266,0.0235509598908134,0.516080796228858,0.365728787359664
0.39,0.0582984608967866,0.0234914564028597,0.514424112860132,0.367414134945735
0.4,0.0582785506315112,0.0234359748896251,0.512878904611652,0.36898574901181
0.41,0.0582600715248744,0.0233845528156067,0.511446831768877,0.370442340439701
0.42,0.0582429733785399,0.0233366232021272,0.51011165025624,0.371800134290635
0.43,0.0582271463012317,0.0232918684023996,0.508864501519876,0.373068131053463
0.44,0.0582125100627127,0.0232504632781139,0.507710676830191,0.374241231824207
0.45,0.0581989731492735,0.0232123953338789,0.506650084667459,0.375319701304204
0.46,0.0581864054325109,0.0231770108943229,0.505664212338537,0.376322159713215
0.47,0.0581747003092874,0.0231440469107452,0.504745769898755,0.377256044521582
0.48,0.0581637511764653,0.0231132403344449,0.503887467403442,0.378128793199644
0.49,0.0581534514309071,0.0230843281167215,0.503082014907926,0.378947843217741
0.5,0.0581436944694753,0.0230570472088741,0.502322122467537,0.379720632046214
0.51,0.0581347343157193,0.0230319557592014,0.501623175466101,0.380431421448835
0.52,0.0581266098701529,0.0230091220510034,0.50098703287446,0.381078298090668
0.53,0.0581190152599236,0.0229878292707923,0.500393875153189,0.381681505528256
0.54,0.058111879966386,0.0229678965392625,0.499838681262677,0.382246162258792
0.55,0.0581051334708948,0.0229491429771084,0.499316430163316,0.382777386779466
0.56,0.0580987052548047,0.0229313877050245,0.498822100815495,0.383280297587468
0.57,0.0580925247994703,0.0229144498437054,0.498350672179606,0.383760013179989
0.58,0.058086889379671,0.0228989652452947,0.497919647401401,0.384198579211759
0.59,0.0580818102405747,0.0228849345972947,0.497529012771933,0.384595984877858
0.6,0.0580770536613097,0.022871814609377,0.497163752518248,0.384967586866302
0.61,0.0580725826040298,0.0228594987505519,0.496820896011852,0.385316403318067
0.62,0.0580683600308888,0.0228478804898294,0.496497472624254,0.385645452374131
0.63,0.0580643489040405,0.0228368532962198,0.496190511726961,0.385957752175471
0.64,0.0580605121856388,0.0228263106387331,0.495897042691481,0.386256320863063
0.65,0.0580570219397195,0.022816711961259,0.495629843274963,0.386528161012598
0.66,0.0580538553928558,0.0228079893422308,0.495387017165294,0.386775198222331
0.67,0.0580509020953283,0.0227998375471573,0.495160064761797,0.387006073407345
0.68,0.0580481424424499,0.0227921972312813,0.49494732840413,0.387222469465271
0.69,0.0580455568295335,0.0227850090498459,0.49474715043195,0.387426069293742
0.7,0.0580431256518919,0.0227782136580939,0.494557873184916,0.387618555790389
0.71,0.058040829304838,0.0227717517112683,0.494377839002685,0.387801611852843
0.72,0.0580387337065688,0.0227658773796118,0.494214198936693,0.387968013666636
0.73,0.0580368137385253,0.0227605111052797,0.494064727407154,0.388120018367168
0.74,0.0580350266003557,0.022755508511434,0.493925377639675,0.388261724545937
0.75,0.0580333592549768,0.0227508343292408,0.493795168425974,0.388394131122726
0.76,0.0580317986653056,0.0227464532898661,0.493673118557766,0.388518237017316
0.77,0.058030331794259,0.0227423301244758,0.493558246826768,0.388635041149491
0.78,0.0580289456047539,0.0227384295642359,0.493449572024699,0.388745542439031
0.79,0.0580277466144877,0.0227350533620585,0.493355504998663,0.388841185261378
0.8,0.0580266771643171,0.0227320404607091,0.493271559094102,0.388926534629196
0.81,0.0580256918815783,0.0227292644382114,0.493194212864985,0.389005173647858
0.82,0.0580247808787059,0.022726698904138,0.493122732524709,0.389077849534903
0.83,0.0580239342681344,0.0227243174680615,0.493056384286668,0.389145309507871
0.84,0.0580231421622984,0.0227220937395545,0.49299443436426,0.3892083007843
0.85,0.0580223946736326,0.0227200013281895,0.492936148970881,0.38926757058173
0.86,0.0580216819145714,0.0227180138435391,0.492880794319926,0.389323866117701
0.87,0.0580209939975495,0.0227161048951759,0.492827636624792,0.389377934609751
0.88,0.0580203210350016,0.0227142480926724,0.492775942098875,0.38943052327542
0.89,0.0580196531393621,0.0227124170456013,0.492724976955572,0.389482379332248
0.9,0.0580189804230657,0.0227105853635351,0.492674007408278,0.389534249997773
0.91,0.0580185238092563,0.0227093137657151,0.492638593197703,0.389570270781458
0.92,0.0580181066877639,0.0227081517719761,0.492606231155651,0.389603188115468
0.93,0.058017717761319,0.0227070694060481,0.492576087980857,0.389633850675332
0.94,0.0580173517013573,0.0227060518741652,0.492547751718442,0.38966267756212
0.95,0.0580170031793146,0.0227050843825612,0.492520810413524,0.389690087876901
0.96,0.0580166668666263,0.0227041521374697,0.492494852111226,0.389716500720746
0.97,0.0580163374347283,0.0227032403451248,0.492469464856667,0.389742335194725
0.98,0.0580160095550562,0.0227023342117602,0.492444236694968,0.389768010399908
0.99,0.0580156778990457,0.0227014189436098,0.492418755671248,0.389793945437365
1,0.0580153371381323,0.0227004797469074,0.492392609830628,0.389820559408168
1.01,0.0580149819437519,0.0226995018278868,0.492365387218229,0.389848271413385
1.02,0.0580146372484776,0.0226985536395049,0.492338993091019,0.389875140813313
1.03,0.0580144164459556,0.0226979469862592,0.492322106511015,0.389892328840227
1.04,0.0580142077329458,0.0226973741684135,0.492306162347345,0.389908557410434
1.05,0.0580140090579465,0.0226968294072204,0.492290999582432,0.389923990082125
1.06,0.0580138183694559,0.0226963069239325,0.492276457198701,0.389938790413489
1.07,0.0580136336159722,0.0226958009398023,0.492262374178575,0.389953121962718
1.08,0.0580134527459939,0.0226953056760825,0.492248589504481,0.389967148288002
1.09,0.058013273708019,0.0226948153540257,0.492234942158842,0.389981032947531
1.1,0.0580130944505459,0.0226943241948843,0.492221271124082,0.389994939499496
1.11,0.0580129129220729,0.0226938264199111,0.492207415382627,0.390009031502088
1.12,0.0580127270710982,0.0226933162503586,0.492193213916901,0.390023472513496
1.13,0.0580125348461201,0.0226927879074793,0.492178505709327,0.390038426091912
1.14,0.0580123647363072,0.0226923201380735,0.492165483651371,0.390051665683343
1.15,0.0580122398086645,0.0226919766823499,0.492155922723556,0.39006138907221
1.16,0.0580121221310679,0.0226916524569549,0.492146896424772,0.390070567833401
1.17,0.0580120111509725,0.0226913458317122,0.492138359268891,0.390079248216787
1.18,0.0580119063158331,0.0226910551764453,0.492130265769779,0.390087476472238
1.19,0.0580118070731049,0.0226907788609776,0.492122570441308,0.390095298849626
1.2,0.0580117128702429,0.0226905152551328,0.492115227797347,0.390102761598822
1.21,0.0580116231547019,0.0226902627287343,0.492108192351764,0.390109910969695
1.22,0.058011537373937,0.0226900196516057,0.49210141861843,0.390116793212118
1.23,0.0580114549754031,0.0226897843935705,0.492094861111214,0.39012345457596
1.24,0.0580113754065554,0.0226895553244522,0.492088474343984,0.390129941311093
1.25,0.0580112981148487,0.0226893308140744,0.492082212830611,0.390136299667387
1.26,0.05801123184582,0.0226891402774489,0.492076900563134,0.390141694627841
1.27,0.0580111749238819,0.0226889783346942,0.492072387037961,0.390146278883649
1.28,0.0580111225053647,0.0226888290280793,0.492068225499189,0.39015050539502
1.29,0.0580110743271748,0.0226886916938722,0.492064397527758,0.390154392977768
1.3,0.0580110301262189,0.022688565668341,0.49206088470461,0.390157960447704
1.31,0.0580109896394036,0.0226884502877536,0.492057668610688,0.390161226620643
1.32,0.0580109526036356,0.022688344888378,0.492054730826933,0.390164210312397
1.33,0.0580109187558213,0.0226882488064822,0.492052052934286,0.39016693033878
1.34,0.0580108878328675,0.0226881613783342,0.492049616513691,0.390169405515605
1.35,0.0580108595716806,0.022688081940202,0.492047403146088,0.390171654658685
1.36,0.0580108337091674,0.0226880098283536,0.492045394412419,0.390173696583833
1.37,0.0580108099822345,0.0226879443790569,0.492043571893625,0.390175550106863
1.38,0.0580107660138368,0.0226878213589676,0.492040145164964,0.390179033197106
1.39,0.0580107209466117,0.0226876950815812,0.492036627580515,0.390182608430768
1.4,0.0580106782805939,0.022687575553874,0.492033298036729,0.390185992571319
1.41,0.0580106380157836,0.0226874627758459,0.492030156533605,0.390189185618758
1.42,0.0580106001521808,0.022687356747497,0.492027203071142,0.390192187573085
1.43,0.0580105646897854,0.0226872574688271,0.49202443764934,0.390194998434301
1.44,0.0580105316285974,0.0226871649398364,0.492021860268201,0.390197618202405
1.45,0.0580105009686168,0.0226870791605249,0.492019470927723,0.390200046877398
1.46,0.0580104727098437,0.0226870001308925,0.492017269627907,0.390202284459279
1.47,0.058010446852278,0.0226869278509392,0.492015256368753,0.390204330948048
1.48,0.0580104233959198,0.0226868623206651,0.49201343115026,0.390206186343706
1.49,0.058010402340769,0.0226868035400701,0.492011793972429,0.390207850646253
1.5,0.0580103836868256,0.0226867515091542,0.49201034483526,0.390209323855687
1.51,0.0580103674340896,0.0226867062279175,0.492009083738753,0.39021060597201
1.52,0.0580103535825611,0.0226866676963599,0.492008010682907,0.390211696995222
1.53,0.0580103421322401,0.0226866359144815,0.492007125667723,0.390212596925322
1.54,0.0580103330831264,0.0226866108822822,0.492006428693201,0.39021330576231
1.55,0.0580103264352202,0.022686592599762,0.49200591975934,0.390213823506186
1.56,0.0580103221885214,0.0226865810669209,0.492005598866141,0.390214150156952
1.57,0.0580103203430301,0.022686576283759,0.492005466013604,0.390214285714605
1.58,0.0580103208987462,0.0226865782502763,0.492005521201728,0.390214230179147
1.59,0.0580103238556697,0.0226865869664727,0.492005764430515,0.390213983550577
1.6,0.0580103292138007,0.0226866024323482,0.492006195699963,0.390213545828896
1.61,0.0580103369731391,0.0226866246479028,0.492006815010072,0.390212917014103
1.62,0.0580103471336849,0.0226866536131366,0.492007622360844,0.390212097106199
1.63,0.0580103596954382,0.0226866893280495,0.492008617752277,0.390211086105183
1.64,0.0580103746583989,0.0226867317926416,0.492009801184372,0.390209884011055
1.65,0.0580103920225671,0.0226867810069128,0.492011172657128,0.390208490823816
1.66,0.0580104117879426,0.0226868369708631,0.492012732170547,0.390206906543465
1.67,0.0580104339545256,0.0226868996844926,0.492014479724627,0.390205131170002
1.68,0.0580104336742916,0.0226868993106028,0.492014469723619,0.390205141275044
1.69,0.0580104301742334,0.0226868898880701,0.492014207637537,0.39020540741996
1.7,0.0580104272135159,0.0226868819823031,0.492013987808292,0.390205630576617
1.71,0.058010424792139,0.0226868755933019,0.492013810235882,0.390205810745014
1.72,0.0580104229101028,0.0226868707210666,0.492013674920309,0.390205947925153
1.73,0.0580104215674073,0.022686867365597,0.492013581861572,0.390206042117032
1.74,0.0580104207640524,0.0226868655268932,0.492013531059671,0.390206093320653
1.75,0.0580104205000382,0.0226868652049552,0.492013522514607,0.390206101536014
1.76,0.0580104207753647,0.0226868663997831,0.492013556226378,0.390206066763117
1.77,0.0580104215900318,0.0226868691113767,0.492013632194986,0.39020598900196
1.78,0.0580104229440397,0.0226868733397361,0.49201375042043,0.390205868252544
1.79,0.0580104248373881,0.0226868790848614,0.492013910902711,0.390205704514869
1.8,0.0580104272700773,0.0226868863467524,0.492014113641827,0.390205497788935
1.81,0.0580104302421071,0.0226868951254092,0.49201435863778,0.390205248074741
1.82,0.0580104337534775,0.0226869054208318,0.492014645890569,0.390204955372289
1.83,0.0580104378041887,0.0226869172330203,0.492014975400194,0.390204619681578
1.84,0.0580104423942405,0.0226869305619745,0.492015347166656,0.390204241002607
1.85,0.0580104475236329,0.0226869454076945,0.492015761189954,0.390203819335378
1.86,0.0580104531923661,0.0226869617701804,0.492016217470087,0.390203354679889
1.87,0.0580104594004399,0.022686979649432,0.492016716007058,0.390202847036141
1.88,0.0580104661478543,0.0226869990454494,0.492017256800864,0.390202296404134
1.89,0.0580104734346095,0.0226870199582327,0.492017839851507,0.390201702783868
1.9,0.0580104812607053,0.0226870423877817,0.492018465158985,0.390201066175343
1.91,0.0580104896261417,0.0226870663340965,0.4920191327233,0.390200386578559
1.92,0.0580104985309189,0.0226870917971772,0.492019842544452,0.390199663993516
1.93,0.0580105079750367,0.0226871187770236,0.492020594622439,0.390198898420213
1.94,0.0580105179584951,0.0226871472736358,0.492021388957263,0.390198089858652
1.95,0.0580105284812943,0.0226871772870138,0.492022225548923,0.390197238308831
1.96,0.058010539543434,0.0226872088171577,0.492023104397419,0.390196343770751
1.97,0.0580105511449145,0.0226872418640673,0.492024025502751,0.390195406244413
1.98,0.0580105612433805,0.0226872652469336,0.492024672284623,0.390194749512535
1.99,0.0580105703264337,0.022687281635117,0.49202512032495,0.390194296273661
2,0.0579879033029971,0.0226087148405703,0.492024203614281,0.390193889317107
2.01,0.0408518909544135,0.015860317784947,0.457848947429757,0.385991109411855
2.02,0.0334454377023538,0.0146391074631675,0.422537636324157,0.380604639521602
2.03,0.0295770644604782,0.013510338232365,0.389952574814355,0.374574160894923
2.04,0.0268975317637427,0.0124689309821547,0.359883965537407,0.367995484086148
2.05,0.0247120869497932,0.0115061375059466,0.332130741795076,0.360954100233565
2.06,0.0227785123737648,0.0106190767736404,0.30651482734602,0.353527648353662
2.07,0.0210062515518251,0.00980024790928237,0.282875705094642,0.345786990677169
2.08,0.0193790244776616,0.00904436101134724,0.2610603741755,0.337794724075493
2.09,0.0178801723558567,0.00834484791355474,0.240876420292422,0.329625960118795
2.1,0.0165006688646895,0.00769972839117472,0.222258213952496,0.321305957039096
2.11,0.015223996629081,0.00710306928958282,0.205036374899061,0.312898053931971
2.12,0.0140488890913312,0.00655411405337298,0.18918966400019,0.304409541262126
2.13,0.012961239556428,0.00604645292674875,0.174535507998441,0.29590552288997
2.14,0.0119588015781717,0.00557878753062964,0.161035858322316,0.287397434901918
2.15,0.0110342705988313,0.00514755772931185,0.148588114167305,0.278919715989492
2.16,0.010182335656013,0.00475024968606048,0.137119502577848,0.270492540019939
2.17,0.00939640860164021,0.00438367025161261,0.126537921290535,0.262145806613366
2.18,0.0086716483819885,0.00404554439273833,0.116777703416748,0.25389807336928
2.19,0.00800369771946258,0.00373394425745298,0.107783137833909,0.245760380492909
2.2,0.00738674165918025,0.00344607227910315,0.0994734857045636,0.237757968509318
2.21,0.00681814652584782,0.00318077895667801,0.0918155893169957,0.229891993223359
2.22,0.00629306685099661,0.00293579981242603,0.0847440785825323,0.222179503363924
2.23,0.00580792564525238,0.00270946442908293,0.0782107345860674,0.214629762619742
2.24,0.00536070790611031,0.0025008276363721,0.0721882753572604,0.207242631997449
2.25,0.0049471490872963,0.00230790992523816,0.0666195617173167,0.200031216763549
2.26,0.0045660023526644,0.00213010906402962,0.061487206417195,0.19299201719914
2.27,0.00421404224810679,0.00196592201228264,0.0567478234362708,0.186132168647299
2.28,0.00388914362280258,0.00181435728613639,0.0523727931149658,0.179453106859645
2.29,0.00358988993698402,0.00167475459523916,0.0483430562011622,0.172952632195713
2.3,0.00331337687495096,0.00154575556860072,0.0446194017718157,0.166636122856331
2.31,0.00305800069871302,0.00142661395150886,0.0411802887523448,0.160502572060786
2.32,0.00282284827398687,0.00131690928412553,0.0380135806204468,0.154547680180418
2.33,0.00260545783157257,0.00121549053231571,0.0350860517431104,0.148774531588786
2.34,0.00240458116431877,0.00112177596414386,0.0323809099827213,0.14318073468436
2.35,0.00221965267224299,0.00103550241753026,0.0298905589157953,0.137760978000512
2.36,0.00204867182623632,0.000955737055088793,0.0275880715307069,0.13251608800714
2.37,0.00189065089087386,0.000882018696551025,0.0254601354965951,0.127442873375665
2.38,0.00174519347114005,0.000814160895795477,0.0235013688631971,0.122536000190341
2.39,0.00161072851130041,0.000751431464509776,0.0216906364754499,0.117794390650756
2.4,0.00148646150081255,0.000693459562384873,0.0200172337504659,0.11321443356609
2.41,0.00137207972022766,0.000640098979911977,0.0184769402564388,0.108791162868973
2.42,0.00126636017070008,0.000590779097932329,0.0170532846312021,0.104522172348836
2.43,0.00116859856019852,0.000545171371202286,0.0157367831700779,0.100403762685941
2.44,0.00107850204205051,0.000503139573255062,0.0145235035996231,0.0964314251701252
2.45,0.000995337803891701,0.000464341795296911,0.0134035764663454,0.0926014933343717
2.46,0.000918582537457489,0.000428534006890355,0.0123699576465242,0.088910016174557
2.47,0.000847689967891444,0.000395461224856335,0.0114152868384575,0.085353530136319
2.48,0.000782263144145087,0.000364938480785412,0.0105342247906106,0.0819278146164937
2.49,0.000721907249404501,0.000336781650390146,0.00972145661264274,0.0786289087926616
2.5,0.000666158567723259,0.000310774076132946,0.00897072834305501,0.0754533517975912
2.51,0.000614722708838308,0.000286778509854606,0.00827807820415695,0.0723970909329471
2.52,0.000567296644131509,0.000264653521465886,0.00763942371335282,0.0694562890653631
2.53,0.000523494073649259,0.000244218976978099,0.0070495651580569,0.0666275364222151
2.54,0.000483082991249985,0.000225366549969101,0.00650537561925657,0.0639070281564495
2.55,0.000445821831124129,0.000207983499593342,0.00600360074783617,0.0612911315967307
2.56,0.000411412954024681,0.000191931120990728,0.00554023672079816,0.058776519325671
2.57,0.000379663607798079,0.000177119456348384,0.00511268683801254,0.0563596644877881
2.58,0.000350379118758736,0.000163457718860054,0.00471833046869575,0.0540371756881479
2.59,0.000323341672668545,0.00015084425924013,0.00435423343231716,0.0518058512843567
2.6,0.000298387836210426,0.000139202860694654,0.00401819567320308,0.049662457067285
2.61,0.000275368231186383,0.000128463858127213,0.00370820625588974,0.0476038418721238
2.62,0.000254104056920168,0.000118543786190453,0.00342185588915098,0.0456270231687451
2.63,0.00023446788726695,0.000109383201105015,0.00315742868363487,0.0437290230063685
2.64,0.000216350876858532,0.000100931329721265,0.00291345903436942,0.0419069335825971
2.65,0.000199653195458719,9.31415917880506e-05,0.00268860236735704,0.0401579363693187
2.66,0.000184214050364402,8.59389872722257e-05,0.00248069375037754,0.0384793874025535
2.67,0.000169961323430817,7.92898613294287e-05,0.0022887617111055,0.036868624506558
2.68,0.000156819803202617,7.3159119554231e-05,0.0021117932232711,0.0353230855174611
2.69,0.000144720778564887,6.75147008958089e-05,0.00194886282069714,0.0338402953867923
2.7,0.000133524739199375,6.22915510437067e-05,0.00179809265877476,0.0324178879656061
2.71,0.00012319633987271,5.74731688776993e-05,0.00165900642087955,0.0310535461145337
2.72,0.000113676403802564,5.30319504591834e-05,0.00153080729783406,0.0297450455167907
2.73,0.000104909771304387,4.89421656622522e-05,0.00141275256970139,0.0284902373631723
2.74,9.6801145603937e-05,4.51593491210049e-05,0.00130355871331517,0.0272869838383633
2.75,8.93209749608926e-05,4.16697209162192e-05,0.00120282795957,0.0261333128253242
2.76,8.24248926547705e-05,3.8452585032443e-05,0.00110996290269179,0.0250273001990433
2.77,7.60693215832535e-05,3.54876120939662e-05,0.00102437672006355,0.0239670775416031
2.78,7.01929899914674e-05,3.27462090903928e-05,0.000945244051898596,0.0229507500328684
2.79,6.47709003331171e-05,3.02167173457225e-05,0.000872228362385928,0.0219766361865387
2.8,5.97710628565504e-05,2.78842115035863e-05,0.00080489881994794,0.0210430756556299
2.81,5.51603645278061e-05,2.57332435431069e-05,0.000742809505764718,0.020148442595075
2.82,5.08973447236616e-05,2.37444747734664e-05,0.000685402193565852,0.0192910969250194
2.83,4.69637392133327e-05,2.19093817845849e-05,0.000632430848823005,0.0184695971332035
2.84,4.33372409846511e-05,2.02175574178552e-05,0.000583595060971497,0.0176825165137262
2.85,3.9992130642384e-05,1.86570039748669e-05,0.000538548507376218,0.0169284429517577
2.86,3.68987997804895e-05,1.72139109630883e-05,0.000496892537798646,0.0162059753937858
2.87,3.40450669216885e-05,1.58825948437668e-05,0.000458463092468341,0.0155138817067145
2.88,3.14152659045358e-05,1.46557478239179e-05,0.000423049226352858,0.0148509438130807
2.89,2.89901142577315e-05,1.35243739359719e-05,0.000390391264268517,0.0142159480784301
2.9,2.6747417667286e-05,1.2478117827855e-05,0.000360190291620718,0.0136076915234724
2.91,2.46788879699755e-05,1.15131140847527e-05,0.000332334730199924,0.0130251301290506
2.92,2.2773052265391e-05,1.06240105415759e-05,0.000306670085889571,0.0124672281247249
2.93,2.10156017120564e-05,9.80413152855573e-06,0.000283003660097963,0.011932944586907
2.94,1.93906945519632e-05,9.04608589217509e-06,0.00026112210089421,0.0114212495961489
2.95,1.78919589107362e-05,8.34690115237066e-06,0.000240939605621592,0.0109312606700486
2.96,1.65108504058591e-05,7.70259089731609e-06,0.000222341103281974,0.0104620983995145
2.97,1.52374525318614e-05,7.10852907730306e-06,0.000205193059661025,0.0100128819529497
2.98,1.4061042216645e-05,6.55971372978957e-06,0.000189351089853681,0.00958273920703089
2.99,1.29759506472192e-05,6.05349994599718e-06,0.00017473884640135,0.00917091173135185
3,1.19756790058119e-05,5.58685597484844e-06,0.000161268815671464,0.00877664938393374
