   95.0999986742407       0.000000000000000E+000
   95.1999986683039       0.000000000000000E+000
   95.2999986623671       0.000000000000000E+000
   95.3999986564303       0.000000000000000E+000
   95.4999986504935       0.000000000000000E+000
   95.5999986445566       0.000000000000000E+000
   95.6999986386198       0.000000000000000E+000
   95.7999986326830       0.000000000000000E+000
   95.8999986267462       0.000000000000000E+000
   95.9999986208094       0.000000000000000E+000
   96.0999986148725       0.000000000000000E+000
   96.1999986089357       0.000000000000000E+000
   96.2999986029989       0.000000000000000E+000
   96.3999985970621       0.000000000000000E+000
   96.4999985911253       0.000000000000000E+000
   96.5999985851885       0.000000000000000E+000
   96.6999985792516       0.000000000000000E+000
   96.7999985733148       0.000000000000000E+000
   96.8999985673780       0.000000000000000E+000
   96.9999985614412       0.000000000000000E+000
   97.0999985555044       0.000000000000000E+000
   97.1999985495676       0.000000000000000E+000
   97.2999985436307       0.000000000000000E+000
   97.3999985376939       0.000000000000000E+000
   97.4999985317571       0.000000000000000E+000
   97.5999985258203       0.000000000000000E+000
   97.6999985198835       0.000000000000000E+000
   97.7999985139466       0.000000000000000E+000
   97.8999985080098       0.000000000000000E+000
   97.9999985020730       0.000000000000000E+000
   98.0999984961362       0.000000000000000E+000
   98.1999984901994       0.000000000000000E+000
   98.2999984842626       0.000000000000000E+000
   98.3999984783257       0.000000000000000E+000
   98.4999984723889       0.000000000000000E+000
   98.5999984664521       0.000000000000000E+000
   98.6999984605153       0.000000000000000E+000
   98.7999984545785       0.000000000000000E+000
   98.8999984486417       0.000000000000000E+000
   98.9999984427048       0.000000000000000E+000
   99.0999984367680       0.000000000000000E+000
   99.1999984308312       0.000000000000000E+000
   99.2999984248944       0.000000000000000E+000
   99.3999984189576       0.000000000000000E+000
   99.4999984130207       0.000000000000000E+000
   99.5999984070839       0.000000000000000E+000
   99.6999984011471       0.000000000000000E+000
   99.7999983952103       0.000000000000000E+000
   99.8999983892735       0.000000000000000E+000
   99.9999983833367       0.000000000000000E+000
   100.099998377400       9.178102739694900E-002
   100.199998371463       9.161057514969415E-002
   100.299998365526       9.144354618348059E-002
   100.399998359589       9.127901470359569E-002
   100.499998353653       9.111637876858254E-002
   100.599998347716       9.095514422798136E-002
   100.699998341779       9.079489846122155E-002
   100.799998335842       9.063530107942080E-002
   100.899998329905       9.047607508664780E-002
   100.999998323968       9.031699491598946E-002
   101.099998318032       9.015787180893443E-002
   101.199998312095       8.999854146102690E-002
   101.299998306158       8.983885630658012E-002
   101.399998300221       8.967868118480854E-002
   101.499998294284       8.951789052329552E-002
   101.599998288348       8.935636614137846E-002
   101.699998282411       8.919399548958146E-002
   101.799998276474       8.903067030308380E-002
   101.899998270537       8.886628561104473E-002
   101.999998264600       8.870073902477149E-002
   102.099998258663       8.853393025032590E-002
   102.199998252727       8.836576080329439E-002
   102.299998246790       8.819613391931790E-002
   102.399998240853       8.802495464142955E-002
   102.499998234916       8.785213002539982E-002
   102.599998228979       8.767756935633188E-002
   102.699998223043       8.750118424822362E-002
   102.799998217106       8.732288853107310E-002
   102.899998211169       8.714259791059630E-002
   102.999998205232       8.696022947065342E-002
   103.099998199295       8.677570113288166E-002
   103.199998193358       8.658893117855045E-002
   103.299998187422       8.639983789445110E-002
   103.399998181485       8.620833935731378E-002
   103.499998175548       8.601435333866948E-002
   103.599998169611       8.581779729798147E-002
   103.699998163674       8.561858843149189E-002
   103.799998157738       8.541664375060143E-002
   103.899998151801       8.521188017178068E-002
   103.999998145864       8.500421460721042E-002
   104.099998139927       8.479356405068986E-002
   104.199998133990       8.457984565681306E-002
   104.299998128054       8.436297681343619E-002
   104.399998122117       8.414287520845976E-002
   104.499998116180       8.391945889233297E-002
   104.599998110243       8.369264633771697E-002
   104.699998104306       8.346235649759930E-002
   104.799998098369       8.322850886294454E-002
   104.899998092433       8.299102352074571E-002
   104.999998086496       8.274982121314602E-002
   105.099998080559       8.250482339813396E-002
   105.199998074622       8.225595231217922E-002
   105.299998068685       8.200313103508232E-002
   105.399998062749       8.174628355721424E-002
   105.499998056812       8.148533484927953E-002
   105.599998050875       8.122021093467978E-002
   105.699998044938       8.095083896452229E-002
   105.799998039001       8.067714729529361E-002
   105.899998033064       8.039906556919378E-002
   105.999998027128       8.011652479710951E-002
   106.099998021191       7.982945744419132E-002
   106.199998015254       7.953779751798254E-002
   106.299998009317       7.924148065903906E-002
   106.399998003380       7.894044423396211E-002
   106.499997997444       7.863462743075979E-002
   106.599997991507       7.832397135643313E-002
   106.699997985570       7.800841913667740E-002
   106.799997979633       7.768791601757204E-002
   106.899997973696       7.736240946912183E-002
   106.999997967759       7.703184929049821E-002
   107.099997961823       7.669618771681296E-002
   107.199997955886       7.635537952725081E-002
   107.299997949949       7.600938215436476E-002
   107.399997944012       7.565815579432578E-002
   107.499997938075       7.530166351791567E-002
   107.599997932139       7.493987138201601E-002
   107.699997926202       7.457274854135389E-002
   107.799997920265       7.420026736023907E-002
   107.899997914328       7.382240352401677E-002
   107.999997908391       7.343913614994708E-002
   108.099997902454       7.305044789721088E-002
   108.199997896518       7.265632507572564E-002
   108.299997890581       7.225675775344732E-002
   108.399997884644       7.185173986182239E-002
   108.499997878707       7.144126929904107E-002
   108.599997872770       7.102534803073754E-002
   108.699997866834       7.060398218777220E-002
   108.799997860897       7.017718216072472E-002
   108.899997854960       6.974496269072143E-002
   108.999997849023       6.930734295621399E-002
   109.099997843086       6.886434665532462E-002
   109.199997837149       6.841600208337052E-002
   109.299997831213       6.796234220518312E-002
   109.399997825276       6.750340472183197E-002
   109.499997819339       6.703923213137562E-002
   109.599997813402       6.656987178325836E-002
   109.699997807465       6.609537592598655E-002
   109.799997801529       6.561580174771857E-002
   109.899997795592       6.513121140942174E-002
   109.999997789655       6.464167207025606E-002
   110.099997783718       6.414725590486278E-002
   110.199997777781       6.364804011225106E-002
   110.299997771844       6.314410691599606E-002
   110.399997765908       6.263554355548220E-002
   110.499997759971       6.212244226794777E-002
   110.599997754034       6.160490026111303E-002
   110.699997748097       6.108301967619918E-002
   110.799997742160       6.055690754117554E-002
   110.899997736224       6.002667571410081E-002
   110.999997730287       5.949244081645784E-002
   111.099997724350       5.895432415641299E-002
   111.199997718413       5.841245164196644E-002
   111.299997712476       5.786695368399481E-002
   111.399997706539       5.731796508922533E-002
   111.499997700603       5.676562494321701E-002
   111.599997694666       5.621007648346195E-002
   111.699997688729       5.565146696276069E-002
   111.799997682792       5.508994750306148E-002
   111.899997676855       5.452567293999338E-002
   111.999997670919       5.395880165836096E-002
   112.099997664982       5.338949541890717E-002
   112.199997659045       5.281791917668655E-002
   112.299997653108       5.224424089142828E-002
   112.399997647171       5.166863133030400E-002
   112.499997641234       5.109126386354707E-002
   112.599997635298       5.051231425340436E-002
   112.699997629361       4.993196043692981E-002
   112.799997623424       4.935038230315819E-002
   112.899997617487       4.876776146522327E-002
   112.999997611550       4.818428102800764E-002
   113.099997605614       4.760012535193210E-002
   113.199997599677       4.701547981351240E-002
   113.299997593740       4.643053056332337E-002
   113.399997587803       4.584546428202590E-002
   113.499997581866       4.526046793511891E-002
   113.599997575929       4.467572852708726E-002
   113.699997569993       4.409143285561651E-002
   113.799997564056       4.350776726654790E-002
   113.899997558119       4.292491741024169E-002
   113.999997552182       4.234306800001202E-002
   114.099997546245       4.176240257328504E-002
   114.199997540309       4.118310325612128E-002
   114.299997534372       4.060535053172611E-002
   114.399997528435       4.002932301355441E-002
   114.499997522498       3.945519722359409E-002
   114.599997516561       3.888314737638983E-002
   114.699997510624       3.831334516934216E-002
   114.799997504688       3.774595957978786E-002
   114.899997498751       3.718115666933852E-002
   114.999997492814       3.661909939592209E-002
   115.099997486877       3.605994743393606E-002
   115.199997480940       3.550385700289025E-002
   115.299997475004       3.495098070487609E-002
   115.399997469067       3.440146737116585E-002
   115.499997463130       3.385546191820561E-002
   115.599997457193       3.331310521322754E-002
   115.699997451256       3.277453394966989E-002
   115.799997445319       3.223988053255262E-002
   115.899997439383       3.170927297392000E-002
   115.999997433446       3.118283479842315E-002
   116.099997427509       3.066068495907770E-002
   116.199997421572       3.014293776319669E-002
   116.299997415635       2.962970280846185E-002
   116.399997409699       2.912108492906374E-002
   116.499997403762       2.861718415180758E-002
   116.599997397825       2.811809566204991E-002
   116.699997391888       2.762390977930241E-002
   116.799997385951       2.713471194231012E-002
   116.899997380014       2.665058270338547E-002
   116.999997374078       2.617159773175498E-002
   117.099997368141       2.569782782565272E-002
   117.199997362204       2.522933893287424E-002
   117.299997356267       2.476619217948617E-002
   117.399997350330       2.430844390636967E-002
   117.499997344394       2.385614571326042E-002
   117.599997338457       2.340934450994482E-002
   117.699997332520       2.296808257423196E-002
   117.799997326583       2.253239761636178E-002
   117.899997320646       2.210232284945332E-002
   117.999997314709       2.167788706562221E-002
   118.099997308773       2.125911471738311E-002
   118.199997302836       2.084602600395302E-002
   118.299997296899       2.043863696207161E-002
   118.399997290962       2.003695956095636E-002
   118.499997285025       1.964100180101361E-002
   118.599997279089       1.925076781593120E-002
   118.699997273152       1.886625797778407E-002
   118.799997267215       1.848746900479173E-002
   118.899997261278       1.811439407137369E-002
   118.999997255341       1.774702292015901E-002
   119.099997249404       1.738534197561543E-002
   119.199997243468       1.702933445897446E-002
   119.299997237531       1.667898050414010E-002
   119.399997231594       1.633425727428125E-002
   119.499997225657       1.599513907881961E-002
   119.599997219720       1.566159749053862E-002
   119.699997213784       1.533360146255137E-002
   119.799997207847       1.501111744487960E-002
   119.899997201910       1.469410950040886E-002
   119.999997195973       1.438253941999928E-002
   120.099997190036       1.411483084447331E-002
   120.199997184100       1.384647321793999E-002
   120.299997178163       1.357871391967547E-002
   120.399997172226       1.331214779393431E-002
   120.499997166289       1.304725665382636E-002
   120.599997160352       1.278443444993885E-002
   120.699997154415       1.252400483460698E-002
   120.799997148479       1.226623482700863E-002
   120.899997142542       1.201134567528451E-002
   120.999997136605       1.175952175497839E-002
   121.099997130668       1.151091797172753E-002
   121.199997124731       1.126566507574110E-002
   121.299997118795       1.102387204560875E-002
   121.399997112858       1.078562809005020E-002
   121.499997106921       1.055100677546087E-002
   121.599997100984       1.032007016379356E-002
   121.699997095047       1.009287118993218E-002
   121.799997089110       9.869454616946299E-003
   121.899997083174       9.649857270677679E-003
   121.999997077237       9.434108005599550E-003
   122.099997071300       9.222227633924685E-003
   122.199997065363       9.014228910837462E-003
   122.299997059426       8.810116612376335E-003
   122.399997053490       8.609887729089306E-003
   122.499997047553       8.413531787793038E-003
   122.599997041616       8.221031297006702E-003
   122.699997035679       8.032362295500556E-003
   122.799997029742       7.847494973296548E-003
   122.899997023805       7.666394331381317E-003
   122.999997017869       7.489020848788519E-003
   123.099997011932       7.315331131323008E-003
   123.199997005995       7.145278523051052E-003
   123.299997000058       6.978813668378719E-003
   123.399996994121       6.815885018299846E-003
   123.499996988185       6.656439278891662E-003
   123.599996982248       6.500421803363771E-003
   123.699996976311       6.347776931074017E-003
   123.799996970374       6.198448278139455E-003
   123.899996964437       6.052378984820003E-003
   123.999996958500       5.909511924938838E-003
   124.099996952564       5.769789882391196E-003
   124.199996946627       5.633155699405696E-003
   124.299996940690       5.499552400747602E-003
   124.399996934753       5.368923297551086E-003
   124.499996928816       5.241212073976568E-003
   124.599996922880       5.116362859430278E-003
   124.699996916943       4.994320288669533E-003
   124.799996911006       4.875029551751561E-003
   124.899996905069       4.758436435467043E-003
   124.999996899132       4.644487357628044E-003
   125.099996893195       4.533129395350401E-003
   125.199996887259       4.424310308277186E-003
   125.299996881322       4.317978557528477E-003
   125.399996875385       4.214083321028523E-003
   125.499996869448       4.112574505749927E-003
   125.599996863511       4.013402757324225E-003
   125.699996857575       3.916519467388341E-003
   125.799996851638       3.821876778981406E-003
   125.899996845701       3.729427590248200E-003
   125.999996839764       3.639125556667864E-003
   126.099996833827       3.550925091990779E-003
   126.199996827890       3.464781368038387E-003
   126.299996821954       3.380650313497564E-003
   126.399996816017       3.298488611822139E-003
   126.499996810080       3.218253698338317E-003
   126.599996804143       3.139903756637898E-003
   126.699996798206       3.063397714332341E-003
   126.799996792270       2.988695238231881E-003
   126.899996786333       2.915756729006363E-003
   126.999996780396       2.844543315378318E-003
   127.099996774459       2.775016847893431E-003
   127.199996768522       2.707139892309224E-003
   127.299996762585       2.640875722638871E-003
   127.399996756649       2.576188313883873E-003
   127.499996750712       2.513042334486436E-003
   127.599996744775       2.451403138530019E-003
   127.699996738838       2.391236757714261E-003
   127.799996732901       2.332509893128669E-003
   127.899996726965       2.275189906847661E-003
   127.999996721028       2.219244813368094E-003
   128.099996715091       2.164643270908949E-003
   128.199996709154       2.111354572591627E-003
   128.299996703217       2.059348637518049E-003
   128.399996697280       2.008596001762832E-003
   128.499996691344       1.959067809294626E-003
   128.599996685407       1.910735802840901E-003
   128.699996679470       1.863572314709503E-003
   128.799996673533       1.817550257579547E-003
   128.899996667596       1.772643115273401E-003
   128.999996661660       1.728824933520687E-003
   129.099996655723       1.686070310724908E-003
   129.199996649786       1.644354388742021E-003
   129.299996643849       1.603652843679558E-003
   129.399996637912       1.563941876727068E-003
   129.499996631975       1.525198205022056E-003
   129.599996626039       1.487399052561800E-003
   129.699996620102       1.450522141166556E-003
   129.799996614165       1.414545681500797E-003
   129.899996608228       1.379448364158278E-003
   129.999996602291       1.345209350816459E-003
   130.099996596355       1.311808265465224E-003
   130.199996590418       1.279225185714566E-003
   130.299996584481       1.247440634185484E-003
   130.399996578544       1.216435569987943E-003
   130.499996572607       1.186191380289478E-003
   130.599996566670       1.156689871977603E-003
   130.699996560734       1.127913263418992E-003
   130.799996554797       1.099844176318007E-003
   130.899996548860       1.072465627676909E-003
   130.999996542923       1.045761021859864E-003
   131.099996536986       1.019714142762525E-003
   131.199996531050       9.943091460888147E-004
   131.299996525113       9.695305517362767E-004
   131.399996519176       9.453632362911366E-004
   131.499996513239       9.217924256340722E-004
   131.599996507302       8.988036876574448E-004
   131.699996501365       8.763829250946174E-004
   131.799996495429       8.545163684617919E-004
   131.899996489492       8.331905691126585E-004
   131.999996483555       8.123923924059985E-004
   132.099996477618       7.921090109862557E-004
   132.199996471681       7.723278981769506E-004
   132.299996465745       7.530368214867446E-004
   132.399996459808       7.342238362277110E-004
   132.499996453871       7.158772792454779E-004
   132.599996447934       6.979857627606404E-004
   132.699996441997       6.805381683208298E-004
   132.799996436060       6.635236408627175E-004
   132.899996430124       6.469315828831733E-004
   132.999996424187       6.307516487187301E-004
   133.099996418250       6.149737389324090E-004
   133.199996412313       5.995879948069611E-004
   133.299996406376       5.845847929434528E-004
   133.399996400440       5.699547399641496E-004
   133.499996394503       5.556886673185415E-004
   133.599996388566       5.417776261913646E-004
   133.699996382629       5.282128825114028E-004
   133.799996376692       5.149859120598350E-004
   133.899996370756       5.020883956768711E-004
   133.999996364819       4.895122145653753E-004
   134.099996358882       4.772494456901724E-004
   134.199996352945       4.652923572716964E-004
   134.299996347008       4.536334043726430E-004
   134.399996341071       4.422652245762562E-004
   134.499996335135       4.311806337548714E-004
   134.599996329198       4.203726219273383E-004
   134.699996323261       4.098343492039342E-004
   134.799996317324       3.995591418173616E-004
   134.899996311387       3.895404882384455E-004
   134.999996305451       3.797720353751218E-004
   135.099996299514       3.702475848533189E-004
   135.199996293577       3.609610893783383E-004
   135.299996287640       3.519066491753414E-004
   135.399996281703       3.430785085075540E-004
   135.499996275766       3.344710522708001E-004
   135.599996269830       3.260788026630018E-004
   135.699996263893       3.178964159272657E-004
   135.799996257956       3.099186791672179E-004
   135.899996252019       3.021405072332181E-004
   135.999996246082       2.945569396781360E-004
   136.099996240146       2.871631377813616E-004
   136.199996234209       2.799543816397378E-004
   136.299996228272       2.729260673241163E-004
   136.399996222335       2.660737041002626E-004
   136.499996216398       2.593929117128336E-004
   136.599996210461       2.528794177311792E-004
   136.699996204525       2.465290549557298E-004
   136.799996198588       2.403377588837406E-004
   136.899996192651       2.343015652332070E-004
   136.999996186714       2.284166075237323E-004
   137.099996180777       2.226791147132015E-004
   137.199996174841       2.170854088890926E-004
   137.299996168904       2.116319030132852E-004
   137.399996162967       2.063150987192578E-004
   137.499996157030       2.011315841605484E-004
   137.599996151093       1.960780319094184E-004
   137.699996145156       1.911511969046223E-004
   137.799996139220       1.863479144472577E-004
   137.899996133283       1.816650982436418E-004
   137.999996127346       1.770997384942081E-004
   138.099996121409       1.726489000274208E-004
   138.199996115472       1.683097204777275E-004
   138.299996109536       1.640794085065787E-004
   138.399996103599       1.599552420655817E-004
   138.499996097662       1.559345667008370E-004
   138.599996091725       1.520147938975678E-004
   138.699996085788       1.481933994641302E-004
   138.799996079851       1.444679219545286E-004
   138.899996073915       1.408359611285842E-004
   138.999996067978       1.372951764488893E-004
   139.099996062041       1.338432856137411E-004
   139.199996056104       1.304780631252255E-004
   139.299996050167       1.271973388916591E-004
   139.399996044231       1.239989968636088E-004
   139.499996038294       1.208809737027177E-004
   139.599996032357       1.178412574825987E-004
   139.699996026420       1.148778864210391E-004
   139.799996020483       1.119889476428186E-004
   139.899996014546       1.091725759724207E-004
   139.999996008610       1.064269527559547E-004
   140.099996002673       1.037503047115967E-004
   140.199995996736       1.011409028079128E-004
   140.299995990799       9.859706116939143E-005
   140.399995984862       9.611713600855769E-005
   140.499995978926       9.369952458405916E-005
   140.599995972989       9.134266418409926E-005
   140.699995967052       8.904503113463069E-005
   140.799995961115       8.680513983172700E-005
   140.899995955178       8.462154179756242E-005
   140.999995949241       8.249282475944280E-005
   141.099995943305       8.041761175134150E-005
   141.199995937368       7.839456023740343E-005
   141.299995931431       7.642236125691077E-005
   141.399995925494       7.449973859018189E-005
   141.499995919557       7.262544794491627E-005
   141.599995913621       7.079827616249913E-005
   141.699995907684       6.901704044378029E-005
   141.799995901747       6.728058759387348E-005
   141.899995895810       6.558779328551152E-005
   141.999995889873       6.393756134051726E-005
   142.099995883936       6.232882302895353E-005
   142.199995878000       6.076053638553279E-005
   142.299995872063       5.923168554286002E-005
   142.399995866126       5.774128008111341E-005
   142.499995860189       5.628835439376666E-005
   142.599995854252       5.487196706895611E-005
   142.699995848316       5.349120028612373E-005
   142.799995842379       5.214515922756286E-005
   142.899995836442       5.083297150450642E-005
   142.999995830505       4.955378659740483E-005
   143.099995824568       4.830677531004886E-005
   143.199995818631       4.709112923719964E-005
   143.299995812695       4.590606024540380E-005
   143.399995806758       4.475079996666355E-005
   143.499995800821       4.362459930465203E-005
   143.599995794884       4.252672795317885E-005
   143.699995788947       4.145647392658355E-005
   143.799995783011       4.041314310178974E-005
   143.899995777074       3.939605877172131E-005
   143.999995771137       3.840456120980624E-005
   144.099995765200       3.743800724529216E-005
   144.199995759263       3.649576984912377E-005
   144.299995753326       3.557723773010033E-005
   144.399995747390       3.468181494108206E-005
   144.499995741453       3.380892049498357E-005
   144.599995735516       3.295798799032895E-005
   144.699995729579       3.212846524611364E-005
   144.799995723642       3.131981394576515E-005
   144.899995717706       3.053150928996419E-005
   144.999995711769       2.976303965811304E-005
   145.099995705832       2.901390627823886E-005
   145.199995699895       2.828362290512491E-005
   145.299995693958       2.757171550646131E-005
   145.399995688021       2.687772195682183E-005
   145.499995682085       2.620119173927515E-005
   145.599995676148       2.554168565443743E-005
   145.699995670211       2.489877553678395E-005
   145.799995664274       2.427204397804200E-005
   145.899995658337       2.366108405749009E-005
   145.999995652401       2.306549907898433E-005
   146.099995646464       2.248490231456102E-005
   146.199995640527       2.191891675444017E-005
   146.299995634590       2.136717486326817E-005
   146.399995628653       2.082931834246377E-005
   146.499995622716       2.030499789849510E-005
   146.599995616780       1.979387301695040E-005
   146.699995610843       1.929561174225987E-005
   146.799995604906       1.880989046292497E-005
   146.899995598969       1.833639370211948E-005
   146.999995593032       1.787481391352554E-005
   147.099995587096       1.742485128228466E-005
   147.199995581159       1.698621353092456E-005
   147.299995575222       1.655861573014128E-005
   147.399995569285       1.614178011432412E-005
   147.499995563348       1.573543590169320E-005
   147.599995557411       1.533931911894209E-005
   147.699995551475       1.495317243027509E-005
   147.799995545538       1.457674497071848E-005
   147.899995539601       1.420979218361617E-005
   147.999995533664       1.385207566219222E-005
   148.099995527727       1.350336299508041E-005
   148.199995521791       1.316342761572600E-005
   148.299995515854       1.283204865556898E-005
   148.399995509917       1.250901080089440E-005
   148.499995503980       1.219410415328192E-005
   148.599995498043       1.188712409354648E-005
   148.699995492106       1.158787114909643E-005
   148.799995486170       1.129615086461051E-005
   148.899995480233       1.101177367596714E-005
   148.999995474296       1.073455478732621E-005
   149.099995468359       1.046431405130102E-005
   149.199995462422       1.020087585213099E-005
   149.299995456486       9.944068991790493E-006
   149.399995450549       9.693726578948784E-006
   149.499995444612       9.449685920723656E-006
   149.599995438675       9.211788417145294E-006
   149.699995432738       8.979879458270218E-006
   149.799995426802       8.753808323879034E-006
   149.899995420865       8.533428085692575E-006
   149.999995414928       8.318595512036111E-006
