   95.0999986742407        13760.1895873484     
   95.1999986683039        13760.1895873227     
   95.2999986623671        13760.1895872970     
   95.3999986564303        13760.1895872713     
   95.4999986504935        13760.1895872456     
   95.5999986445566        13760.1895872199     
   95.6999986386198        13760.1895871942     
   95.7999986326830        13760.1895871685     
   95.8999986267462        13760.1895871428     
   95.9999986208094        13760.1895871171     
   96.0999986148725        13760.1895870914     
   96.1999986089357        13760.1895870657     
   96.2999986029989        13760.1895870400     
   96.3999985970621        13760.1895870143     
   96.4999985911253        13760.1895869886     
   96.5999985851885        13760.1895869628     
   96.6999985792516        13760.1895869371     
   96.7999985733148        13760.1895869114     
   96.8999985673780        13760.1895868857     
   96.9999985614412        13760.1895868600     
   97.0999985555044        13760.1895868342     
   97.1999985495676        13760.1895868085     
   97.2999985436307        13760.1895867828     
   97.3999985376939        13760.1895867571     
   97.4999985317571        13760.1895867313     
   97.5999985258203        13760.1895867056     
   97.6999985198835        13760.1895866799     
   97.7999985139466        13760.1895866541     
   97.8999985080098        13760.1895866284     
   97.9999985020730        13760.1895866027     
   98.0999984961362        13760.1895865769     
   98.1999984901994        13760.1895865512     
   98.2999984842626        13760.1895865254     
   98.3999984783257        13760.1895864997     
   98.4999984723889        13760.1895864739     
   98.5999984664521        13760.1895864482     
   98.6999984605153        13760.1895864224     
   98.7999984545785        13760.1895863967     
   98.8999984486417        13760.1895863709     
   98.9999984427048        13760.1895863452     
   99.0999984367680        13760.1895863194     
   99.1999984308312        13760.1895862937     
   99.2999984248944        13760.1895862679     
   99.3999984189576        13760.1895862421     
   99.4999984130207        13760.1895862164     
   99.5999984070839        13760.1895861906     
   99.6999984011471        13760.1895861648     
   99.7999983952103        13760.1895861391     
   99.8999983892735        13760.1895861133     
   99.9999983833367        13760.1895860875     
   100.099998377400        14083.9475193616     
   100.199998371463        14350.2470962644     
   100.299998365526        14572.0489816313     
   100.399998359589        14757.4700980378     
   100.499998353653        14912.9524617016     
   100.599998347716        15043.6848605700     
   100.699998341779        15153.8960073509     
   100.799998335842        15247.0699268099     
   100.899998329905        15326.1032601968     
   100.999998323968        15393.4115616784     
   101.099998318032        15450.9857821768     
   101.199998312095        15500.4107430471     
   101.299998306158        15542.8826173316     
   101.399998300221        15579.2673911073     
   101.499998294284        15610.2032427480     
   101.599998288348        15636.2085637599     
   101.699998282411        15657.7586080810     
   101.799998276474        15675.3214000207     
   101.899998270537        15689.3637848595     
   101.999998264600        15700.3426944131     
   102.099998258663        15708.6925287855     
   102.199998252727        15714.8142940605     
   102.299998246790        15719.0684970592     
   102.399998240853        15721.7718942991     
   102.499998234916        15723.1974135962     
   102.599998228979        15723.5763607025     
   102.699998223043        15723.1020647349     
   102.799998217106        15721.9342553330     
   102.899998211169        15720.2036376010     
   102.999998205232        15718.0163030505     
   103.099998199295        15715.4577632491     
   103.199998193358        15712.5965060752     
   103.299998187422        15709.4870512281     
   103.399998181485        15706.1725278200     
   103.499998175548        15702.6868205919     
   103.599998169611        15699.0563403939     
   103.699998163674        15695.3014750041     
   103.799998157738        15691.4377722901     
   103.899998151801        15687.4769016463     
   103.999998145864        15683.4274331171     
   104.099998139927        15679.2954673628     
   104.199998133990        15675.0851440214     
   104.299998128054        15670.7990511718     
   104.399998122117        15666.4385545143     
   104.499998116180        15662.0040614657     
   104.599998110243        15657.4952325573     
   104.699998104306        15652.9111502292     
   104.799998098369        15648.2504532417     
   104.899998092433        15643.5114433491     
   104.999998086496        15638.6921696840     
   105.099998080559        15633.7904952738     
   105.199998074622        15628.8041492858     
   105.299998068685        15623.7307679370     
   105.399998062749        15618.5679264595     
   105.499998056812        15613.3131640680     
   105.599998050875        15607.9640035244     
   105.699998044938        15602.5179665882     
   105.799998039001        15596.9725864030     
   105.899998033064        15591.3254176670     
   105.999998027128        15585.5740452596     
   106.099998021191        15579.7160918570     
   106.199998015254        15573.7492249463     
   106.299998009317        15567.6711635369     
   106.399998003380        15561.4796847787     
   106.499997997444        15555.1726306174     
   106.599997991507        15548.7479145460     
   106.699997985570        15542.2035284534     
   106.799997979633        15535.5375495294     
   106.899997973696        15528.7481471335     
   106.999997967759        15521.8335895292     
   107.099997961823        15514.7922503495     
   107.199997955886        15507.6226146638     
   107.299997949949        15500.3232845199     
   107.399997944012        15492.8929838363     
   107.499997938075        15485.3305625531     
   107.599997932139        15477.6349999522     
   107.699997926202        15469.8054071601     
   107.799997920265        15461.8410286779     
   107.899997914328        15453.7412431183     
   107.999997908391        15445.5055630718     
   108.099997902454        15437.1336342208     
   108.199997896518        15428.6252337699     
   108.299997890581        15419.9802682843     
   108.399997884644        15411.1987710656     
   108.499997878707        15402.2808991898     
   108.599997872770        15393.2269303211     
   108.699997866834        15384.0372593497     
   108.799997860897        15374.7123950773     
   108.899997854960        15365.2529569496     
   108.999997849023        15355.6596719580     
   109.099997843086        15345.9333717672     
   109.199997837149        15336.0749901185     
   109.299997831213        15326.0855605449     
   109.399997825276        15315.9662144185     
   109.499997819339        15305.7181793409     
   109.599997813402        15295.3427778670     
   109.699997807465        15284.8414265509     
   109.799997801529        15274.2156352886     
   109.899997795592        15263.4670069260     
   109.999997789655        15252.5972370992     
   110.099997783718        15241.6081142614     
   110.199997777781        15230.5015198620     
   110.299997771844        15219.2794286274     
   110.399997765908        15207.9439089070     
   110.499997759971        15196.4971230357     
   110.599997754034        15184.9413276797     
   110.699997748097        15173.2788741218     
   110.799997742160        15161.5122084544     
   110.899997736224        15149.6438716477     
   110.999997730287        15137.6764994613     
   111.099997724350        15125.6128221799     
   111.199997718413        15113.4556641436     
   111.299997712476        15101.2079430603     
   111.399997706539        15088.8726690800     
   111.499997700603        15076.4529436216     
   111.599997694666        15063.9519579427     
   111.699997688729        15051.3729914427     
   111.799997682792        15038.7194096990     
   111.899997676855        15025.9946622326     
   111.999997670919        15013.2022800039     
   112.099997664982        15000.3458726424     
   112.199997659045        14987.4291254140     
   112.299997653108        14974.4557959339     
   112.399997647171        14961.4297106298     
   112.499997641234        14948.3547609705     
   112.599997635298        14935.2348994645     
   112.699997629361        14922.0741354451     
   112.799997623424        14908.8765306529     
   112.899997617487        14895.6461946310     
   112.999997611550        14882.3872799464     
   113.099997605614        14869.1039772534     
   113.199997599677        14855.8005102167     
   113.299997593740        14842.4811303082     
   113.399997587803        14829.1501114976     
   113.499997581866        14815.8117448504     
   113.599997575929        14802.4703330527     
   113.699997569993        14789.1301848921     
   113.799997564056        14775.7956096771     
   113.899997558119        14762.4709116616     
   113.999997552182        14749.1603844550     
   114.099997546245        14735.8683054512     
   114.199997540309        14722.5989302895     
   114.299997534372        14709.3564873666     
   114.399997528435        14696.1451724142     
   114.499997522498        14682.9691431593     
   114.599997516561        14669.8325140822     
   114.699997510624        14656.7393512872     
   114.799997504688        14643.6936675008     
   114.899997498751        14630.6994172099     
   114.999997492814        14617.7604919545     
   115.099997486877        14604.8807157840     
   115.199997480940        14592.0638408907     
   115.299997475004        14579.3135434317     
   115.399997469067        14566.6334195432     
   115.499997463130        14554.0269815642     
   115.599997457193        14541.4976544685     
   115.699997451256        14529.0487725167     
   115.799997445319        14516.6835761334     
   115.899997439383        14504.4052090118     
   115.999997433446        14492.2167154529     
   116.099997427509        14480.1210379391     
   116.199997421572        14468.1210149450     
   116.299997415635        14456.2193789869     
   116.399997409699        14444.4187549111     
   116.499997403762        14432.7216584193     
   116.599997397825        14421.1304948296     
   116.699997391888        14409.6475580709     
   116.799997385951        14398.2750299105     
   116.899997380014        14387.0149794025     
   116.999997374078        14375.8693625646     
   117.099997368141        14364.8400222644     
   117.199997362204        14353.9286883236     
   117.299997356267        14343.1369778219     
   117.399997350330        14332.4663956000     
   117.499997344394        14321.9183349528     
   117.599997338457        14311.4940785067     
   117.699997332520        14301.1947992690     
   117.799997326583        14291.0215618480     
   117.899997320646        14280.9753238242     
   117.999997314709        14271.0569372778     
   118.099997308773        14261.2671504545     
   118.199997302836        14251.6066095553     
   118.299997296899        14242.0758606652     
   118.399997290962        14232.6753517741     
   118.499997285025        14223.4054349208     
   118.599997279089        14214.2663684101     
   118.699997273152        14205.2583191611     
   118.799997267215        14196.3813650608     
   118.899997261278        14187.6354974575     
   118.999997255341        14179.0206236566     
   119.099997249404        14170.5365695098     
   119.199997243468        14162.1830820608     
   119.299997237531        14153.9598321529     
   119.399997231594        14145.8664171360     
   119.499997225657        14137.9023635707     
   119.599997219720        14130.0671299439     
   119.699997213784        14122.3601093890     
   119.799997207847        14114.7806324205     
   119.899997201910        14107.3279696496     
   119.999997195973        14100.0013344986     
   120.099997190036        14092.7998858923     
   120.199997184100        14085.7227309325     
   120.299997178163        14078.7689275439     
   120.399997172226        14071.9374870903     
   120.499997166289        14065.2273769582     
   120.599997160352        14058.6375230956     
   120.699997154415        14052.1668125167     
   120.799997148479        14045.8140957548     
   120.899997142542        14039.5781892717     
   120.999997136605        14033.4578778130     
   121.099997130668        14027.4519167116     
   121.199997124731        14021.5590341387     
   121.299997118795        14015.7779332921     
   121.399997112858        14010.1072945310     
   121.499997106921        14004.5457774493     
   121.599997100984        13999.0920228883     
   121.699997095047        13993.7446548873     
   121.799997089110        13988.5022825723     
   121.899997083174        13983.3635019814     
   121.999997077237        13978.3268978287     
   122.099997071300        13973.3910452029     
   122.199997065363        13968.5545112049     
   122.299997059426        13963.8158565208     
   122.399997053490        13959.1736369338     
   122.499997047553        13954.6264047740     
   122.599997041616        13950.1727103059     
   122.699997035679        13945.8111030562     
   122.799997029742        13941.5401330820     
   122.899997023805        13937.3583521792     
   122.999997017869        13933.2643150336     
   123.099997011932        13929.2565803164     
   123.199997005995        13925.3337117207     
   123.299997000058        13921.4942789474     
   123.399996994121        13917.7368586356     
   123.499996988185        13914.0600352426     
   123.599996982248        13910.4624018712     
   123.699996976311        13906.9425610492     
   123.799996970374        13903.4991254620     
   123.899996964437        13900.1307186369     
   123.999996958500        13896.8359755834     
   124.099996952564        13893.6135433892     
   124.199996946627        13890.4620817747     
   124.299996940690        13887.3802636066     
   124.399996934753        13884.3667753727     
   124.499996928816        13881.4203176172     
   124.599996922880        13878.5396053410     
   124.699996916943        13875.7233683667     
   124.799996911006        13872.9703516689     
   124.899996905069        13870.2793156731     
   124.999996899132        13867.6490365236     
   125.099996893195        13865.0783063212     
   125.199996887259        13862.5659333326     
   125.299996881322        13860.1107421722     
   125.399996875385        13857.7115739582     
   125.499996869448        13855.3672864472     
   125.599996863511        13853.0767541370     
   125.699996857575        13850.8388683576     
   125.799996851638        13848.6525373313     
   125.899996845701        13846.5166862209     
   125.999996839764        13844.4302571503     
   126.099996833827        13842.3922092172     
   126.199996827890        13840.4015184771     
   126.299996821954        13838.4571779210     
   126.399996816017        13836.5581974335     
   126.499996810080        13834.7036037362     
   126.599996804143        13832.8924403181     
   126.699996798206        13831.1237673553     
   126.799996792270        13829.3966616164     
   126.899996786333        13827.7102163591     
   126.999996780396        13826.0635412138     
   127.099996774459        13824.4557620603     
   127.199996768522        13822.8860208941     
   127.299996762585        13821.3534756848     
   127.399996756649        13819.8573002277     
   127.499996750712        13818.3966839869     
   127.599996744775        13816.9708319337     
   127.699996738838        13815.5789643778     
   127.799996732901        13814.2203167944     
   127.899996726965        13812.8941396427     
   127.999996721028        13811.5996981888     
   128.099996715091        13810.3362723152     
   128.199996709154        13809.1031563286     
   128.299996703217        13807.8996587743     
   128.399996697280        13806.7251022311     
   128.499996691344        13805.5788231218     
   128.599996685407        13804.4601715058     
   128.699996679470        13803.3685108852     
   128.799996673533        13802.3032179927     
   128.899996667596        13801.2636825991     
   128.999996661660        13800.2493072969     
   129.099996655723        13799.2595073042     
   129.199996649786        13798.2937102580     
   129.299996643849        13797.3513560040     
   129.399996637912        13796.4318963961     
   129.499996631975        13795.5347950943     
   129.599996626039        13794.6595273565     
   129.699996620102        13793.8055798366     
   129.799996614165        13792.9724503832     
   129.899996608228        13792.1596478398     
   129.999996602291        13791.3666918444     
   130.099996596355        13790.5931126326     
   130.199996590418        13789.8384508400     
   130.299996584481        13789.1022573079     
   130.399996578544        13788.3840928909     
   130.499996572607        13787.6835282650     
   130.599996566670        13787.0001437393     
   130.699996560734        13786.3335290686     
   130.799996554797        13785.6832832681     
   130.899996548860        13785.0490144315     
   130.999996542923        13784.4303395504     
   131.099996536986        13783.8268843362     
   131.199996531050        13783.2382830442     
   131.299996525113        13782.6641783000     
   131.399996519176        13782.1042209261     
   131.499996513239        13781.5580697746     
   131.599996507302        13781.0253915665     
   131.699996501365        13780.5058607235     
   131.799996495429        13779.9991592032     
   131.899996489492        13779.5049763406     
   131.999996483555        13779.0230087063     
   132.099996477618        13778.5529599371     
   132.199996471681        13778.0945405811     
   132.299996465745        13777.6474679734     
   132.399996459808        13777.2114660674     
   132.499996453871        13776.7862652910     
   132.599996447934        13776.3716024323     
   132.699996441997        13775.9672204604     
   132.799996436060        13775.5728684286     
   132.899996430124        13775.1883013165     
   132.999996424187        13774.8132799016     
   133.099996418250        13774.4475706489     
   133.199996412313        13774.0909455507     
   133.299996406376        13773.7431820478     
   133.399996400440        13773.4040628563     
   133.499996394503        13773.0733759037     
   133.599996388566        13772.7509141569     
   133.699996382629        13772.4364755593     
   133.799996376692        13772.1298628753     
   133.899996370756        13771.8308836097     
   133.999996364819        13771.5393498916     
   134.099996358882        13771.2550783490     
   134.199996352945        13770.9778900546     
   134.299996347008        13770.7076103560     
   134.399996341071        13770.4440688456     
   134.499996335135        13770.1870992180     
   134.599996329198        13769.9365391739     
   134.699996323261        13769.6922303756     
   134.799996317324        13769.4540182910     
   134.899996311387        13769.2217521416     
   134.999996305451        13768.9952848280     
   135.099996299514        13768.7744727983     
   135.199996293577        13768.5591759989     
   135.299996287640        13768.3492578040     
   135.399996281703        13768.1445848943     
   135.499996275766        13767.9450271948     
   135.599996269830        13767.7504578367     
   135.699996263893        13767.5607530292     
   135.799996257956        13767.3757919925     
   135.899996252019        13767.1954569262     
   135.999996246082        13767.0196329125     
   136.099996240146        13766.8482078376     
   136.199996234209        13766.6810723232     
   136.299996228272        13766.5181197046     
   136.399996222335        13766.3592459263     
   136.499996216398        13766.2043494824     
   136.599996210461        13766.0533313495     
   136.699996204525        13765.9060949615     
   136.799996198588        13765.7625461315     
   136.899996192651        13765.6225929823     
   136.999996186714        13765.4861458979     
   137.099996180777        13765.3531174610     
   137.199996174841        13765.2234224402     
   137.299996168904        13765.0969776980     
   137.399996162967        13764.9737021450     
   137.499996157030        13764.8535166948     
   137.599996151093        13764.7363442064     
   137.699996145156        13764.6221094610     
   137.799996139220        13764.5107391116     
   137.899996133283        13764.4021616138     
   137.999996127346        13764.2963071961     
   138.099996121409        13764.1931078155     
   138.199996115472        13764.0924971080     
   138.299996109536        13763.9944103611     
   138.399996103599        13763.8987844877     
   138.499996097662        13763.8055579505     
   138.599996091725        13763.7146707409     
   138.699996085788        13763.6260643407     
   138.799996079851        13763.5396816866     
   138.899996073915        13763.4554671286     
   138.999996067978        13763.3733663966     
   139.099996062041        13763.2933265954     
   139.199996056104        13763.2152961345     
   139.299996050167        13763.1392247041     
   139.399996044231        13763.0650632475     
   139.499996038294        13762.9927639304     
   139.599996032357        13762.9222801100     
   139.699996026420        13762.8535663064     
   139.799996020483        13762.7865781681     
   139.899996014546        13762.7212724471     
   139.999996008610        13762.6576069975     
   140.099996002673        13762.5955407122     
   140.199995996736        13762.5350335077     
   140.299995990799        13762.4760463014     
   140.399995984862        13762.4185409856     
   140.499995978926        13762.3624804058     
   140.599995972989        13762.3078283344     
   140.699995967052        13762.2545494498     
   140.799995961115        13762.2026093126     
   140.899995955178        13762.1519743427     
   140.999995949241        13762.1026117925     
   141.099995943305        13762.0544897439     
   141.199995937368        13762.0075770866     
   141.299995931431        13761.9618434772     
   141.399995925494        13761.9172593305     
   141.499995919557        13761.8737958012     
   141.599995913621        13761.8314247672     
   141.699995907684        13761.7901188093     
   141.799995901747        13761.7498511945     
   141.899995895810        13761.7105958594     
   141.999995889873        13761.6723273938     
   142.099995883936        13761.6350210222     
   142.199995878000        13761.5986525918     
   142.299995872063        13761.5631985526     
   142.399995866126        13761.5286359450     
   142.499995860189        13761.4949423838     
   142.599995854252        13761.4620960406     
   142.699995848316        13761.4300756359     
   142.799995842379        13761.3988604363     
   142.899995836442        13761.3684302221     
   142.999995830505        13761.3387652760     
   143.099995824568        13761.3098463750     
   143.199995818631        13761.2816547782     
   143.299995812695        13761.2541722157     
   143.399995806758        13761.2273808726     
   143.499995800821        13761.2012633852     
   143.599995794884        13761.1758028198     
   143.699995788947        13761.1509826739     
   143.799995783011        13761.1267868536     
   143.899995777074        13761.1031996699     
   143.999995771137        13761.0802058281     
   144.099995765200        13761.0577904181     
   144.199995759263        13761.0359389022     
   144.299995753326        13761.0146371085     
   144.399995747390        13760.9938712194     
   144.499995741453        13760.9736277658     
   144.599995735516        13760.9538936150     
   144.699995729579        13760.9346559643     
   144.799995723642        13760.9159023317     
   144.899995717706        13760.8976205504     
   144.999995711769        13760.8797987591     
   145.099995705832        13760.8624253900     
   145.199995699895        13760.8454891698     
   145.299995693958        13760.8289791058     
   145.399995688021        13760.8128844776     
   145.499995682085        13760.7971948397     
   145.599995676148        13760.7819000088     
   145.699995670211        13760.7669900649     
   145.799995664274        13760.7524553303     
   145.899995658337        13760.7382863624     
   145.999995652401        13760.7244739685     
   146.099995646464        13760.7110091778     
   146.199995640527        13760.6978832460     
   146.299995634590        13760.6850876501     
   146.399995628653        13760.6726140810     
   146.499995622716        13760.6604544414     
   146.599995616780        13760.6486008312     
   146.699995610843        13760.6370455526     
   146.799995604906        13760.6257811001     
   146.899995598969        13760.6148001575     
   146.999995593032        13760.6040955924     
   147.099995587096        13760.5936604516     
   147.199995581159        13760.5834879551     
   147.299995575222        13760.5735714966     
   147.399995569285        13760.5639046347     
   147.499995563348        13760.5544810869     
   147.599995557411        13760.5452947331     
   147.699995551475        13760.5363396049     
   147.799995545538        13760.5276098854     
   147.899995539601        13760.5190998975     
   147.999995533664        13760.5108041112     
   148.099995527727        13760.5027171409     
   148.199995521791        13760.4948337375     
   148.299995515854        13760.4871487662     
   148.399995509917        13760.4796572339     
   148.499995503980        13760.4723542824     
   148.599995498043        13760.4652351621     
   148.699995492106        13760.4582952354     
   148.799995486170        13760.4515300090     
   148.899995480233        13760.4449350761     
   148.999995474296        13760.4385061476     
   149.099995468359        13760.4322390639     
   149.199995462422        13760.4261297257     
   149.299995456486        13760.4201741818     
   149.399995450549        13760.4143685532     
   149.499995444612        13760.4087090684     
   149.599995438675        13760.4031920472     
   149.699995432738        13760.3978139076     
   149.799995426802        13760.3925711511     
   149.899995420865        13760.3874603704     
   149.999995414928        13760.3824782427     
