   95.0999986742407        13760.1895873484     
   95.1999986683039        13760.1895873227     
   95.2999986623671        13760.1895872970     
   95.3999986564303        13760.1895872713     
   95.4999986504935        13760.1895872456     
   95.5999986445566        13760.1895872199     
   95.6999986386198        13760.1895871942     
   95.7999986326830        13760.1895871685     
   95.8999986267462        13760.1895871428     
   95.9999986208094        13760.1895871171     
   96.0999986148725        13760.1895870914     
   96.1999986089357        13760.1895870657     
   96.2999986029989        13760.1895870400     
   96.3999985970621        13760.1895870143     
   96.4999985911253        13760.1895869886     
   96.5999985851885        13760.1895869628     
   96.6999985792516        13760.1895869371     
   96.7999985733148        13760.1895869114     
   96.8999985673780        13760.1895868857     
   96.9999985614412        13760.1895868600     
   97.0999985555044        13760.1895868342     
   97.1999985495676        13760.1895868085     
   97.2999985436307        13760.1895867828     
   97.3999985376939        13760.1895867571     
   97.4999985317571        13760.1895867313     
   97.5999985258203        13760.1895867056     
   97.6999985198835        13760.1895866799     
   97.7999985139466        13760.1895866541     
   97.8999985080098        13760.1895866284     
   97.9999985020730        13760.1895866027     
   98.0999984961362        13760.1895865769     
   98.1999984901994        13760.1895865512     
   98.2999984842626        13760.1895865254     
   98.3999984783257        13760.1895864997     
   98.4999984723889        13760.1895864739     
   98.5999984664521        13760.1895864482     
   98.6999984605153        13760.1895864224     
   98.7999984545785        13760.1895863967     
   98.8999984486417        13760.1895863709     
   98.9999984427048        13760.1895863452     
   99.0999984367680        13760.1895863194     
   99.1999984308312        13760.1895862937     
   99.2999984248944        13760.1895862679     
   99.3999984189576        13760.1895862421     
   99.4999984130207        13760.1895862164     
   99.5999984070839        13760.1895861906     
   99.6999984011471        13760.1895861649     
   99.7999983952103        13760.1895861391     
   99.8999983892735        13760.1895861133     
   99.9999983833367        13760.1895860875     
   100.099998377400        13760.1967433124     
   100.199998371463        13760.2412334152     
   100.299998365526        13760.3494180900     
   100.399998359589        13760.5424597819     
   100.499998353653        13760.8415152921     
   100.599998347716        13761.2717095163     
   100.699998341779        13761.8657791219     
   100.799998335842        13762.6675656308     
   100.899998329905        13763.7344459079     
   100.999998323968        13765.1357843696     
   101.099998318032        13766.9418041932     
   101.199998312095        13769.1970470694     
   101.299998306158        13771.8812973480     
   101.399998300221        13774.8784531234     
   101.499998294284        13777.9808804924     
   101.599998288348        13780.9350235737     
   101.699998282411        13783.5033653343     
   101.799998276474        13785.5117199165     
   101.899998270537        13786.8682230225     
   101.999998264600        13787.5582859643     
   102.099998258663        13787.6265803365     
   102.199998252727        13787.1556300788     
   102.299998246790        13786.2466063319     
   102.399998240853        13785.0045925117     
   102.499998234916        13783.5286159947     
   102.599998228979        13781.9058238939     
   102.699998223043        13780.2088637368     
   102.799998217106        13778.4955089470     
   102.899998211169        13776.8096869135     
   102.999998205232        13775.1832464985     
   103.099998199295        13773.6379941902     
   103.199998193358        13772.1877003308     
   103.299998187422        13770.8399115026     
   103.399998181485        13769.5974984865     
   103.499998175548        13768.4599270864     
   103.599998169611        13767.4242707060     
   103.699998163674        13766.4859979927     
   103.799998157738        13765.6395727309     
   103.899998151801        13764.8789017396     
   103.999998145864        13764.1976623897     
   104.099998139927        13763.5895364406     
   104.199998133990        13763.0483720462     
   104.299998128054        13762.5682914232     
   104.399998122117        13762.1437579609     
   104.499998116180        13761.7696134909     
   104.599998110243        13761.4410939600     
   104.699998104306        13761.1538297922     
   104.799998098369        13760.9038356905     
   104.899998092433        13760.6874934220     
   104.999998086496        13760.5015302164     
   105.099998080559        13760.3429946939     
   105.199998074622        13760.2092317069     
   105.299998068685        13760.0978570677     
   105.399998062749        13760.0067328290     
   105.499998056812        13759.9339435612     
   105.599998050875        13759.8777738954     
   105.699998044938        13759.8366874887     
   105.799998039001        13759.8093074711     
   105.899998033064        13759.7943983654     
   105.999998027128        13759.7908494947     
   106.099998021191        13759.7976597198     
   106.199998015254        13759.8139235129     
   106.299998009317        13759.8388182393     
   106.399998003380        13759.8715925658     
   106.499997997444        13759.9115559085     
   106.599997991507        13759.9580688591     
   106.699997985570        13760.0105344880     
   106.799997979633        13760.0683905041     
   106.899997973696        13760.1311021985     
   106.999997967759        13760.1981561388     
   107.099997961823        13760.2690546012     
   107.199997955886        13760.3433107166     
   107.299997949949        13760.4204443290     
   107.399997944012        13760.4999785672     
   107.499997938075        13760.5814371407     
   107.599997932139        13760.6643423686     
   107.699997926202        13760.7482139545     
   107.799997920265        13760.8325685056     
   107.899997914328        13760.9169198312     
   107.999997908391        13761.0007799376     
   108.099997902454        13761.0836607904     
   108.199997896518        13761.1650767315     
   108.299997890581        13761.2445475287     
   108.399997884644        13761.3216019704     
   108.499997878707        13761.3957819119     
   108.599997872770        13761.4666466604     
   108.699997866834        13761.5337775674     
   108.799997860897        13761.5967826892     
   108.899997854960        13761.6553013691     
   108.999997849023        13761.7090085929     
   109.099997843086        13761.7576189670     
   109.199997837149        13761.8008901799     
   109.299997831213        13761.8386258947     
   109.399997825276        13761.8706778398     
   109.499997819339        13761.8969471811     
   109.599997813402        13761.9173850807     
   109.699997807465        13761.9319923421     
   109.799997801529        13761.9408182989     
   109.899997795592        13761.9439589140     
   109.999997789655        13761.9415541639     
   110.099997783718        13761.9337847572     
   110.199997777781        13761.9208684438     
   110.299997771844        13761.9030557734     
   110.399997765908        13761.8806256789     
   110.499997759971        13761.8538807878     
   110.599997754034        13761.8231427243     
   110.699997748097        13761.7887474278     
   110.799997742160        13761.7510405952     
   110.899997736224        13761.7103733312     
   110.999997730287        13761.6670980825     
   111.099997724350        13761.6215648932     
   111.199997718413        13761.5741180273     
   111.299997712476        13761.5250929772     
   111.399997706539        13761.4748138953     
   111.499997700603        13761.4235913561     
   111.599997694666        13761.3717206207     
   111.699997688729        13761.3194802059     
   111.799997682792        13761.2671308282     
   111.899997676855        13761.2149146660     
   111.999997670919        13761.1630549611     
   112.099997664982        13761.1117558661     
   112.199997659045        13761.0612024729     
   112.299997653108        13761.0115611631     
   112.399997647171        13760.9629800131     
   112.499997641234        13760.9155894034     
   112.599997635298        13760.8695027541     
   112.699997629361        13760.8248173168     
   112.799997623424        13760.7816150024     
   112.899997617487        13760.7399633414     
   112.999997611550        13760.6999164098     
   113.099997605614        13760.6615157737     
   113.199997599677        13760.6247914407     
   113.299997593740        13760.5897627924     
   113.399997587803        13760.5564394970     
   113.499997581866        13760.5248223930     
   113.599997575929        13760.4949043348     
   113.699997569993        13760.4666710095     
   113.799997564056        13760.4401016780     
   113.899997558119        13760.4151699127     
   113.999997552182        13760.3918442751     
   114.099997546245        13760.3700889418     
   114.199997540309        13760.3498642893     
   114.299997534372        13760.3311274350     
   114.399997528435        13760.3138327361     
   114.499997522498        13760.2979322489     
   114.599997516561        13760.2833761477     
   114.699997510624        13760.2701131025     
   114.799997504688        13760.2580906310     
   114.899997498751        13760.2472554414     
   114.999997492814        13760.2375536851     
   115.099997486877        13760.2289312228     
   115.199997480940        13760.2213338654     
   115.299997475004        13760.2147075802     
   115.399997469067        13760.2089986812     
   115.499997463130        13760.2041540006     
   115.599997457193        13760.2001210360     
   115.699997451256        13760.1968481097     
   115.799997445319        13760.1942844400     
   115.899997439383        13760.1923803191     
   115.999997433446        13760.1910871553     
   116.099997427509        13760.1903575586     
   116.199997421572        13760.1901454348     
   116.299997415635        13760.1904060397     
   116.399997409699        13760.1910960361     
   116.499997403762        13760.1921735392     
   116.599997397825        13760.1935981824     
   116.699997391888        13760.1953311338     
   116.799997385951        13760.1973351184     
   116.899997380014        13760.1995744461     
   116.999997374078        13760.2020150370     
   117.099997368141        13760.2046244213     
   117.199997362204        13760.2073717619     
   117.299997356267        13760.2102278473     
   117.399997350330        13760.2131650921     
   117.499997344394        13760.2161575378     
   117.599997338457        13760.2191808280     
   117.699997332520        13760.2222122463     
   117.799997326583        13760.2252305591     
   117.899997320646        13760.2282161860     
   117.999997314709        13760.2311510573     
   118.099997308773        13760.2340186067     
   118.199997302836        13760.2368037578     
   118.299997296899        13760.2394928630     
   118.399997290962        13760.2420736766     
   118.499997285025        13760.2445353318     
   118.599997279089        13760.2468682763     
   118.699997273152        13760.2490642364     
   118.799997267215        13760.2511161806     
   118.899997261278        13760.2530182519     
   118.999997255341        13760.2547657313     
   119.099997249404        13760.2563549800     
   119.199997243468        13760.2577833921     
   119.299997237531        13760.2590493328     
   119.399997231594        13760.2601520905     
   119.499997225657        13760.2610918107     
   119.599997219720        13760.2618694602     
   119.699997213784        13760.2624867485     
   119.799997207847        13760.2629460865     
   119.899997201910        13760.2632505274     
   119.999997195973        13760.2634037095     
   120.099997190036        13760.2634098051     
   120.199997184100        13760.2632734771     
   120.299997178163        13760.2629997983     
   120.399997172226        13760.2625942327     
   120.499997166289        13760.2620625572     
   120.599997160352        13760.2614108428     
   120.699997154415        13760.2606453917     
   120.799997148479        13760.2597726960     
   120.899997142542        13760.2587993972     
   120.999997136605        13760.2577322284     
   121.099997130668        13760.2565780344     
   121.199997124731        13760.2553436373     
   121.299997118795        13760.2540359141     
   121.399997112858        13760.2526616687     
   121.499997106921        13760.2512276423     
   121.599997100984        13760.2497405072     
   121.699997095047        13760.2482068457     
   121.799997089110        13760.2466330671     
   121.899997083174        13760.2450254256     
   121.999997077237        13760.2433899845     
   122.099997071300        13760.2417326026     
   122.199997065363        13760.2400590421     
   122.299997059426        13760.2383746402     
   122.399997053490        13760.2366847144     
   122.499997047553        13760.2349941029     
   122.599997041616        13760.2333078762     
   122.699997035679        13760.2316302323     
   122.799997029742        13760.2299654476     
   122.899997023805        13760.2283174825     
   122.999997017869        13760.2266900157     
   123.099997011932        13760.2250865125     
   123.199997005995        13760.2235100884     
   123.299997000058        13760.2219636813     
   123.399996994121        13760.2204499154     
   123.499996988185        13760.2189712061     
   123.599996982248        13760.2175296657     
   123.699996976311        13760.2161272308     
   123.799996970374        13760.2147655313     
   123.899996964437        13760.2134460293     
   123.999996958500        13760.2121699206     
   124.099996952564        13760.2109382200     
   124.199996946627        13760.2097517122     
   124.299996940690        13760.2086109681     
   124.399996934753        13760.2075164148     
   124.499996928816        13760.2064682363     
   124.599996922880        13760.2054665931     
   124.699996916943        13760.2045113025     
   124.799996911006        13760.2036021581     
   124.899996905069        13760.2027387642     
   124.999996899132        13760.2019205707     
   125.099996893195        13760.2011469606     
   125.199996887259        13760.2004171790     
   125.299996881322        13760.1997303804     
   125.399996875385        13760.1990855750     
   125.499996869448        13760.1984817494     
   125.599996863511        13760.1979178082     
   125.699996857575        13760.1973925774     
   125.799996851638        13760.1969048264     
   125.899996845701        13760.1964532462     
   125.999996839764        13760.1960365184     
   126.099996833827        13760.1956532634     
   126.199996827890        13760.1953021133     
   126.299996821954        13760.1949816831     
   126.399996816017        13760.1946905072     
   126.499996810080        13760.1944271672     
   126.599996804143        13760.1941902320     
   126.699996798206        13760.1939782567     
   126.799996792270        13760.1937897976     
   126.899996786333        13760.1936234655     
   126.999996780396        13760.1934778494     
   127.099996774459        13760.1933515759     
   127.199996768522        13760.1932432967     
   127.299996762585        13760.1931516742     
   127.399996756649        13760.1930754182     
   127.499996750712        13760.1930132436     
   127.599996744775        13760.1929640164     
   127.699996738838        13760.1929264855     
   127.799996732901        13760.1928995638     
   127.899996726965        13760.1928820730     
   127.999996721028        13760.1928729969     
   128.099996715091        13760.1928713161     
   128.199996709154        13760.1928760529     
   128.299996703217        13760.1928863332     
   128.399996697280        13760.1929012034     
   128.499996691344        13760.1929199766     
   128.599996685407        13760.1929417847     
   128.699996679470        13760.1929659833     
   128.799996673533        13760.1929915167     
   128.899996667596        13760.1930188016     
   128.999996661660        13760.1930460864     
   129.099996655723        13760.1930733713     
   129.199996649786        13760.1930995830     
   129.299996643849        13760.1931250488     
   129.399996637912        13760.1931487881     
   129.499996631975        13760.1931708645     
   129.599996626039        13760.1931905717     
   129.699996620102        13760.1932079094     
   129.799996614165        13760.1932225436     
   129.899996608228        13760.1932342814     
   129.999996602291        13760.1932427280     
   130.099996596355        13760.1932479468     
   130.199996590418        13760.1932497577     
   130.299996584481        13760.1932480960     
   130.399996578544        13760.1932428579     
   130.499996572607        13760.1932339921     
   130.599996566670        13760.1932214969     
   130.699996560734        13760.1932053602     
   130.799996554797        13760.1931856039     
   130.899996548860        13760.1931623188     
   130.999996542923        13760.1931355729     
   131.099996536986        13760.1931054506     
   131.199996531050        13760.1930718780     
   131.299996525113        13760.1930351033     
   131.399996519176        13760.1929953192     
   131.499996513239        13760.1929525399     
   131.599996507302        13760.1929068752     
   131.699996501365        13760.1928586013     
   131.799996495429        13760.1928078499     
   131.899996489492        13760.1927545828     
   131.999996483555        13760.1926992153     
   132.099996477618        13760.1926418682     
   132.199996471681        13760.1925826962     
   132.299996465745        13760.1925218844     
   132.399996459808        13760.1924597132     
   132.499996453871        13760.1923960486     
   132.599996447934        13760.1923311590     
   132.699996441997        13760.1922656753     
   132.799996436060        13760.1921989829     
   132.899996430124        13760.1921316803     
   132.999996424187        13760.1920643777     
   133.099996418250        13760.1919970750     
   133.199996412313        13760.1919297724     
   133.299996406376        13760.1918624132     
   133.399996400440        13760.1917951106     
   133.499996394503        13760.1917278080     
   133.599996388566        13760.1916605054     
   133.699996382629        13760.1915932028     
   133.799996376692        13760.1915271323     
   133.899996370756        13760.1914616487     
   133.999996364819        13760.1913968564     
   134.099996358882        13760.1913331918     
   134.199996352945        13760.1912705408     
   134.299996347008        13760.1912086952     
   134.399996341071        13760.1911486029     
   134.499996335135        13760.1910895038     
   134.599996329198        13760.1910315679     
   134.699996323261        13760.1909751792     
   134.799996317324        13760.1909203461     
   134.899996311387        13760.1908668855     
   134.999996305451        13760.1908148601     
   135.099996299514        13760.1907643131     
   135.199996293577        13760.1907152744     
   135.299996287640        13760.1906679807     
   135.399996281703        13760.1906222898     
   135.499996275766        13760.1905781388     
   135.599996269830        13760.1905355518     
   135.699996263893        13760.1904945220     
   135.799996257956        13760.1904550355     
   135.899996252019        13760.1904170709     
   135.999996246082        13760.1903806912     
   136.099996240146        13760.1903460387     
   136.199996234209        13760.1903128422     
   136.299996228272        13760.1902811465     
   136.399996222335        13760.1902508955     
   136.499996216398        13760.1902220125     
   136.599996210461        13760.1901947276     
   136.699996204525        13760.1901689453     
   136.799996198588        13760.1901443443     
   136.899996192651        13760.1901208084     
   136.999996186714        13760.1900989806     
   137.099996180777        13760.1900781902     
   137.199996174841        13760.1900581813     
   137.299996168904        13760.1900399712     
   137.399996162967        13760.1900223197     
   137.499996157030        13760.1900059488     
   137.599996151093        13760.1899904487     
   137.699996145156        13760.1899758968     
   137.799996139220        13760.1899624495     
   137.899996133283        13760.1899497166     
   137.999996127346        13760.1899378921     
   138.099996121409        13760.1899269782     
   138.199996115472        13760.1899161909     
   138.299996109536        13760.1899070960     
   138.399996103599        13760.1898980010     
   138.499996097662        13760.1898892021     
   138.599996091725        13760.1898819262     
   138.699996085788        13760.1898746502     
   138.799996079851        13760.1898673743     
   138.899996073915        13760.1898609165     
   138.999996067978        13760.1898554595     
   139.099996062041        13760.1898500025     
   139.199996056104        13760.1898445456     
   139.299996050167        13760.1898390886     
   139.399996044231        13760.1898351006     
   139.499996038294        13760.1898314626     
   139.599996032357        13760.1898278246     
   139.699996026420        13760.1898241866     
   139.799996020483        13760.1898205487     
   139.899996014546        13760.1898169107     
   139.999996008610        13760.1898132727     
   140.099996002673        13760.1898096347     
   140.199995996736        13760.1898059967     
   140.299995990799        13760.1898023588     
   140.399995984862        13760.1897991428     
   140.499995978926        13760.1897964557     
   140.599995972989        13760.1897937160     
   140.699995967052        13760.1897909479     
   140.799995961115        13760.1897881149     
   140.899995955178        13760.1897852463     
   140.999995949241        13760.1897823038     
   141.099995943305        13760.1897793264     
   141.199995937368        13760.1897762669     
   141.299995931431        13760.1897734171     
   141.399995925494        13760.1897706818     
   141.499995919557        13760.1897678738     
   141.599995913621        13760.1897650027     
   141.699995907684        13760.1897620900     
   141.799995901747        13760.1897591367     
   141.899995895810        13760.1897561443     
   141.999995889873        13760.1897530977     
   142.099995883936        13760.1897499819     
   142.199995878000        13760.1897468342     
   142.299995872063        13760.1897436574     
   142.399995866126        13760.1897404548     
   142.499995860189        13760.1897372301     
   142.599995854252        13760.1897339868     
   142.699995848316        13760.1897307289     
   142.799995842379        13760.1897274604     
   142.899995836442        13760.1897241854     
   142.999995830505        13760.1897209077     
   143.099995824568        13760.1897175938     
   143.199995818631        13760.1897142727     
   143.299995812695        13760.1897109618     
   143.399995806758        13760.1897076652     
   143.499995800821        13760.1897043871     
   143.599995794884        13760.1897011313     
   143.699995788947        13760.1896979019     
   143.799995783011        13760.1896947027     
   143.899995777074        13760.1896915372     
   143.999995771137        13760.1896884091     
   144.099995765200        13760.1896853217     
   144.199995759263        13760.1896822783     
   144.299995753326        13760.1896792819     
   144.399995747390        13760.1896763353     
   144.499995741453        13760.1896734413     
   144.599995735516        13760.1896706025     
   144.699995729579        13760.1896678210     
   144.799995723642        13760.1896650990     
   144.899995717706        13760.1896624144     
   144.999995711769        13760.1896597657     
   145.099995705832        13760.1896571817     
   145.199995699895        13760.1896546638     
   145.299995693958        13760.1896522132     
   145.399995688021        13760.1896498308     
   145.499995682085        13760.1896475175     
   145.599995676148        13760.1896452739     
   145.699995670211        13760.1896431004     
   145.799995664274        13760.1896409972     
   145.899995658337        13760.1896389645     
   145.999995652401        13760.1896369576     
   146.099995646464        13760.1896350142     
   146.199995640527        13760.1896331406     
   146.299995634590        13760.1896313188     
   146.399995628653        13760.1896294998     
   146.499995622716        13760.1896276808     
   146.599995616780        13760.1896258619     
   146.699995610843        13760.1896240429     
   146.799995604906        13760.1896222239     
   146.899995598969        13760.1896204049     
   146.999995593032        13760.1896185859     
   147.099995587096        13760.1896167669     
   147.199995581159        13760.1896149479     
   147.299995575222        13760.1896131289     
   147.399995569285        13760.1896113099     
   147.499995563348        13760.1896094910     
   147.599995557411        13760.1896076720     
   147.699995551475        13760.1896058530     
   147.799995545538        13760.1896040340     
   147.899995539601        13760.1896022150     
   147.999995533664        13760.1896003960     
   148.099995527727        13760.1895988723     
   148.199995521791        13760.1895980421     
   148.299995515854        13760.1895972534     
   148.399995509917        13760.1895965145     
   148.499995503980        13760.1895957791     
   148.599995498043        13760.1895950814     
   148.699995492106        13760.1895944196     
   148.799995486170        13760.1895937923     
   148.899995480233        13760.1895931977     
   148.999995474296        13760.1895926344     
   149.099995468359        13760.1895921007     
   149.199995462422        13760.1895915953     
   149.299995456486        13760.1895911167     
   149.399995450549        13760.1895906634     
   149.499995444612        13760.1895901919     
   149.599995438675        13760.1895897337     
   149.699995432738        13760.1895892968     
   149.799995426802        13760.1895888800     
   149.899995420865        13760.1895884820     
   149.999995414928        13760.1895881018     
